epoch,step,split,total_loss,pred_loss,inv_loss,gate_loss,swap_loss,swap_diff_loss,swap_same_loss,kl_loss,effective_lambda_kl,effective_lambda_envpred,effective_lambda_future_mi,effective_lambda_swap,effective_lambda_sep,effective_lambda_mask_sparse,ind_loss,sparse_loss,entropy_loss,residual_norm_loss,env_consistency_loss,persistence_mi_loss,envpred_loss,future_mi_loss,future_mi_type,env_fut_nll,env_fut_kl,pred_fut_logvar_mean,pred_fut_mu_norm,future_mi_valid,sep_loss,sep_mi_type,club_upper_bound,club_fit_nll,cross_cov_loss,hsic_loss,rank_loss,mask_sparse_loss,effective_lambda_persistence_mi,rho_mean,rho_std,rho_min,rho_max,rho_entropy,delta_gain_mean,delta_gain_std,delta_gain_pos_ratio,s_gain_mean,persist_score_mean,persist_score_std,s_persist_mean,s_gate_mean,persistence_valid,potential_gain_mean,swap_delta_mean,swap_weight_mean,env_mu_abs_mean,env_std_mean,r_env_abs_mean,y_inv_mae,y_potential_mae,y_hat_mae,sep_projection_ratio,sep_cos_z_env_before,sep_cos_z_env_after,sep_lowrank_energy_ratio,sep_residual_norm,sep_z_raw_norm,sep_z_inv_norm,sep_env_raw_norm,sep_env_norm,sep_proj_norm,sep_basis_rank,sep_svd_top_singular_mean,sep_lowrank_rank,sep_env_residual_norm,mask_mean,mask_std,mask_min,mask_max,mask_entropy,mask_active_ratio,env_plus_norm,env_minus_norm,env_hist_norm,env_fut_norm,env_fut_pred_norm,fusion_gamma_abs_mean,fusion_beta_abs_mean,timestamp_valid,cur_time_emb_norm,seq_time_emb_norm,future_time_emb_norm,backbone_aux_loss,cast_vq_loss,cast_commit_loss,cast_mi_loss,stone_graph_perturb_loss,stone_spatial_graph_entropy,stone_temporal_graph_entropy,val_mae,val_mse,val_rmse,val_mape,val_mae_h3,val_rmse_h3,val_mape_h3,val_mae_h6,val_rmse_h6,val_mape_h6,val_mae_h12,val_rmse_h12,val_mape_h12,val_mae_avg12,val_rmse_avg12,val_mape_avg12,lr
1,20,train,0.9299538135528564,0.7748835682868958,0.7753505110740662,0.0,0.0,0.0,0.0,0.00530851399526,1.9999999494757503e-05,0.0,0.0,0.0,0.0,0.0,0.0,0.0,0.0,0.0,0.0,0.0,0.0,0.0,1.0,0.5090884566307068,0.0,-0.0038257259875535965,0.4425692558288574,1.0,0.0,1.0,0.0,0.0,0.0003833766095340252,0.0,0.0,0.0,0.0,0.27443280816078186,0.020459797233343124,0.21645085513591766,0.329271137714386,0.5842722058296204,0.0,0.0,0.0,0.0,0.0,0.0,0.0,0.0,1.0,0.0,2.9977310987305827e-05,0.4592992961406708,0.07665767520666122,1.00132417678833,0.0,0.7753505110740662,0.7748835682868958,0.7748835682868958,0.09587355703115463,-0.010500765405595303,2.84966299689271e-12,0.0,0.0,3.0183358192443848,3.0183358192443848,1.691035270690918,1.691035270690918,0.28778037428855896,0.0,0.0,0.0,0.0,0.27443280816078186,0.03646085783839226,0.13478894531726837,0.4457707107067108,0.5842722058296204,0.0,1.7110191583633423,1.6892539262771606,1.691035270690918,1.6955459117889404,0.4425692558288574,0.023844825103878975,0.020426029339432716,1.0,3.558366060256958,3.5038068294525146,3.508788824081421,0.0,0.0,0.0,0.0,0.0,0.0,0.0,,,,,,,,,,,,,,,,,0.0005
1,40,train,0.4791067838668823,0.3987788259983063,0.40163853764533997,0.0,0.0,0.0,0.0,0.012576564215123653,1.9999999494757503e-05,0.0,0.0,0.0,0.0,0.0,0.0,0.0,0.0,0.0,0.0,0.0,0.0,0.0,1.0,0.5166657567024231,0.0,-0.008171631023287773,0.449895977973938,1.0,0.0,1.0,0.0,0.0,0.0013554331380873919,0.0,0.0,0.0,0.0,0.28264662623405457,0.02669002115726471,0.19785916805267334,0.36208921670913696,0.5885494947433472,0.0,0.0,0.0,0.0,0.0,0.0,0.0,0.0,1.0,0.0,0.002438839292153716,0.411590576171875,0.12448325008153915,1.0022538900375366,0.0,0.40163853764533997,0.3987788259983063,0.3987788259983063,0.08281470090150833,-0.024565694853663445,-1.4933869418864987e-10,0.0,0.0,4.100805759429932,4.100805759429932,1.8113435506820679,1.8113435506820679,0.32584547996520996,0.0,0.0,0.0,0.0,0.28264665603637695,0.05272449180483818,0.10179094225168228,0.5254618525505066,0.5885494947433472,0.00027573530678637326,1.8747975826263428,1.7988461256027222,1.8113435506820679,1.803457498550415,0.449895977973938,0.06245952099561691,0.06342696398496628,1.0,3.6570496559143066,3.7379720211029053,3.687636137008667,0.0,0.0,0.0,0.0,0.0,0.0,0.0,,,,,,,,,,,,,,,,,0.0005
1,60,train,0.31427186727523804,0.26147305965423584,0.2639930546283722,0.0,0.0,0.0,0.0,0.00991284940391779,1.9999999494757503e-05,0.0,0.0,0.0,0.0,0.0,0.0,0.0,0.0,0.0,0.0,0.0,0.0,0.0,1.0,0.5000447630882263,0.0,-0.002701164921745658,0.4313458204269409,1.0,0.0,1.0,0.0,0.0,0.001208616653457284,0.0,0.0,0.0,0.0,0.281427264213562,0.01492453832179308,0.23695632815361023,0.3404177129268646,0.590209424495697,0.0,0.0,0.0,0.0,0.0,0.0,0.0,0.0,1.0,0.0,-0.0005401065573096275,0.43207618594169617,0.10431990027427673,0.9879732728004456,0.0,0.2639930546283722,0.26147305965423584,0.26147305965423584,0.0924171432852745,-0.0021220585331320763,9.298362774190494e-11,0.0,0.0,4.219168186187744,4.219168186187744,1.7383458614349365,1.7383458614349365,0.3817332983016968,0.0,0.0,0.0,0.0,0.281427264213562,0.04063188284635544,0.13182269036769867,0.4726978838443756,0.590209424495697,0.0,1.77588951587677,1.7323379516601562,1.7383458614349365,1.7456457614898682,0.4313458204269409,0.06346161663532257,0.045603737235069275,1.0,3.3205018043518066,3.342141628265381,3.396507978439331,0.0,0.0,0.0,0.0,0.0,0.0,0.0,,,,,,,,,,,,,,,,,0.0005
1,80,train,0.23482847213745117,0.19554322957992554,0.19642552733421326,0.0,0.0,0.0,0.0,0.006936157122254372,1.9999999494757503e-05,0.0,0.0,0.0,0.0,0.0,0.0,0.0,0.0,0.0,0.0,0.0,0.0,0.0,1.0,0.4920403063297272,0.0,-0.004114796873182058,0.43566223978996277,1.0,0.0,1.0,0.0,0.0,0.004647473338991404,0.0,0.0,0.0,0.0,0.27576160430908203,0.014596247114241123,0.22972778975963593,0.3275918960571289,0.5856270790100098,0.0,0.0,0.0,0.0,0.0,0.0,0.0,0.0,1.0,0.0,0.0004999109078198671,0.4644189476966858,0.07899579405784607,0.9826393723487854,0.0,0.19642552733421326,0.19554322957992554,0.19554322957992554,0.070486880838871,-0.01197089347988367,1.0482029133562776e-10,0.0,0.0,4.671062469482422,4.671062469482422,1.677692174911499,1.677692174911499,0.3096534311771393,0.0,0.0,0.0,0.0,0.27576157450675964,0.036201100796461105,0.14127731323242188,0.45207393169403076,0.5856270790100098,0.0,1.7013261318206787,1.6756466627120972,1.677692174911499,1.6768815517425537,0.43566223978996277,0.056819915771484375,0.03244251012802124,1.0,3.4573612213134766,3.3450307846069336,3.3597066402435303,0.0,0.0,0.0,0.0,0.0,0.0,0.0,,,,,,,,,,,,,,,,,0.0005
1,100,train,0.26648232340812683,0.22198501229286194,0.22248561680316925,0.0,0.0,0.0,0.0,0.008528863079845905,1.9999999494757503e-05,0.0,0.0,0.0,0.0,0.0,0.0,0.0,0.0,0.0,0.0,0.0,0.0,0.0,1.0,0.4851120710372925,0.0,-0.0015270718140527606,0.43404898047447205,1.0,0.0,1.0,0.0,0.0,0.002256058854982257,0.0,0.0,0.0,0.0,0.27931734919548035,0.013173818588256836,0.2329273223876953,0.3270888030529022,0.5889526605606079,0.0,0.0,0.0,0.0,0.0,0.0,0.0,0.0,1.0,0.0,0.0005167833878658712,0.45219871401786804,0.0863257348537445,0.9746848344802856,0.0,0.22248561680316925,0.22198501229286194,0.22198501229286194,0.07385573536157608,-0.030238017439842224,1.449373399076137e-10,0.0,0.0,4.503433704376221,4.503433704376221,1.6756054162979126,1.6756054162979126,0.3097183406352997,0.0,0.0,0.0,0.0,0.27931734919548035,0.036754243075847626,0.13814693689346313,0.4583360254764557,0.5889526605606079,0.0,1.6992357969284058,1.6737613677978516,1.6756054162979126,1.674309253692627,0.43404898047447205,0.06453605741262436,0.03758518770337105,1.0,3.235630512237549,3.254476308822632,3.240269184112549,0.0,0.0,0.0,0.0,0.0,0.0,0.0,,,,,,,,,,,,,,,,,0.0005
1,120,train,0.2537480890750885,0.21131858229637146,0.21214669942855835,0.0,0.0,0.0,0.0,0.008721564896404743,1.9999999494757503e-05,0.0,0.0,0.0,0.0,0.0,0.0,0.0,0.0,0.0,0.0,0.0,0.0,0.0,1.0,0.47850823402404785,0.0,-0.004793567582964897,0.43807387351989746,1.0,0.0,1.0,0.0,0.0,0.0028306886088103056,0.0,0.0,0.0,0.0,0.2742542624473572,0.018932586535811424,0.22005562484264374,0.33385738730430603,0.5840259194374084,0.0,0.0,0.0,0.0,0.0,0.0,0.0,0.0,1.0,0.0,0.0006771123735234141,0.45977354049682617,0.08216270059347153,0.9679983258247375,0.0,0.21214669942855835,0.21131858229637146,0.21131858229637146,0.06187235936522484,-0.006304317619651556,-5.4630758250517886e-11,0.0,0.0,4.433996677398682,4.433996677398682,1.658672571182251,1.658672571182251,0.2545340359210968,0.0,0.0,0.0,0.0,0.2742542326450348,0.036898769438266754,0.13116827607154846,0.47775527834892273,0.5840259194374084,0.0,1.6802449226379395,1.6567580699920654,1.658672571182251,1.660866141319275,0.43807387351989746,0.06431340426206589,0.03651563078165054,1.0,3.4002273082733154,3.2903923988342285,3.3337326049804688,0.0,0.0,0.0,0.0,0.0,0.0,0.0,,,,,,,,,,,,,,,,,0.0005
1,140,train,0.25046658515930176,0.20850607752799988,0.20980137586593628,0.0,0.0,0.0,0.0,0.011441495269536972,1.9999999494757503e-05,0.0,0.0,0.0,0.0,0.0,0.0,0.0,0.0,0.0,0.0,0.0,0.0,0.0,1.0,0.46954888105392456,0.0,-0.003862765384837985,0.43316471576690674,1.0,0.0,1.0,0.0,0.0,0.005977240391075611,0.0,0.0,0.0,0.0,0.2737627625465393,0.015879765152931213,0.22890782356262207,0.3223716616630554,0.5836862921714783,0.0,0.0,0.0,0.0,0.0,0.0,0.0,0.0,1.0,0.0,0.0016694767400622368,0.4599429965019226,0.09109377861022949,0.9570519924163818,0.0,0.20980137586593628,0.20850607752799988,0.20850607752799988,0.06245311349630356,0.008163412101566792,1.232078050694696e-10,0.0,0.0,4.4150590896606445,4.4150590896606445,1.6598349809646606,1.6598349809646606,0.25388282537460327,0.0,0.0,0.0,0.0,0.2737627625465393,0.03613976761698723,0.13629555702209473,0.4647391140460968,0.5836862921714783,0.0,1.6824071407318115,1.6577485799789429,1.6598349809646606,1.6629574298858643,0.43316471576690674,0.06681729853153229,0.035153426229953766,1.0,3.3953795433044434,3.248028516769409,3.204740285873413,0.0,0.0,0.0,0.0,0.0,0.0,0.0,,,,,,,,,,,,,,,,,0.0005
1,160,train,0.24466075003147125,0.20380431413650513,0.20428042113780975,0.0,0.0,0.0,0.0,0.017070788890123367,1.9999999494757503e-05,0.0,0.0,0.0,0.0,0.0,0.0,0.0,0.0,0.0,0.0,0.0,0.0,0.0,1.0,0.4538654088973999,0.0,-0.0024165187496691942,0.433397501707077,1.0,0.0,1.0,0.0,0.0,0.009670523926615715,0.0,0.0,0.0,0.0,0.28054100275039673,0.01582975685596466,0.23052427172660828,0.34471529722213745,0.5900077223777771,0.0,0.0,0.0,0.0,0.0,0.0,0.0,0.0,1.0,0.0,0.0010927635012194514,0.4492110311985016,0.1033598855137825,0.9385607838630676,0.0,0.20428042113780975,0.20380431413650513,0.20380431413650513,0.05714409798383713,-0.012287705205380917,7.442963606552055e-11,0.0,0.0,4.4964599609375,4.4964599609375,1.6589093208312988,1.6589093208312988,0.23353047668933868,0.0,0.0,0.0,0.0,0.28054100275039673,0.03739892318844795,0.15854576230049133,0.4908332824707031,0.5900077223777771,0.0,1.68239426612854,1.6563506126403809,1.6589093208312988,1.6648606061935425,0.433397501707077,0.07103805989027023,0.03551992401480675,1.0,3.2628984451293945,3.2620482444763184,3.269317626953125,0.0,0.0,0.0,0.0,0.0,0.0,0.0,,,,,,,,,,,,,,,,,0.0005
1,180,train,0.2258593738079071,0.18769049644470215,0.19084200263023376,0.0,0.0,0.0,0.0,0.023983396589756012,1.9999999494757503e-05,0.0,0.0,0.0,0.0,0.0,0.0,0.0,0.0,0.0,0.0,0.0,0.0,0.0,1.0,0.4406706690788269,0.0,-0.0016631856560707092,0.4343479871749878,1.0,0.0,1.0,0.0,0.0,0.0154790123924613,0.0,0.0,0.0,0.0,0.2836904525756836,0.02008841745555401,0.2271973192691803,0.341977596282959,0.5920080542564392,0.0,0.0,0.0,0.0,0.0,0.0,0.0,0.0,1.0,0.0,0.0037167498376220465,0.4465591609477997,0.11829280853271484,0.9200029373168945,0.0,0.19084200263023376,0.18769049644470215,0.18769049644470215,0.06110414117574692,0.010042103938758373,-1.740974309161203e-10,0.0,0.0,4.1389994621276855,4.1389994621276855,1.6518195867538452,1.6518195867538452,0.23063965141773224,0.0,0.0,0.0,0.0,0.2836904525756836,0.042291060090065,0.12862546741962433,0.48364901542663574,0.5920080542564392,0.0,1.6803339719772339,1.6480283737182617,1.6518195867538452,1.6652956008911133,0.4343479871749878,0.07200224697589874,0.037766169756650925,1.0,3.1879537105560303,3.092289686203003,3.056302547454834,0.0,0.0,0.0,0.0,0.0,0.0,0.0,,,,,,,,,,,,,,,,,0.0005
1,200,train,0.24141889810562134,0.20085509121418,0.2028140127658844,0.0,0.0,0.0,0.0,0.04990667104721069,1.9999999494757503e-05,0.0,0.0,0.0,0.0,0.0,0.0,0.0,0.0,0.0,0.0,0.0,0.0,0.0,1.0,0.4083828330039978,0.0,-0.0035136931110173464,0.4337029755115509,1.0,0.0,1.0,0.0,0.0,0.022493839263916016,0.0,0.0,0.0,0.0,0.28136682510375977,0.018039844930171967,0.22346901893615723,0.34762924909591675,0.5896484851837158,0.0,0.0,0.0,0.0,0.0,0.0,0.0,0.0,1.0,0.0,0.004604076035320759,0.4317137897014618,0.157880961894989,0.87224942445755,0.0,0.2028140127658844,0.20085509121418,0.20085509121418,0.05405097454786301,-0.011938502080738544,2.14677581267253e-10,0.0,0.0,4.096153259277344,4.0961527824401855,1.6426180601119995,1.6426180601119995,0.2043810784816742,0.0,0.0,0.0,0.0,0.28136682510375977,0.04314734414219856,0.1265804022550583,0.513713002204895,0.5896484851837158,3.0637256713816896e-05,1.673221230506897,1.638147234916687,1.6426180601119995,1.6614080667495728,0.4337029755115509,0.071104496717453,0.03735359385609627,1.0,3.0858211517333984,3.158621311187744,3.2135791778564453,0.0,0.0,0.0,0.0,0.0,0.0,0.0,,,,,,,,,,,,,,,,,0.0005
1,220,train,0.21148067712783813,0.1746370643377304,0.18420785665512085,0.0,0.0,0.0,0.0,0.10243916511535645,1.9999999494757503e-05,0.0,0.0,0.0,0.0,0.0,0.0,0.0,0.0,0.0,0.0,0.0,0.0,0.0,1.0,0.3787000775337219,0.0,-0.002780674258247018,0.43614068627357483,1.0,0.0,1.0,0.0,0.0,0.03991242125630379,0.0,0.0,0.0,0.0,0.2880740761756897,0.026699207723140717,0.2065226286649704,0.36655890941619873,0.5915524363517761,0.0,0.0,0.0,0.0,0.0,0.0,0.0,0.0,1.0,0.0,0.018875058740377426,0.4239319860935211,0.22111962735652924,0.811140239238739,0.0,0.18420785665512085,0.1746370643377304,0.1746370643377304,0.05745053291320801,-0.001851351116783917,5.656896132077982e-11,0.0,0.0,4.227179050445557,4.227179050445557,1.673620581626892,1.673620581626892,0.22022965550422668,0.0,0.0,0.0,0.0,0.2880740463733673,0.06042514368891716,0.11171828955411911,0.617387592792511,0.5915524363517761,0.0016697305254638195,1.7254269123077393,1.6649105548858643,1.673620581626892,1.632962942123413,0.43614068627357483,0.07338044047355652,0.04404672980308533,1.0,3.277216911315918,3.1916141510009766,3.190930128097534,0.0,0.0,0.0,0.0,0.0,0.0,0.0,,,,,,,,,,,,,,,,,0.0005
1,240,train,0.21451091766357422,0.17700019478797913,0.18753620982170105,0.0,0.0,0.0,0.0,0.1743718832731247,1.9999999494757503e-05,0.0,0.0,0.0,0.0,0.0,0.0,0.0,0.0,0.0,0.0,0.0,0.0,0.0,1.0,0.3234284818172455,0.0,-0.003558045020326972,0.43643254041671753,1.0,0.0,1.0,0.0,0.0,0.04330188408493996,0.0,0.0,0.0,0.0,0.27991101145744324,0.031037701293826103,0.21232293546199799,0.382173627614975,0.581372082233429,0.0,0.0,0.0,0.0,0.0,0.0,0.0,0.0,1.0,0.0,0.017255056649446487,0.37222161889076233,0.23323474824428558,0.7193898558616638,0.0,0.18753620982170105,0.17700019478797913,0.17700019478797913,0.05517653375864029,0.013526828028261662,1.6215667697494496e-10,0.0,0.0,4.0180487632751465,4.0180487632751465,1.6044405698776245,1.6044405698776245,0.20517893135547638,0.0,0.0,0.0,0.0,0.27991101145744324,0.06834830343723297,0.10371853411197662,0.5643137097358704,0.581372082233429,0.0027113971300423145,1.660934329032898,1.5956733226776123,1.6044405698776245,1.6335725784301758,0.43643254041671753,0.06673327833414078,0.0365220345556736,1.0,3.313256025314331,3.1897482872009277,3.216315984725952,0.0,0.0,0.0,0.0,0.0,0.0,0.0,,,,,,,,,,,,,,,,,0.0005
1,260,train,0.21521280705928802,0.17685097455978394,0.19177651405334473,0.0,0.0,0.0,0.0,0.32601213455200195,1.9999999494757503e-05,0.0,0.0,0.0,0.0,0.0,0.0,0.0,0.0,0.0,0.0,0.0,0.0,0.0,1.0,0.28233277797698975,0.0,-0.004801693372428417,0.4350724518299103,1.0,0.0,1.0,0.0,0.0,0.048730116337537766,0.0,0.0,0.0,0.0,0.2887498140335083,0.03434811532497406,0.19496886432170868,0.37739866971969604,0.5844745635986328,0.0,0.0,0.0,0.0,0.0,0.0,0.0,0.0,1.0,0.0,0.027694495394825935,0.3506409227848053,0.29715895652770996,0.6071531176567078,0.0,0.19177651405334473,0.17685097455978394,0.17685097455978394,0.04712102562189102,0.013606433756649494,8.109866250771702e-11,0.0,0.0,4.191370487213135,4.191370487213135,1.6671879291534424,1.6671879291534424,0.17964820563793182,0.0,0.0,0.0,0.0,0.2887498140335083,0.08262435346841812,0.08504415303468704,0.7099925875663757,0.5844745635986328,0.01620710827410221,1.7562212944030762,1.6453502178192139,1.6671879291534424,1.644715666770935,0.4350724518299103,0.07406461238861084,0.04805532842874527,1.0,3.292142152786255,3.344062328338623,3.3295810222625732,0.0,0.0,0.0,0.0,0.0,0.0,0.0,,,,,,,,,,,,,,,,,0.0005
1,280,train,0.19712881743907928,0.162645623087883,0.17236967384815216,0.0,0.0,0.0,0.0,0.46277880668640137,1.9999999494757503e-05,0.0,0.0,0.0,0.0,0.0,0.0,0.0,0.0,0.0,0.0,0.0,0.0,0.0,1.0,0.2586844265460968,0.0,-0.0029773919377475977,0.4315805733203888,1.0,0.0,1.0,0.0,0.0,0.06270235031843185,0.0,0.0,0.0,0.0,0.27959856390953064,0.02786950208246708,0.21512901782989502,0.369135320186615,0.570330023765564,0.0,0.0,0.0,0.0,0.0,0.0,0.0,0.0,1.0,0.0,0.034103527665138245,0.3499709963798523,0.3328893780708313,0.528667151927948,0.0,0.17236967384815216,0.162645623087883,0.162645623087883,0.05076193809509277,0.022145913913846016,3.3986258252127755e-10,0.0,0.0,4.138462066650391,4.138462066650391,1.6629886627197266,1.6629886627197266,0.1919451206922531,0.0,0.0,0.0,0.0,0.27959856390953064,0.09548594057559967,0.08257715404033661,0.7223479747772217,0.570330023765564,0.02991728112101555,1.851671814918518,1.6173349618911743,1.6629886627197266,1.5739647150039673,0.4315805733203888,0.07945974171161652,0.056046340614557266,1.0,3.1602869033813477,3.111949920654297,3.0987095832824707,0.0,0.0,0.0,0.0,0.0,0.0,0.0,,,,,,,,,,,,,,,,,0.0005
1,300,train,0.22264528274536133,0.18359626829624176,0.19518432021141052,0.0,0.0,0.0,0.0,0.6075596809387207,1.9999999494757503e-05,0.0,0.0,0.0,0.0,0.0,0.0,0.0,0.0,0.0,0.0,0.0,0.0,0.0,1.0,0.24509981274604797,0.0,-0.004631762858480215,0.4354238510131836,1.0,0.0,1.0,0.0,0.0,0.06689892709255219,0.0,0.0,0.0,0.0,0.2731277346611023,0.02860439382493496,0.19776293635368347,0.35885462164878845,0.5653387904167175,0.0,0.0,0.0,0.0,0.0,0.0,0.0,0.0,1.0,0.0,0.024101369082927704,0.3011914789676666,0.34195804595947266,0.44836997985839844,0.0,0.19518432021141052,0.18359626829624176,0.18359626829624176,0.05460390821099281,0.020556073635816574,5.108959045749262e-13,0.0,0.0,3.9618172645568848,3.9618172645568848,1.5569002628326416,1.5569002628326416,0.19444814324378967,0.0,0.0,0.0,0.0,0.2731277346611023,0.09117460250854492,0.06679148972034454,0.7185013294219971,0.5653387904167175,0.017723653465509415,1.6987972259521484,1.5182923078536987,1.5569002628326416,1.664520263671875,0.4354238510131836,0.08377174288034439,0.04667086899280548,1.0,3.0614562034606934,3.1451127529144287,3.173039197921753,0.0,0.0,0.0,0.0,0.0,0.0,0.0,,,,,,,,,,,,,,,,,0.0005
1,320,train,0.2005951851606369,0.16533929109573364,0.17619258165359497,0.0,0.0,0.0,0.0,0.8689064383506775,1.9999999494757503e-05,0.0,0.0,0.0,0.0,0.0,0.0,0.0,0.0,0.0,0.0,0.0,0.0,0.0,1.0,0.20851238071918488,0.0,-0.003808250417932868,0.4327990710735321,1.0,0.0,1.0,0.0,0.0,0.1000240221619606,0.0,0.0,0.0,0.0,0.2953048050403595,0.04655560478568077,0.21286049485206604,0.4540663957595825,0.5736849308013916,0.0,0.0,0.0,0.0,0.0,0.0,0.0,0.0,1.0,0.0,0.036816731095314026,0.27522367238998413,0.3696887195110321,0.35476070642471313,0.0,0.17619258165359497,0.16533929109573364,0.16533929109573364,0.044876642525196075,-0.000278262363281101,-9.93429227769127e-11,0.0,0.0,4.122176170349121,4.122176170349121,1.5988383293151855,1.5988383293151855,0.17071093618869781,0.0,0.0,0.0,0.0,0.2953048050403595,0.11746567487716675,0.05658441036939621,0.8044717311859131,0.5736849308013916,0.05732230842113495,1.877125859260559,1.5117640495300293,1.5988383293151855,1.6729682683944702,0.4327990710735321,0.10398891568183899,0.059846967458724976,1.0,3.1711158752441406,3.189518690109253,3.2514233589172363,0.0,0.0,0.0,0.0,0.0,0.0,0.0,,,,,,,,,,,,,,,,,0.0005
1,334,train_epoch,0.3183637100779368,0.2644428456436374,0.26958611223868983,0.0,0.0,0.0,0.0,0.18194306805077382,1.9999999494757503e-05,0.0,0.0,0.0,0.0,0.0,0.0,0.0,0.0,0.0,0.0,0.0,0.0,0.0,1.0,0.40225859602054437,0.0,-0.003931083581215161,0.43585874033188393,1.0,0.0,1.0,0.0,0.0,0.030417206493003467,0.0,0.0,0.0,0.0,0.2800085882762235,0.022902703475943226,0.21619349950088,0.3510524421751856,0.582791656255722,0.0,0.0,0.0,0.0,0.0,0.0,0.0,0.0,1.0,0.0,0.011415508741089877,0.4108754404915307,0.17737794825862982,0.812479312459152,0.0,0.26958611223868983,0.2644428456436374,0.2644428456436374,0.061981597859523965,-0.0028142247059815394,1.778982448539014e-11,0.0,0.0,4.140997019356596,4.14099701792894,1.667115912822906,1.667115912822906,0.2367640147041418,0.0,0.0,0.0,0.0,0.28000858042411464,0.05750810143030332,0.115347088387091,0.5680889986946197,0.582791656255722,0.0097059563739933,1.7411408053186839,1.6498620667143495,1.667115912822906,1.672208977316668,0.43585874033188393,0.06716205600877767,0.041031285808812046,1.0,3.280500500501987,3.2802248971904824,3.2782868867862724,0.0,0.0,0.0,0.0,0.0,0.0,0.0,,,,,,,,,,,,,,,,,0.0005
1,334,val,,,,,,,,,,,,,,,,,,,,,,,,,,,,,,,,,,,,,,,,,,,,,,,,,,,,,,,,,,,,,,,,,,,,,,,,,,,,,,,,,,,,,,,,,,,,,,,,,,,21.494164870665955,1137.477579477671,33.72651152250513,15.315018619502986,18.06537657385474,28.015836942745665,12.632004072000315,20.619185267268,32.379518061163644,13.87732372198019,27.669118133751123,42.581650025971456,19.304129823908074,21.494164870665955,33.72651152250513,15.315018619502986,0.0005
1,334,test,,,,,,,,,,,,,,,,,,,,,,,,,,,,,,,,,,,,,,,,,,,,,,,,,,,,,,,,,,,,,,,,,,,,,,,,,,,,,,,,,,,,,,,,,,,,,,,,,,,20.677826408867364,1031.5593018402924,32.11789690873754,14.54027288883656,17.409239081649094,26.668607044076627,11.935928894592836,19.826912355852556,30.785167433472793,13.217917511055061,26.472976830628543,40.485051777646014,18.286393930246163,20.677826408867364,32.11789690873754,14.54027288883656,0.0005
2,340,train,0.21170279383659363,0.17077399790287018,0.19187615811824799,0.0,0.007985464297235012,0.007985464297235012,0.0,1.1544475555419922,3.9999998989515007e-05,0.006000000052154064,0.006000000052154064,0.006000000052154064,0.00019999999494757503,0.00019999999494757503,0.12854933738708496,0.013595223426818848,0.0,0.0,0.0,0.0,0.20258828997612,0.20258828997612,1.0,0.20258828997612,0.0,-0.01749890111386776,0.42974862456321716,1.0,0.12854933738708496,1.0,0.0,0.0,0.12854933738708496,0.0,0.0,0.013595223426818848,0.0,0.2864047884941101,0.05661749839782715,0.15351134538650513,0.4279501438140869,0.5569831132888794,0.0,0.0,0.0,0.0,0.0,0.0,0.0,0.0,1.0,0.0,0.05670507252216339,0.26220038533210754,0.42049044370651245,0.28219515085220337,0.0,0.19187615811824799,0.17077399790287018,0.17077399790287018,0.04402872920036316,0.010918841697275639,-1.5603687786303055e-10,0.0,0.0,4.1887407302856445,4.1887407302856445,1.7690397500991821,1.7690397500991821,0.1657286286354065,0.0,0.0,0.0,0.0,0.2864047884941101,0.1302509754896164,0.036702997982501984,0.8512461185455322,0.5569831132888794,0.06519608199596405,2.1538524627685547,1.6545209884643555,1.7690397500991821,1.799217700958252,0.42974862456321716,0.1157936155796051,0.0636783018708229,1.0,3.2012252807617188,3.1568267345428467,3.105703115463257,0.0,0.0,0.0,0.0,0.0,0.0,0.0,,,,,,,,,,,,,,,,,0.0005
2,360,train,0.19794324040412903,0.1616555005311966,0.1721842885017395,0.0,0.007581927813589573,0.007581927813589573,0.0,1.2699779272079468,3.9999998989515007e-05,0.006000000052154064,0.006000000052154064,0.006000000052154064,0.00019999999494757503,0.00019999999494757503,0.18261128664016724,0.007350414991378784,0.0,0.0,0.0,0.0,0.14304980635643005,0.14304980635643005,1.0,0.14304980635643005,0.0,-0.10710222274065018,0.5960690379142761,1.0,0.18261128664016724,1.0,0.0,0.0,0.18261128664016724,0.0,0.0,0.007350414991378784,0.0,0.29264959692955017,0.05738525465130806,0.15736573934555054,0.4437767267227173,0.5569241642951965,0.0,0.0,0.0,0.0,0.0,0.0,0.0,0.0,1.0,0.0,0.05597316473722458,0.24423716962337494,0.4265511631965637,0.25930339097976685,0.0,0.1721842885017395,0.1616555005311966,0.1616555005311966,0.038762666285037994,-0.0016093901358544827,-1.447500192625073e-11,0.0,0.0,4.140707015991211,4.140707015991211,1.7055797576904297,1.7055797576904297,0.14940376579761505,0.0,0.0,0.0,0.0,0.29264959692955017,0.13951468467712402,0.024882039055228233,0.8586143255233765,0.5569241642951965,0.07555147260427475,2.129060983657837,1.592375636100769,1.7055797576904297,1.7303639650344849,0.5960690379142761,0.14567580819129944,0.07769735157489777,1.0,3.163020133972168,3.123081922531128,3.103178024291992,0.0,0.0,0.0,0.0,0.0,0.0,0.0,,,,,,,,,,,,,,,,,0.0005
2,380,train,0.19370874762535095,0.15951091051101685,0.1694769710302353,0.0,0.006791765335947275,0.006791765335947275,0.0,1.2808009386062622,3.9999998989515007e-05,0.006000000052154064,0.006000000052154064,0.006000000052154064,0.00019999999494757503,0.00019999999494757503,0.08731207251548767,0.02568170428276062,0.0,0.0,0.0,0.0,0.015653586015105247,0.015653586015105247,1.0,0.015653586015105247,0.0,-0.3628598749637604,1.278336524963379,1.0,0.08731207251548767,1.0,0.0,0.0,0.08731207251548767,0.0,0.0,0.02568170428276062,0.0,0.27431830763816833,0.05668742582201958,0.15307193994522095,0.4561443030834198,0.5453395843505859,0.0,0.0,0.0,0.0,0.0,0.0,0.0,0.0,1.0,0.0,0.033979639410972595,0.21927432715892792,0.38016462326049805,0.23660847544670105,0.0,0.1694769710302353,0.15951091051101685,0.15951091051101685,0.05256619304418564,0.003096946980804205,1.5832803124116168e-10,0.0,0.0,4.228984832763672,4.228984832763672,1.6211706399917603,1.6211706399917603,0.19968529045581818,0.0,0.0,0.0,0.0,0.27431830763816833,0.12986744940280914,0.023033149540424347,0.828453540802002,0.5453395843505859,0.06608456373214722,1.9577113389968872,1.5334131717681885,1.6211706399917603,1.653428077697754,1.278336524963379,0.12811656296253204,0.06479587405920029,1.0,3.124068260192871,3.0534987449645996,3.045987606048584,0.0,0.0,0.0,0.0,0.0,0.0,0.0,,,,,,,,,,,,,,,,,0.0005
2,400,train,0.19366517663002014,0.15961293876171112,0.18205209076404572,0.0,0.006551418919116259,0.006551418919116259,0.0,1.395071029663086,3.9999998989515007e-05,0.006000000052154064,0.006000000052154064,0.006000000052154064,0.00019999999494757503,0.00019999999494757503,0.0952099859714508,0.05039761960506439,0.0,0.0,0.0,0.0,-0.20686745643615723,-0.20686745643615723,1.0,-0.20686745643615723,0.0,-0.9399159550666809,1.8433171510696411,1.0,0.0952099859714508,1.0,0.0,0.0,0.0952099859714508,0.0,0.0,0.05039761960506439,0.0,0.24960239231586456,0.07377109676599503,0.09315836429595947,0.43708348274230957,0.5141171813011169,0.0,0.0,0.0,0.0,0.0,0.0,0.0,0.0,1.0,0.0,0.0449661910533905,0.24120892584323883,0.392053484916687,0.22610174119472504,0.0,0.18205209076404572,0.15961293876171112,0.15961293876171112,0.04229743778705597,-0.010202018544077873,2.194726518578438e-11,0.0,0.0,3.983952522277832,3.983952522277832,1.6748919486999512,1.6748919486999512,0.15840187668800354,0.0,0.0,0.0,0.0,0.24960239231586456,0.1343686431646347,0.020228907465934753,0.8886725902557373,0.5141171813011169,0.05128676816821098,2.0251924991607666,1.5884658098220825,1.6748919486999512,1.8164138793945312,1.8433171510696411,0.13196322321891785,0.06608954071998596,1.0,2.8933897018432617,3.0314078330993652,3.0477499961853027,0.0,0.0,0.0,0.0,0.0,0.0,0.0,,,,,,,,,,,,,,,,,0.0005
2,420,train,0.17954066395759583,0.15004712343215942,0.17473015189170837,0.0,0.006322073750197887,0.006322073750197887,0.0,1.560055136680603,3.9999998989515007e-05,0.006000000052154064,0.006000000052154064,0.006000000052154064,0.00019999999494757503,0.00019999999494757503,0.13293759524822235,0.008380979299545288,0.0,0.0,0.0,0.0,-0.4650910794734955,-0.4650910794734955,1.0,-0.4650910794734955,0.0,-1.7834141254425049,2.4574851989746094,1.0,0.13293759524822235,1.0,0.0,0.0,0.13293759524822235,0.0,0.0,0.008380979299545288,0.0,0.29161903262138367,0.0778762549161911,0.14520147442817688,0.47566622495651245,0.550525963306427,0.0,0.0,0.0,0.0,0.0,0.0,0.0,0.0,1.0,0.0,0.05993471294641495,0.22703444957733154,0.4188096821308136,0.20328298211097717,0.0,0.17473015189170837,0.15004712343215942,0.15004712343215942,0.05205026641488075,0.016659677028656006,-3.2084385148678507e-10,0.0,0.0,4.064140796661377,4.064140796661377,1.8250586986541748,1.8250586986541748,0.19111791253089905,0.0,0.0,0.0,0.0,0.29161903262138367,0.14663846790790558,0.026973215863108635,0.8545449376106262,0.550525963306427,0.09592524915933609,2.2209150791168213,1.6954642534255981,1.8250586986541748,1.7925655841827393,2.4574851989746094,0.14384812116622925,0.0716291218996048,1.0,3.290984630584717,3.202247381210327,3.1414990425109863,0.0,0.0,0.0,0.0,0.0,0.0,0.0,,,,,,,,,,,,,,,,,0.0005
2,440,train,0.16864416003227234,0.14366832375526428,0.1606665551662445,0.0,0.006585816852748394,0.006585816852748394,0.0,1.5667603015899658,3.9999998989515007e-05,0.006000000052154064,0.006000000052154064,0.006000000052154064,0.00019999999494757503,0.00019999999494757503,0.1491338461637497,0.008460313081741333,0.0,0.0,0.0,0.0,-0.6075994968414307,-0.6075994968414307,1.0,-0.6075994968414307,0.0,-1.9695488214492798,2.777505874633789,1.0,0.1491338461637497,1.0,0.0,0.0,0.1491338461637497,0.0,0.0,0.008460313081741333,0.0,0.2915396988391876,0.07443315535783768,0.14740145206451416,0.5057510137557983,0.5540847182273865,0.0,0.0,0.0,0.0,0.0,0.0,0.0,0.0,1.0,0.0,0.05983917415142059,0.22517184913158417,0.41723090410232544,0.204337939620018,0.0,0.1606665551662445,0.14366832375526428,0.14366832375526428,0.052622728049755096,0.01440720446407795,-1.2842404917279282e-10,0.0,0.0,4.175205230712891,4.175205230712891,1.8000874519348145,1.8000874519348145,0.20195165276527405,0.0,0.0,0.0,0.0,0.2915396988391876,0.14090630412101746,0.015338377095758915,0.8345244526863098,0.5540847182273865,0.08206189423799515,2.1927714347839355,1.6708887815475464,1.8000874519348145,1.8625686168670654,2.777505874633789,0.15434463322162628,0.07794708758592606,1.0,3.044151544570923,3.1908774375915527,3.2082135677337646,0.0,0.0,0.0,0.0,0.0,0.0,0.0,,,,,,,,,,,,,,,,,0.0005
2,460,train,0.1881997138261795,0.15890787541866302,0.18935935199260712,0.0,0.00601398479193449,0.00601398479193449,0.0,1.6404285430908203,3.9999998989515007e-05,0.006000000052154064,0.006000000052154064,0.006000000052154064,0.00019999999494757503,0.00019999999494757503,0.1017121970653534,0.03652828931808472,0.0,0.0,0.0,0.0,-0.7257815599441528,-0.7257815599441528,1.0,-0.7257815599441528,0.0,-2.2524619102478027,2.754265069961548,1.0,0.1017121970653534,1.0,0.0,0.0,0.1017121970653534,0.0,0.0,0.03652828931808472,0.0,0.26347172260284424,0.08027074486017227,0.10670982301235199,0.4589248299598694,0.5237723588943481,0.0,0.0,0.0,0.0,0.0,0.0,0.0,0.0,1.0,0.0,0.05642004683613777,0.20553338527679443,0.39300721883773804,0.17927135527133942,0.0,0.18935935199260712,0.15890787541866302,0.15890787541866302,0.05840688571333885,-0.005712237674742937,1.5940086750543259e-10,0.0,0.0,3.9151101112365723,3.915109872817993,1.7253177165985107,1.7253177165985107,0.21039843559265137,0.0,0.0,0.0,0.0,0.26347172260284424,0.14218775928020477,0.01772615872323513,0.8773009777069092,0.5237723588943481,0.0664675310254097,2.1048974990844727,1.6297550201416016,1.7253177165985107,1.7863587141036987,2.754265069961548,0.1440100520849228,0.06923709064722061,1.0,2.9106316566467285,2.930119276046753,2.9443750381469727,0.0,0.0,0.0,0.0,0.0,0.0,0.0,,,,,,,,,,,,,,,,,0.0005
2,480,train,0.1664191037416458,0.1436184048652649,0.16174812614917755,0.0,0.00590909318998456,0.00590909318998456,0.0,1.8275034427642822,3.9999998989515007e-05,0.006000000052154064,0.006000000052154064,0.006000000052154064,0.00019999999494757503,0.00019999999494757503,0.2270399034023285,0.023526281118392944,0.0,0.0,0.0,0.0,-0.8089672923088074,-0.8089672923088074,1.0,-0.8089672923088074,0.0,-2.394009828567505,2.6885197162628174,1.0,0.2270399034023285,1.0,0.0,0.0,0.2270399034023285,0.0,0.0,0.023526281118392944,0.0,0.276473730802536,0.08461666107177734,0.11916050314903259,0.4963979721069336,0.5314246416091919,0.0,0.0,0.0,0.0,0.0,0.0,0.0,0.0,1.0,0.0,0.06745658814907074,0.20829562842845917,0.41908273100852966,0.15684494376182556,0.0,0.16174812614917755,0.1436184048652649,0.1436184048652649,0.050122104585170746,0.0022893191780894995,4.405982523270069e-11,0.0,0.0,4.283104419708252,4.283104419708252,1.85435152053833,1.85435152053833,0.19177508354187012,0.0,0.0,0.0,0.0,0.276473730802536,0.15019844472408295,0.019271228462457657,0.8096755743026733,0.5314246416091919,0.09330576658248901,2.1823103427886963,1.7546724081039429,1.85435152053833,1.8288261890411377,2.6885197162628174,0.15140560269355774,0.07270949333906174,1.0,3.154165267944336,3.099046230316162,3.1086184978485107,0.0,0.0,0.0,0.0,0.0,0.0,0.0,,,,,,,,,,,,,,,,,0.0005
2,500,train,0.1696425825357437,0.1457900106906891,0.16700196266174316,0.0,0.006861316505819559,0.006861316505819559,0.0,1.890745997428894,3.9999998989515007e-05,0.006000000052154064,0.006000000052154064,0.006000000052154064,0.00019999999494757503,0.00019999999494757503,0.16163037717342377,0.01891961693763733,0.0,0.0,0.0,0.0,-0.8083925247192383,-0.8083925247192383,1.0,-0.8083925247192383,0.0,-2.5028929710388184,2.5290935039520264,1.0,0.16163037717342377,1.0,0.0,0.0,0.16163037717342377,0.0,0.0,0.01891961693763733,0.0,0.281080424785614,0.07773797959089279,0.14755073189735413,0.45349010825157166,0.5342286825180054,0.0,0.0,0.0,0.0,0.0,0.0,0.0,0.0,1.0,0.0,0.0632590651512146,0.2265436053276062,0.42546287178993225,0.1604187935590744,0.0,0.16700196266174316,0.1457900106906891,0.1457900106906891,0.05778835713863373,0.017100080847740173,-6.631817317526156e-11,0.0,0.0,4.2391743659973145,4.2391743659973145,1.8572758436203003,1.8572758436203003,0.2239709347486496,0.0,0.0,0.0,0.0,0.2810803949832916,0.15388913452625275,0.01249716430902481,0.8559986352920532,0.5342286825180054,0.09286152571439743,2.3557424545288086,1.7211341857910156,1.8572758436203003,1.784524917602539,2.5290935039520264,0.16461516916751862,0.08416430652141571,1.0,2.9745168685913086,3.0558390617370605,3.037954330444336,0.0,0.0,0.0,0.0,0.0,0.0,0.0,,,,,,,,,,,,,,,,,0.0005
2,520,train,0.18101660907268524,0.15595227479934692,0.17410853505134583,0.0,0.006864695809781551,0.006864695809781551,0.0,1.7637406587600708,3.9999998989515007e-05,0.006000000052154064,0.006000000052154064,0.006000000052154064,0.00019999999494757503,0.00019999999494757503,0.12447071075439453,0.020152777433395386,0.0,0.0,0.0,0.0,-0.8248355388641357,-0.8248355388641357,1.0,-0.8248355388641357,0.0,-2.530839443206787,2.4914069175720215,1.0,0.12447071075439453,1.0,0.0,0.0,0.12447071075439453,0.0,0.0,0.020152777433395386,0.0,0.27984726428985596,0.09473113715648651,0.12277182191610336,0.5159393548965454,0.5302965641021729,0.0,0.0,0.0,0.0,0.0,0.0,0.0,0.0,1.0,0.0,0.05309464782476425,0.22018037736415863,0.3879907429218292,0.18052054941654205,0.0,0.17410853505134583,0.15595227479934692,0.15595227479934692,0.059709690511226654,0.015361976809799671,-4.555067156797321e-10,0.0,0.0,4.208164215087891,4.208164215087891,1.646196961402893,1.646196961402893,0.23025059700012207,0.0,0.0,0.0,0.0,0.27984723448753357,0.1563667356967926,0.01858629658818245,0.9024081826210022,0.5302965641021729,0.09255515038967133,2.0298826694488525,1.5483664274215698,1.646196961402893,1.6967222690582275,2.4914069175720215,0.1371670514345169,0.06295426934957504,1.0,2.98610782623291,3.1005067825317383,3.111393690109253,0.0,0.0,0.0,0.0,0.0,0.0,0.0,,,,,,,,,,,,,,,,,0.0005
2,540,train,0.15632155537605286,0.13509880006313324,0.15493158996105194,0.0,0.005379833746701479,0.005379833746701479,0.0,1.9097181558609009,3.9999998989515007e-05,0.006000000052154064,0.006000000052154064,0.006000000052154064,0.00019999999494757503,0.00019999999494757503,0.1434510052204132,0.02289608120918274,0.0,0.0,0.0,0.0,-0.8254575729370117,-0.8254575729370117,1.0,-0.8254575729370117,0.0,-2.6238086223602295,2.575146198272705,1.0,0.1434510052204132,1.0,0.0,0.0,0.1434510052204132,0.0,0.0,0.02289608120918274,0.0,0.27710390090942383,0.07705297321081161,0.13051658868789673,0.5877271890640259,0.5332445502281189,0.0,0.0,0.0,0.0,0.0,0.0,0.0,0.0,1.0,0.0,0.06975442916154861,0.20899631083011627,0.4007655084133148,0.17080247402191162,0.0,0.15493158996105194,0.13509880006313324,0.13509880006313324,0.07439575344324112,-0.0017137516988441348,7.1096156739614e-11,0.0,0.0,3.9657485485076904,3.9657485485076904,1.8768030405044556,1.8768030405044556,0.2732478678226471,0.0,0.0,0.0,0.0,0.2771039307117462,0.14916890859603882,0.01711880788207054,0.8993930220603943,0.5332445502281189,0.0767616480588913,2.2413856983184814,1.7603925466537476,1.8768030405044556,1.877076268196106,2.575146198272705,0.1691143959760666,0.08155536651611328,1.0,3.008283853530884,3.044795036315918,3.0624539852142334,0.0,0.0,0.0,0.0,0.0,0.0,0.0,,,,,,,,,,,,,,,,,0.0005
2,560,train,0.18340153992176056,0.15670429170131683,0.1845315396785736,0.0,0.006286002695560455,0.006286002695560455,0.0,2.0494203567504883,3.9999998989515007e-05,0.006000000052154064,0.006000000052154064,0.006000000052154064,0.00019999999494757503,0.00019999999494757503,0.11027166247367859,0.04967421293258667,0.0,0.0,0.0,0.0,-0.8633955717086792,-0.8633955717086792,1.0,-0.8633955717086792,0.0,-2.5860443115234375,2.5512585639953613,1.0,0.11027166247367859,1.0,0.0,0.0,0.11027166247367859,0.0,0.0,0.04967421293258667,0.0,0.2503257989883423,0.08294341713190079,0.11452580988407135,0.5308243036270142,0.5080516934394836,0.0,0.0,0.0,0.0,0.0,0.0,0.0,0.0,1.0,0.0,0.0713997483253479,0.23562128841876984,0.4021308124065399,0.14890772104263306,0.0,0.1845315396785736,0.15670429170131683,0.15670429170131683,0.09716202318668365,-0.009335365146398544,-1.2775143443111148e-10,0.0,0.0,3.7880616188049316,3.7880616188049316,1.86643648147583,1.86643648147583,0.3449196517467499,0.0,0.0,0.0,0.0,0.2503257989883423,0.14249970018863678,0.01849590428173542,0.8631536364555359,0.5080516934394836,0.06194853410124779,2.1925911903381348,1.7730289697647095,1.86643648147583,1.9045881032943726,2.5512585639953613,0.16416598856449127,0.07260102033615112,1.0,2.8552916049957275,2.9321393966674805,2.9057929515838623,0.0,0.0,0.0,0.0,0.0,0.0,0.0,,,,,,,,,,,,,,,,,0.0005
2,580,train,0.1811893880367279,0.1564239114522934,0.17864254117012024,0.0,0.005289271008223295,0.005289271008223295,0.0,2.1654281616210938,3.9999998989515007e-05,0.006000000052154064,0.006000000052154064,0.006000000052154064,0.00019999999494757503,0.00019999999494757503,0.16348649561405182,0.061407670378685,0.0,0.0,0.0,0.0,-0.9271976947784424,-0.9271976947784424,1.0,-0.9271976947784424,0.0,-2.7111613750457764,2.5569982528686523,1.0,0.16348649561405182,1.0,0.0,0.0,0.16348649561405182,0.0,0.0,0.061407670378685,0.0,0.23859234154224396,0.06239819526672363,0.09487690031528473,0.4236217737197876,0.4994508922100067,0.0,0.0,0.0,0.0,0.0,0.0,0.0,0.0,1.0,0.0,0.05936964601278305,0.2114620953798294,0.37716570496559143,0.135712668299675,0.0,0.17864254117012024,0.1564239114522934,0.1564239114522934,0.08006339520215988,0.03436875343322754,2.5938362568922457e-10,0.0,0.0,4.0058979988098145,4.0058979988098145,1.8033666610717773,1.8033666610717773,0.29568612575531006,0.0,0.0,0.0,0.0,0.23859234154224396,0.13472260534763336,0.013877319172024727,0.8429045677185059,0.4994508922100067,0.04704350605607033,2.1756973266601562,1.7257252931594849,1.8033666610717773,1.8371145725250244,2.5569982528686523,0.15659421682357788,0.06536571681499481,1.0,2.889442205429077,2.9262232780456543,2.983994245529175,0.0,0.0,0.0,0.0,0.0,0.0,0.0,,,,,,,,,,,,,,,,,0.0005
2,600,train,0.1741958111524582,0.15161608159542084,0.16846804320812225,0.0,0.006371940951794386,0.006371940951794386,0.0,2.3478329181671143,3.9999998989515007e-05,0.006000000052154064,0.006000000052154064,0.006000000052154064,0.00019999999494757503,0.00019999999494757503,0.18799422681331635,0.022866040468215942,0.0,0.0,0.0,0.0,-0.9406839609146118,-0.9406839609146118,1.0,-0.9406839609146118,0.0,-2.7556660175323486,2.653535842895508,1.0,0.18799422681331635,1.0,0.0,0.0,0.18799422681331635,0.0,0.0,0.022866040468215942,0.0,0.277133971452713,0.09001096338033676,0.10294237732887268,0.5219644904136658,0.5297266840934753,0.0,0.0,0.0,0.0,0.0,0.0,0.0,0.0,1.0,0.0,0.06612695753574371,0.2305983603000641,0.3994908928871155,0.11612948775291443,0.0,0.16846804320812225,0.15161608159542084,0.15161608159542084,0.08517393469810486,-0.014557776041328907,3.8445591155067405e-10,0.0,0.0,4.192625522613525,4.192625522613525,1.8893712759017944,1.8893712759017944,0.3264004588127136,0.0,0.0,0.0,0.0,0.277133971452713,0.15315032005310059,0.019246811047196388,0.8578747510910034,0.5297266840934753,0.09500613063573837,2.2497615814208984,1.7828404903411865,1.8893712759017944,1.9208061695098877,2.653535842895508,0.1656583547592163,0.07019464671611786,1.0,2.909243106842041,3.1169610023498535,3.0765929222106934,0.0,0.0,0.0,0.0,0.0,0.0,0.0,,,,,,,,,,,,,,,,,0.0005
2,620,train,0.17442049086093903,0.15166586637496948,0.1707717627286911,0.0,0.006277020089328289,0.006277020089328289,0.0,2.452730894088745,3.9999998989515007e-05,0.006000000052154064,0.006000000052154064,0.006000000052154064,0.00019999999494757503,0.00019999999494757503,0.19724829494953156,0.05265094339847565,0.0,0.0,0.0,0.0,-0.9654558897018433,-0.9654558897018433,1.0,-0.9654558897018433,0.0,-2.7920517921447754,2.6001923084259033,1.0,0.19724829494953156,1.0,0.0,0.0,0.19724829494953156,0.0,0.0,0.05265094339847565,0.0,0.2473490834236145,0.07213707268238068,0.0944431945681572,0.4359745681285858,0.5022202730178833,0.0,0.0,0.0,0.0,0.0,0.0,0.0,0.0,1.0,0.0,0.08807796239852905,0.20808450877666473,0.41174691915512085,0.11015331745147705,0.0,0.1707717627286911,0.15166586637496948,0.15166586637496948,0.0937369093298912,0.0019102878868579865,2.399160869970274e-10,0.0,0.0,4.097148895263672,4.097148895263672,2.0356392860412598,2.0356392860412598,0.36389991641044617,0.0,0.0,0.0,0.0,0.2473490685224533,0.14482133090496063,0.013516364619135857,0.8722072243690491,0.5022202730178833,0.057015933096408844,2.4873039722442627,1.9175182580947876,2.0356392860412598,2.0103511810302734,2.6001923084259033,0.18312780559062958,0.08611301332712173,1.0,2.9879815578460693,3.053683042526245,3.0527682304382324,0.0,0.0,0.0,0.0,0.0,0.0,0.0,,,,,,,,,,,,,,,,,0.0005
2,640,train,0.1638350486755371,0.14327207207679749,0.16162550449371338,0.0,0.005965576507151127,0.005965576507151127,0.0,2.7362918853759766,3.9999998989515007e-05,0.006000000052154064,0.006000000052154064,0.006000000052154064,0.00019999999494757503,0.00019999999494757503,0.2198638617992401,0.06885749101638794,0.0,0.0,0.0,0.0,-0.997092604637146,-0.997092604637146,1.0,-0.997092604637146,0.0,-2.94671630859375,2.6095428466796875,1.0,0.2198638617992401,1.0,0.0,0.0,0.2198638617992401,0.0,0.0,0.06885749101638794,0.0,0.2311425358057022,0.07339382916688919,0.07443035393953323,0.43176349997520447,0.48571497201919556,0.0,0.0,0.0,0.0,0.0,0.0,0.0,0.0,1.0,0.0,0.09204315394163132,0.22277085483074188,0.4257018268108368,0.08421174436807632,0.0,0.16162550449371338,0.14327207207679749,0.14327207207679749,0.0843077078461647,-0.0186588317155838,1.005386468522218e-10,0.0,0.0,4.070586204528809,4.070586204528809,2.1027517318725586,2.1027517318725586,0.30794745683670044,0.0,0.0,0.0,0.0,0.23114252090454102,0.13925008475780487,0.010294916108250618,0.81782466173172,0.48571497201919556,0.048422183841466904,2.5606093406677246,1.994560718536377,2.1027517318725586,2.0981011390686035,2.6095428466796875,0.1854012906551361,0.08586248755455017,1.0,2.9231204986572266,2.962677001953125,2.96942400932312,0.0,0.0,0.0,0.0,0.0,0.0,0.0,,,,,,,,,,,,,,,,,0.0005
2,660,train,0.1804794818162918,0.15709525346755981,0.17751754820346832,0.0,0.006331008858978748,0.006331008858978748,0.0,2.6050007343292236,3.9999998989515007e-05,0.006000000052154064,0.006000000052154064,0.006000000052154064,0.00019999999494757503,0.00019999999494757503,0.19323286414146423,0.0641360729932785,0.0,0.0,0.0,0.0,-1.026078224182129,-1.026078224182129,1.0,-1.026078224182129,0.0,-2.963340997695923,2.616894245147705,1.0,0.19323286414146423,1.0,0.0,0.0,0.19323286414146423,0.0,0.0,0.0641360729932785,0.0,0.23586393892765045,0.07514577358961105,0.1000431478023529,0.561296820640564,0.49148595333099365,0.0,0.0,0.0,0.0,0.0,0.0,0.0,0.0,1.0,0.0,0.08129074424505234,0.234438955783844,0.40760675072669983,0.09324408322572708,0.0,0.17751754820346832,0.15709525346755981,0.15709525346755981,0.09243088960647583,0.007217481732368469,6.466215757283678e-11,0.0,0.0,4.006071090698242,4.006071090698242,1.9138169288635254,1.9138169288635254,0.3303292393684387,0.0,0.0,0.0,0.0,0.23586393892765045,0.14091482758522034,0.010021534748375416,0.8656935691833496,0.49148595333099365,0.056525737047195435,2.38183856010437,1.7954164743423462,1.9138169288635254,2.028524160385132,2.616894245147705,0.1744115799665451,0.07722237706184387,1.0,2.8890316486358643,2.9229657649993896,2.922882556915283,0.0,0.0,0.0,0.0,0.0,0.0,0.0,,,,,,,,,,,,,,,,,0.0005
2,668,train_epoch,0.1777300249762878,0.15109718724817572,0.1702192295008077,0.0,0.006452774560681271,0.006452774560681271,0.0,1.8564869611563084,3.9999998989515007e-05,0.006000000052154064,0.006000000052154064,0.006000000052154064,0.00019999999494757503,0.00019999999494757503,0.14819543642510555,0.03186224409920013,0.0,0.0,0.0,0.0,-0.6299997692060528,-0.6299997692060528,1.0,-0.6299997692060528,0.0,-2.040040060044071,2.2605546413067574,1.0,0.14819543642510555,1.0,0.0,0.0,0.14819543642510555,0.0,0.0,0.03186224409920013,0.0,0.26837203905967894,0.07262242974679985,0.12012271991300726,0.461759059461291,0.5274259596170779,0.0,0.0,0.0,0.0,0.0,0.0,0.0,0.0,1.0,0.0,0.06402414289866379,0.22421026667078098,0.40440715929705223,0.17374084773891701,0.0,0.1702192295008077,0.15109718724817572,0.15109718724817572,0.06586185795907488,0.0052079536721295425,-9.601456457154767e-12,0.0,0.0,4.0923878411333,4.092387838991816,1.8245904970311833,1.8245904970311833,0.24586057056209998,0.0,0.0,0.0,0.0,0.26837203549053856,0.14287653817477342,0.020246033767282873,0.8583305460250307,0.5274259596170779,0.07298115582880146,2.2303693458705607,1.7115954810273861,1.8245904970311833,1.8447345844999758,2.2605546413067574,0.15382973655701399,0.07420575324289813,1.0,3.0369308073363617,3.0386113742154515,3.0390065430167192,0.0,0.0,0.0,0.0,0.0,0.0,0.0,,,,,,,,,,,,,,,,,0.0005
2,668,val,,,,,,,,,,,,,,,,,,,,,,,,,,,,,,,,,,,,,,,,,,,,,,,,,,,,,,,,,,,,,,,,,,,,,,,,,,,,,,,,,,,,,,,,,,,,,,,,,,,19.525815259228956,942.5575696240675,30.701100462753246,13.473948431444597,17.21716846002115,26.847217943240114,12.045044198766485,19.205383592897707,30.238748245595815,12.97205416791074,23.58143361409505,36.57610966697574,16.05488800787711,19.525815259228956,30.701100462753246,13.473948431444597,0.0005
2,668,test,,,,,,,,,,,,,,,,,,,,,,,,,,,,,,,,,,,,,,,,,,,,,,,,,,,,,,,,,,,,,,,,,,,,,,,,,,,,,,,,,,,,,,,,,,,,,,,,,,,18.853572536159206,856.9905406505138,29.27440077355152,12.625309944152832,16.592491012435776,25.568384945974064,11.368695727339736,18.502951463063557,28.760222183426787,12.202024593009606,22.74718580160055,34.87282242807334,14.748648634901992,18.853572536159206,29.27440077355152,12.625309944152832,0.0005
3,680,train,0.14734502136707306,0.13829970359802246,0.16066715121269226,0.0,0.006339730229228735,0.006339730229228735,0.0,2.4143118858337402,5.999999848427251e-05,0.012000000104308128,0.012000000104308128,0.012000000104308128,0.00039999998989515007,0.00039999998989515007,0.15954238176345825,0.045954734086990356,0.0,0.0,0.0,0.0,-0.9746350646018982,-0.9746350646018982,1.0,-0.9746350646018982,0.0,-2.810824394226074,2.3395330905914307,1.0,0.15954238176345825,1.0,0.0,0.0,0.15954238176345825,0.0,0.0,0.045954734086990356,0.0,0.2540452778339386,0.053302232176065445,0.12467657774686813,0.42642197012901306,0.518749475479126,0.0,0.0,0.0,0.0,0.0,0.0,0.0,0.0,1.0,0.0,0.07216102629899979,0.2271462380886078,0.38285714387893677,0.11485520005226135,0.0,0.16066715121269226,0.13829970359802246,0.13829970359802246,0.09745477139949799,-0.019326329231262207,-1.8896809117485702e-10,0.0,0.0,4.058375358581543,4.058375358581543,1.9199540615081787,1.9199540615081787,0.36267951130867004,0.0,0.0,0.0,0.0,0.2540452778339386,0.1335931122303009,0.01869339309632778,0.9314431548118591,0.518749475479126,0.049586400389671326,2.2995662689208984,1.8146311044692993,1.9199540615081787,1.8536183834075928,2.3395330905914307,0.1722460836172104,0.07875560224056244,1.0,3.0501999855041504,2.918675184249878,2.925218343734741,0.0,0.0,0.0,0.0,0.0,0.0,0.0,,,,,,,,,,,,,,,,,0.0005
3,700,train,0.1630176603794098,0.1557929366827011,0.1679091453552246,0.0,0.00501876138150692,0.00501876138150692,0.0,2.6859703063964844,5.999999848427251e-05,0.012000000104308128,0.012000000104308128,0.012000000104308128,0.00039999998989515007,0.00039999998989515007,0.23466232419013977,0.06220579147338867,0.0,0.0,0.0,0.0,-1.1123849153518677,-1.1123849153518677,1.0,-1.1123849153518677,0.0,-3.097822666168213,2.550792932510376,1.0,0.23466232419013977,1.0,0.0,0.0,0.23466232419013977,0.0,0.0,0.06220579147338867,0.0,0.23779423534870148,0.07173506915569305,0.11849334090948105,0.46797212958335876,0.49435919523239136,0.0,0.0,0.0,0.0,0.0,0.0,0.0,0.0,1.0,0.0,0.07976416498422623,0.21186192333698273,0.3913271725177765,0.08282330632209778,0.0,0.1679091453552246,0.1557929366827011,0.1557929366827011,0.08024699240922928,-0.005281963851302862,-1.203015465023327e-10,0.0,0.0,4.2250823974609375,4.2250823974609375,1.994788408279419,1.994788408279419,0.31369253993034363,0.0,0.0,0.0,0.0,0.23779422044754028,0.13888828456401825,0.007884427905082703,0.8250255584716797,0.49435919523239136,0.04071691259741783,2.3336942195892334,1.9143142700195312,1.994788408279419,2.035418748855591,2.550792932510376,0.1731797754764557,0.07143275439739227,1.0,2.890249490737915,3.00225830078125,3.001128673553467,0.0,0.0,0.0,0.0,0.0,0.0,0.0,,,,,,,,,,,,,,,,,0.0005
3,720,train,0.14580778777599335,0.13984628021717072,0.15810778737068176,0.0,0.006512327119708061,0.006512327119708061,0.0,2.7550911903381348,5.999999848427251e-05,0.012000000104308128,0.012000000104308128,0.012000000104308128,0.00039999998989515007,0.00039999998989515007,0.17993248999118805,0.04887032508850098,0.0,0.0,0.0,0.0,-1.0831258296966553,-1.0831258296966553,1.0,-1.0831258296966553,0.0,-3.0498461723327637,2.468801736831665,1.0,0.17993248999118805,1.0,0.0,0.0,0.17993248999118805,0.0,0.0,0.04887032508850098,0.0,0.2511296570301056,0.07998433709144592,0.11849366873502731,0.6414525508880615,0.5100688934326172,0.0,0.0,0.0,0.0,0.0,0.0,0.0,0.0,1.0,0.0,0.07359399646520615,0.22830699384212494,0.40852463245391846,0.08146250993013382,0.0,0.15810778737068176,0.13984628021717072,0.13984628021717072,0.10585109889507294,-0.009281623177230358,-8.830374582588507e-13,0.0,0.0,3.9715638160705566,3.9715638160705566,2.070164680480957,2.070164680480957,0.37163490056991577,0.0,0.0,0.0,0.0,0.251129686832428,0.1407913714647293,0.016026154160499573,0.8533322811126709,0.5100688934326172,0.06242341175675392,2.3847851753234863,1.970291018486023,2.070164680480957,2.024810552597046,2.468801736831665,0.1774372011423111,0.07843703031539917,1.0,2.8712005615234375,3.0015640258789062,3.003019332885742,0.0,0.0,0.0,0.0,0.0,0.0,0.0,,,,,,,,,,,,,,,,,0.0005
3,740,train,0.13896113634109497,0.1361340433359146,0.14674973487854004,0.0,0.0062699634581804276,0.0062699634581804276,0.0,2.8048107624053955,5.999999848427251e-05,0.012000000104308128,0.012000000104308128,0.012000000104308128,0.00039999998989515007,0.00039999998989515007,0.158135324716568,0.04449942708015442,0.0,0.0,0.0,0.0,-1.1186437606811523,-1.1186437606811523,1.0,-1.1186437606811523,0.0,-3.1064324378967285,2.502608060836792,1.0,0.158135324716568,1.0,0.0,0.0,0.158135324716568,0.0,0.0,0.04449942708015442,0.0,0.25550058484077454,0.07469268888235092,0.11341746896505356,0.5500444173812866,0.5216978192329407,0.0,0.0,0.0,0.0,0.0,0.0,0.0,0.0,1.0,0.0,0.08139051496982574,0.22885990142822266,0.39576083421707153,0.0760682001709938,0.0,0.14674973487854004,0.1361340433359146,0.1361340433359146,0.1148231104016304,-0.0492413155734539,3.55453201594802e-11,0.0,0.0,4.0920796394348145,4.0920796394348145,2.0799155235290527,2.0799155235290527,0.4289873242378235,0.0,0.0,0.0,0.0,0.25550058484077454,0.13250049948692322,0.019299041479825974,0.831791877746582,0.5216978192329407,0.054534316062927246,2.3222107887268066,2.002472400665283,2.0799155235290527,2.138920783996582,2.502608060836792,0.17818471789360046,0.07883936166763306,1.0,2.9948387145996094,2.9705913066864014,2.9736199378967285,0.0,0.0,0.0,0.0,0.0,0.0,0.0,,,,,,,,,,,,,,,,,0.0005
3,760,train,0.14150308072566986,0.1388242244720459,0.1552492380142212,0.0,0.0065430402755737305,0.0065430402755737305,0.0,2.856921911239624,5.999999848427251e-05,0.012000000104308128,0.012000000104308128,0.012000000104308128,0.00039999998989515007,0.00039999998989515007,0.15973500907421112,0.034537047147750854,0.0,0.0,0.0,0.0,-1.1957757472991943,-1.1957757472991943,1.0,-1.1957757472991943,0.0,-3.2599611282348633,2.549422264099121,1.0,0.15973500907421112,1.0,0.0,0.0,0.15973500907421112,0.0,0.0,0.034537047147750854,0.0,0.2654629647731781,0.1020134836435318,0.07986673712730408,0.6090613603591919,0.516998827457428,0.0,0.0,0.0,0.0,0.0,0.0,0.0,0.0,1.0,0.0,0.08223994821310043,0.2440510094165802,0.3919871151447296,0.06967346370220184,0.0,0.1552492380142212,0.1388242244720459,0.1388242244720459,0.11515937000513077,0.02009900100529194,5.582404538628793e-10,0.0,0.0,3.8896570205688477,3.8896570205688477,2.0543837547302246,2.0543837547302246,0.40268269181251526,0.0,0.0,0.0,0.0,0.2654629647731781,0.15242420136928558,0.012441517785191536,0.922714114189148,0.516998827457428,0.07401961088180542,2.396099805831909,1.959993600845337,2.0543837547302246,2.065335273742676,2.549422264099121,0.1746390163898468,0.07796382158994675,1.0,2.9771838188171387,3.1593329906463623,3.1722612380981445,0.0,0.0,0.0,0.0,0.0,0.0,0.0,,,,,,,,,,,,,,,,,0.0005
3,780,train,0.1445215940475464,0.1410156935453415,0.16054046154022217,0.0,0.0058654677122831345,0.0058654677122831345,0.0,3.0764646530151367,5.999999848427251e-05,0.012000000104308128,0.012000000104308128,0.012000000104308128,0.00039999998989515007,0.00039999998989515007,0.16789081692695618,0.07785055041313171,0.0,0.0,0.0,0.0,-1.206477165222168,-1.206477165222168,1.0,-1.206477165222168,0.0,-3.3303775787353516,2.7034752368927,1.0,0.16789081692695618,1.0,0.0,0.0,0.16789081692695618,0.0,0.0,0.07785055041313171,0.0,0.22214946150779724,0.06884594261646271,0.09805955737829208,0.47967177629470825,0.47672396898269653,0.0,0.0,0.0,0.0,0.0,0.0,0.0,0.0,1.0,0.0,0.0912395641207695,0.22418101131916046,0.4294433295726776,0.05572643131017685,0.0,0.16054046154022217,0.1410156935453415,0.1410156935453415,0.11266224086284637,-0.02062513865530491,1.467016785827724e-10,0.0,0.0,3.939302444458008,3.939302444458008,2.2148232460021973,2.2148232460021973,0.4020020067691803,0.0,0.0,0.0,0.0,0.22214946150779724,0.13454797863960266,0.004708899650722742,0.8677029013633728,0.47672396898269653,0.0378216952085495,2.634291410446167,2.120952606201172,2.2148232460021973,2.2878470420837402,2.7034752368927,0.19065581262111664,0.08532159775495529,1.0,2.915006399154663,2.9546306133270264,2.8760364055633545,0.0,0.0,0.0,0.0,0.0,0.0,0.0,,,,,,,,,,,,,,,,,0.0005
3,800,train,0.13392622768878937,0.13376200199127197,0.14985312521457672,0.0,0.005368699319660664,0.005368699319660664,0.0,3.0681989192962646,5.999999848427251e-05,0.012000000104308128,0.012000000104308128,0.012000000104308128,0.00039999998989515007,0.00039999998989515007,0.18647122383117676,0.04698359966278076,0.0,0.0,0.0,0.0,-1.2561784982681274,-1.2561784982681274,1.0,-1.2561784982681274,0.0,-3.3937480449676514,2.680859088897705,1.0,0.18647122383117676,1.0,0.0,0.0,0.18647122383117676,0.0,0.0,0.04698359966278076,0.0,0.2530164122581482,0.08941908925771713,0.06816478073596954,0.5416879057884216,0.5060696601867676,0.0,0.0,0.0,0.0,0.0,0.0,0.0,0.0,1.0,0.0,0.09351310133934021,0.21956810355186462,0.4235914945602417,0.05407579615712166,0.0,0.14985312521457672,0.13376200199127197,0.13376200199127197,0.10244131833314896,-0.027820425108075142,6.014717196523023e-11,0.0,0.0,4.052584648132324,4.052584648132324,2.2380385398864746,2.2380385398864746,0.3728047311306,0.0,0.0,0.0,0.0,0.2530164122581482,0.14764241874217987,0.009064699523150921,0.8567336201667786,0.5060696601867676,0.060033705085515976,2.6140265464782715,2.1349151134490967,2.2380385398864746,2.2408347129821777,2.680859088897705,0.1885310560464859,0.08645175397396088,1.0,3.009864330291748,2.9573254585266113,3.0398776531219482,0.0,0.0,0.0,0.0,0.0,0.0,0.0,,,,,,,,,,,,,,,,,0.0005
3,820,train,0.13973696529865265,0.1394926756620407,0.15796677768230438,0.0,0.005943804048001766,0.005943804048001766,0.0,3.0107336044311523,5.999999848427251e-05,0.012000000104308128,0.012000000104308128,0.012000000104308128,0.00039999998989515007,0.00039999998989515007,0.15020421147346497,0.056986674666404724,0.0,0.0,0.0,0.0,-1.3201637268066406,-1.3201637268066406,1.0,-1.3201637268066406,0.0,-3.6253645420074463,2.498993396759033,1.0,0.15020421147346497,1.0,0.0,0.0,0.15020421147346497,0.0,0.0,0.056986674666404724,0.0,0.24301333725452423,0.10492130368947983,0.08581912517547607,0.6244785785675049,0.4906911551952362,0.0,0.0,0.0,0.0,0.0,0.0,0.0,0.0,1.0,0.0,0.07686830312013626,0.22573798894882202,0.406546950340271,0.05393557995557785,0.0,0.15796677768230438,0.1394926756620407,0.1394926756620407,0.1183299571275711,0.029471056535840034,9.74794550634428e-11,0.0,0.0,4.16937780380249,4.16937780380249,2.0990755558013916,2.0990755558013916,0.45015451312065125,0.0,0.0,0.0,0.0,0.24301333725452423,0.15322844684123993,0.01395855937153101,0.8842914700508118,0.4906911551952362,0.07227329164743423,2.3756678104400635,2.0320115089416504,2.0990755558013916,2.094330310821533,2.498993396759033,0.1765184998512268,0.07600606977939606,1.0,3.1875877380371094,2.960397720336914,2.972607374191284,0.0,0.0,0.0,0.0,0.0,0.0,0.0,,,,,,,,,,,,,,,,,0.0005
3,840,train,0.13993987441062927,0.13929611444473267,0.1566186100244522,0.0,0.0066629997454583645,0.0066629997454583645,0.0,2.999793767929077,5.999999848427251e-05,0.012000000104308128,0.012000000104308128,0.012000000104308128,0.00039999998989515007,0.00039999998989515007,0.1527191400527954,0.023955941200256348,0.0,0.0,0.0,0.0,-1.2921082973480225,-1.2921082973480225,1.0,-1.2921082973480225,0.0,-3.530691385269165,2.6328935623168945,1.0,0.1527191400527954,1.0,0.0,0.0,0.1527191400527954,0.0,0.0,0.023955941200256348,0.0,0.276044100522995,0.08731355518102646,0.09376460313796997,0.624265193939209,0.5324968099594116,0.0,0.0,0.0,0.0,0.0,0.0,0.0,0.0,1.0,0.0,0.08886321634054184,0.2581998109817505,0.41799816489219666,0.05453614518046379,0.0,0.1566186100244522,0.13929611444473267,0.13929611444473267,0.12266214191913605,0.03389076888561249,7.864284917724618e-11,0.0,0.0,4.005954742431641,4.005954742431641,2.165086030960083,2.165086030960083,0.4456871449947357,0.0,0.0,0.0,0.0,0.2760440707206726,0.14773590862751007,0.0076759327203035355,0.9139411449432373,0.5324968099594116,0.07820159941911697,2.4987833499908447,2.064516544342041,2.165086030960083,2.240654945373535,2.6328935623168945,0.1765562742948532,0.07856212556362152,1.0,3.047499895095825,3.050718069076538,3.085780143737793,0.0,0.0,0.0,0.0,0.0,0.0,0.0,,,,,,,,,,,,,,,,,0.0005
3,860,train,0.14057928323745728,0.1423976868391037,0.1493256837129593,0.0,0.00770310265943408,0.00770310265943408,0.0,3.115398645401001,5.999999848427251e-05,0.012000000104308128,0.012000000104308128,0.012000000104308128,0.00039999998989515007,0.00039999998989515007,0.18092811107635498,0.05937224626541138,0.0,0.0,0.0,0.0,-1.3357923030853271,-1.3357923030853271,1.0,-1.3357923030853271,0.0,-3.6561477184295654,2.7328145503997803,1.0,0.18092811107635498,1.0,0.0,0.0,0.18092811107635498,0.0,0.0,0.05937224626541138,0.0,0.24062776565551758,0.07968005537986755,0.10575874894857407,0.6364697813987732,0.4934682548046112,0.0,0.0,0.0,0.0,0.0,0.0,0.0,0.0,1.0,0.0,0.08507890999317169,0.2408132255077362,0.4225165843963623,0.04775508493185043,0.0,0.1493256837129593,0.1423976868391037,0.1423976868391037,0.10785365849733353,0.02277759090065956,-1.1370139552102643e-10,0.0,0.0,4.159792900085449,4.159792900085449,2.3130509853363037,2.3130509853363037,0.4205370247364044,0.0,0.0,0.0,0.0,0.24062776565551758,0.1449001580476761,0.012650255113840103,0.8254342675209045,0.4934682548046112,0.056495100259780884,2.7093381881713867,2.2163214683532715,2.3130509853363037,2.38413667678833,2.7328145503997803,0.19147922098636627,0.08571163564920425,1.0,2.9905483722686768,2.9821813106536865,2.9822864532470703,0.0,0.0,0.0,0.0,0.0,0.0,0.0,,,,,,,,,,,,,,,,,0.0005
3,880,train,0.13284552097320557,0.13599184155464172,0.14441661536693573,0.0,0.0048691327683627605,0.0048691327683627605,0.0,3.2285265922546387,5.999999848427251e-05,0.012000000104308128,0.012000000104308128,0.012000000104308128,0.00039999998989515007,0.00039999998989515007,0.1836831271648407,0.07060031592845917,0.0,0.0,0.0,0.0,-1.34931218624115,-1.34931218624115,1.0,-1.34931218624115,0.0,-3.5946621894836426,2.973433256149292,1.0,0.1836831271648407,1.0,0.0,0.0,0.1836831271648407,0.0,0.0,0.07060031592845917,0.0,0.2293996959924698,0.07831139117479324,0.11456557363271713,0.6125590801239014,0.48222941160202026,0.0,0.0,0.0,0.0,0.0,0.0,0.0,0.0,1.0,0.0,0.10260002315044403,0.20292843878269196,0.4515012502670288,0.04294244945049286,0.0,0.14441661536693573,0.13599184155464172,0.13599184155464172,0.1058369055390358,-0.02134450152516365,1.3441596447005821e-10,0.0,0.0,4.016845703125,4.016845703125,2.4636526107788086,2.4636526107788086,0.37537306547164917,0.0,0.0,0.0,0.0,0.2293996959924698,0.14164787530899048,0.008626872673630714,0.8789479732513428,0.48222941160202026,0.054932601749897,2.7751879692077637,2.385986089706421,2.4636526107788086,2.4554085731506348,2.973433256149292,0.2048467993736267,0.08841212093830109,1.0,2.798128366470337,2.8577122688293457,2.848100423812866,0.0,0.0,0.0,0.0,0.0,0.0,0.0,,,,,,,,,,,,,,,,,0.0005
3,900,train,0.1390771120786667,0.14245007932186127,0.14972564578056335,0.0,0.007391027174890041,0.007391027174890041,0.0,3.1636228561401367,5.999999848427251e-05,0.012000000104308128,0.012000000104308128,0.012000000104308128,0.00039999998989515007,0.00039999998989515007,0.18420270085334778,0.06136874854564667,0.0,0.0,0.0,0.0,-1.403951644897461,-1.403951644897461,1.0,-1.403951644897461,0.0,-3.7760608196258545,2.6297523975372314,1.0,0.18420270085334778,1.0,0.0,0.0,0.18420270085334778,0.0,0.0,0.06136874854564667,0.0,0.2386312633752823,0.07996481657028198,0.08067258447408676,0.5903288125991821,0.49745842814445496,0.0,0.0,0.0,0.0,0.0,0.0,0.0,0.0,1.0,0.0,0.07036477327346802,0.2269095927476883,0.4184846878051758,0.04602018743753433,0.0,0.14972564578056335,0.14245007932186127,0.14245007932186127,0.12002068012952805,0.032494451850652695,-5.64485160003958e-11,0.0,0.0,4.108190059661865,4.108190059661865,2.238069772720337,2.238069772720337,0.4467313587665558,0.0,0.0,0.0,0.0,0.2386312633752823,0.13723529875278473,0.01268988661468029,0.8242063522338867,0.49745842814445496,0.04736519977450371,2.4175875186920166,2.1882593631744385,2.238069772720337,2.241741895675659,2.6297523975372314,0.17703434824943542,0.07337317615747452,1.0,2.9392824172973633,2.8786110877990723,2.862593412399292,0.0,0.0,0.0,0.0,0.0,0.0,0.0,,,,,,,,,,,,,,,,,0.0005
3,920,train,0.12170162796974182,0.1277475208044052,0.13850432634353638,0.0,0.005712776444852352,0.005712776444852352,0.0,3.1434569358825684,5.999999848427251e-05,0.012000000104308128,0.012000000104308128,0.012000000104308128,0.00039999998989515007,0.00039999998989515007,0.16809028387069702,0.053876861929893494,0.0,0.0,0.0,0.0,-1.4205293655395508,-1.4205293655395508,1.0,-1.4205293655395508,0.0,-3.758256196975708,2.7265114784240723,1.0,0.16809028387069702,1.0,0.0,0.0,0.16809028387069702,0.0,0.0,0.053876861929893494,0.0,0.24612314999103546,0.09215348958969116,0.1034427136182785,0.6487419605255127,0.49002960324287415,0.0,0.0,0.0,0.0,0.0,0.0,0.0,0.0,1.0,0.0,0.09555386006832123,0.21909691393375397,0.43084681034088135,0.04638170078396797,0.0,0.13850432634353638,0.1277475208044052,0.1277475208044052,0.1199110820889473,0.012363716959953308,7.857456352233783e-11,0.0,0.0,4.056070327758789,4.056070327758789,2.3533613681793213,2.3533613681793213,0.449962317943573,0.0,0.0,0.0,0.0,0.24612314999103546,0.15792842209339142,0.009276418946683407,0.9508275985717773,0.49002960324287415,0.06983762979507446,2.6946542263031006,2.2561936378479004,2.3533613681793213,2.2767837047576904,2.7265114784240723,0.19005122780799866,0.08724317699670792,1.0,2.8743739128112793,2.972747802734375,2.9167754650115967,0.0,0.0,0.0,0.0,0.0,0.0,0.0,,,,,,,,,,,,,,,,,0.0005
3,940,train,0.12580381333827972,0.13161641359329224,0.14054329693317413,0.0,0.006424932740628719,0.006424932740628719,0.0,3.058438301086426,5.999999848427251e-05,0.012000000104308128,0.012000000104308128,0.012000000104308128,0.00039999998989515007,0.00039999998989515007,0.17579427361488342,0.01075032353401184,0.0,0.0,0.0,0.0,-1.4273531436920166,-1.4273531436920166,1.0,-1.4273531436920166,0.0,-3.7737321853637695,2.7197203636169434,1.0,0.17579427361488342,1.0,0.0,0.0,0.17579427361488342,0.0,0.0,0.01075032353401184,0.0,0.2892496883869171,0.0963277816772461,0.1443607211112976,0.688515841960907,0.5345583558082581,0.0,0.0,0.0,0.0,0.0,0.0,0.0,0.0,1.0,0.0,0.089832603931427,0.24367065727710724,0.4147975742816925,0.04964418336749077,0.0,0.14054329693317413,0.13161641359329224,0.13161641359329224,0.10277510434389114,-0.002362733008340001,4.9122057116379736e-11,0.0,0.0,4.130976676940918,4.130976676940918,2.2405967712402344,2.2405967712402344,0.3936960995197296,0.0,0.0,0.0,0.0,0.2892496883869171,0.16367800533771515,0.008797206915915012,0.9478210806846619,0.5345583558082581,0.12732844054698944,2.6104393005371094,2.120170831680298,2.2405967712402344,2.27825927734375,2.7197203636169434,0.1822277158498764,0.08599092811346054,1.0,3.212632179260254,3.0485095977783203,3.0853564739227295,0.0,0.0,0.0,0.0,0.0,0.0,0.0,,,,,,,,,,,,,,,,,0.0005
3,960,train,0.1422790139913559,0.1454688012599945,0.1573784500360489,0.0,0.006518350448459387,0.006518350448459387,0.0,3.157763957977295,5.999999848427251e-05,0.012000000104308128,0.012000000104308128,0.012000000104308128,0.00039999998989515007,0.00039999998989515007,0.15729212760925293,0.022324740886688232,0.0,0.0,0.0,0.0,-1.4585413932800293,-1.4585413932800293,1.0,-1.4585413932800293,0.0,-3.9177277088165283,2.7070300579071045,1.0,0.15729212760925293,1.0,0.0,0.0,0.15729212760925293,0.0,0.0,0.022324740886688232,0.0,0.2776752710342407,0.09633740782737732,0.12894468009471893,0.6624119877815247,0.5293369889259338,0.0,0.0,0.0,0.0,0.0,0.0,0.0,0.0,1.0,0.0,0.08661982417106628,0.23667365312576294,0.40370163321495056,0.04358134791254997,0.0,0.1573784500360489,0.1454688012599945,0.1454688012599945,0.12431678920984268,0.0007419225876219571,-3.592806885333033e-10,0.0,0.0,3.9298627376556396,3.9298627376556396,2.194398880004883,2.194398880004883,0.4403746426105499,0.0,0.0,0.0,0.0,0.2776752710342407,0.15408650040626526,0.014961274340748787,0.9701888561248779,0.5293369889259338,0.08757659792900085,2.4706387519836426,2.117225170135498,2.194398880004883,2.363089084625244,2.7070300579071045,0.17994512617588043,0.07853185385465622,1.0,3.060981273651123,3.0938010215759277,3.053278684616089,0.0,0.0,0.0,0.0,0.0,0.0,0.0,,,,,,,,,,,,,,,,,0.0005
3,980,train,0.1303587555885315,0.1368848830461502,0.14574627578258514,0.0,0.006957433186471462,0.006957433186471462,0.0,3.169013023376465,5.999999848427251e-05,0.012000000104308128,0.012000000104308128,0.012000000104308128,0.00039999998989515007,0.00039999998989515007,0.21330642700195312,0.05568763613700867,0.0,0.0,0.0,0.0,-1.5023584365844727,-1.5023584365844727,1.0,-1.5023584365844727,0.0,-3.937889814376831,2.6403071880340576,1.0,0.21330642700195312,1.0,0.0,0.0,0.21330642700195312,0.0,0.0,0.05568763613700867,0.0,0.2443123757839203,0.07842051982879639,0.09620609134435654,0.5989835262298584,0.49842730164527893,0.0,0.0,0.0,0.0,0.0,0.0,0.0,0.0,1.0,0.0,0.08859442174434662,0.2351408153772354,0.41470661759376526,0.0437220074236393,0.0,0.14574627578258514,0.1368848830461502,0.1368848830461502,0.1040935069322586,0.03929569572210312,-1.0430963731655751e-10,0.0,0.0,4.064405918121338,4.064405918121338,2.2957136631011963,2.2957136631011963,0.3878169357776642,0.0,0.0,0.0,0.0,0.2443123757839203,0.1453336477279663,0.011513199657201767,0.9178285598754883,0.49842730164527893,0.05952819064259529,2.5602939128875732,2.2248904705047607,2.2957136631011963,2.331422805786133,2.6403071880340576,0.1825912445783615,0.0795886293053627,1.0,2.938249111175537,2.9938619136810303,2.9053163528442383,0.0,0.0,0.0,0.0,0.0,0.0,0.0,,,,,,,,,,,,,,,,,0.0005
3,1000,train,0.13844522833824158,0.14358161389827728,0.1523084193468094,0.0,0.00584016926586628,0.00584016926586628,0.0,3.212620258331299,5.999999848427251e-05,0.012000000104308128,0.012000000104308128,0.012000000104308128,0.00039999998989515007,0.00039999998989515007,0.18932592868804932,0.06537038087844849,0.0,0.0,0.0,0.0,-1.498449683189392,-1.498449683189392,1.0,-1.498449683189392,0.0,-3.968853235244751,2.6642727851867676,1.0,0.18932592868804932,1.0,0.0,0.0,0.18932592868804932,0.0,0.0,0.06537038087844849,0.0,0.23462963104248047,0.08836527913808823,0.07912300527095795,0.5992845296859741,0.48895063996315,0.0,0.0,0.0,0.0,0.0,0.0,0.0,0.0,1.0,0.0,0.09754905104637146,0.2259584367275238,0.4183712601661682,0.041546717286109924,0.0,0.1523084193468094,0.14358161389827728,0.14358161389827728,0.09679508209228516,0.028835123404860497,6.451778000737818e-11,0.0,0.0,4.242998123168945,4.242998123168945,2.3257060050964355,2.3257060050964355,0.378839373588562,0.0,0.0,0.0,0.0,0.23462963104248047,0.141325443983078,0.014810532331466675,0.8761423826217651,0.48895063996315,0.054181989282369614,2.5518012046813965,2.271108627319336,2.3257060050964355,2.3281028270721436,2.6642727851867676,0.18401780724525452,0.07934361696243286,1.0,3.1436853408813477,2.944446563720703,2.958531379699707,0.0,0.0,0.0,0.0,0.0,0.0,0.0,,,,,,,,,,,,,,,,,0.0005
3,1002,train_epoch,0.14107457706760504,0.14092618258234985,0.1532777300227188,0.0,0.006127005376055569,0.006127005376055569,0.0,2.9970008191948168,5.999999848427251e-05,0.012000000104308128,0.012000000104308128,0.012000000104308128,0.00039999998989515007,0.00039999998989515007,0.1830975841173155,0.052871183631662835,0.0,0.0,0.0,0.0,-1.2856201404582954,-1.2856201404582954,1.0,-1.2856201404582954,0.0,-3.5137154356448237,2.622779367926592,1.0,0.1830975841173155,1.0,0.0,0.0,0.1830975841173155,0.0,0.0,0.052871183631662835,0.0,0.24712883096612143,0.08417679757593635,0.09718097184232609,0.5768055237695843,0.5012863782530059,0.0,0.0,0.0,0.0,0.0,0.0,0.0,0.0,1.0,0.0,0.08564623900337848,0.22704187280939012,0.41174617677391645,0.05901956545958619,0.0,0.1532777300227188,0.14092618258234985,0.14092618258234985,0.10666693858579247,0.004638416442906522,4.7171295473527e-12,0.0,0.0,4.045148110675241,4.045148121382662,2.1862493657066437,2.1862493657066437,0.39004943729517705,0.0,0.0,0.0,0.0,0.2471288282892661,0.14462703606950308,0.012318270696427472,0.8768477534462592,0.5012863782530059,0.06184946650828787,2.499894566164759,2.10175779979386,2.1862493657066437,2.19219409348722,2.622779367926592,0.18209720487723094,0.07999714327875726,1.0,2.9567087817334845,2.958527551439708,2.9585846776733855,0.0,0.0,0.0,0.0,0.0,0.0,0.0,,,,,,,,,,,,,,,,,0.0005
3,1002,val,,,,,,,,,,,,,,,,,,,,,,,,,,,,,,,,,,,,,,,,,,,,,,,,,,,,,,,,,,,,,,,,,,,,,,,,,,,,,,,,,,,,,,,,,,,,,,,,,,,19.135741611858744,903.7041444520693,30.061672349556158,14.804889446980244,17.10172534633327,26.499494551358307,13.713138915397025,18.953742413907438,29.756543340580265,14.350897956538844,22.726387737033605,35.42251568761725,17.147950851165497,19.135741611858744,30.061672349556158,14.804889446980244,0.0005
3,1002,test,,,,,,,,,,,,,,,,,,,,,,,,,,,,,,,,,,,,,,,,,,,,,,,,,,,,,,,,,,,,,,,,,,,,,,,,,,,,,,,,,,,,,,,,,,,,,,,,,,,18.444098326536984,819.5151954169746,28.6271758197866,13.677043755849203,16.483494513743633,25.235996145724926,12.867640985024941,18.22708290546864,28.297212273998706,13.27889094481597,21.858331104656596,33.67516153856681,15.28414841385575,18.444098326536984,28.6271758197866,13.677043755849203,0.0005
4,1020,train,0.10767530649900436,0.13405773043632507,0.1414141207933426,0.0,0.006372531410306692,0.006372531410306692,0.0,3.2602174282073975,7.999999797903001e-05,0.017999999225139618,0.017999999225139618,0.017999999225139618,0.0006000000284984708,0.0006000000284984708,0.21798524260520935,0.05779092013835907,0.0,0.0,0.0,0.0,-1.5335062742233276,-1.5335062742233276,1.0,-1.5335062742233276,0.0,-4.046622276306152,2.6784141063690186,1.0,0.21798524260520935,1.0,0.0,0.0,0.21798524260520935,0.0,0.0,0.05779092013835907,0.0,0.24220909178256989,0.08693220466375351,0.10855208337306976,0.667008101940155,0.4913850426673889,0.0,0.0,0.0,0.0,0.0,0.0,0.0,0.0,1.0,0.0,0.10273389518260956,0.22630669176578522,0.43044835329055786,0.03925144299864769,0.0,0.1414141207933426,0.13405773043632507,0.13405773043632507,0.12252283096313477,0.01946287974715233,-2.291921236130534e-10,0.0,0.0,4.095896244049072,4.095896244049072,2.431957960128784,2.431957960128784,0.4557228684425354,0.0,0.0,0.0,0.0,0.24220909178256989,0.15158842504024506,0.011842451989650726,0.9666756987571716,0.4913850426673889,0.07781863212585449,2.695859432220459,2.3670077323913574,2.431957960128784,2.3644909858703613,2.6784141063690186,0.18874242901802063,0.08611363172531128,1.0,2.8883237838745117,2.882882595062256,2.8498780727386475,0.0,0.0,0.0,0.0,0.0,0.0,0.0,,,,,,,,,,,,,,,,,0.0005
4,1040,train,0.11911779642105103,0.1427423506975174,0.1555463671684265,0.0,0.006958037614822388,0.006958037614822388,0.0,3.194387674331665,7.999999797903001e-05,0.017999999225139618,0.017999999225139618,0.017999999225139618,0.0006000000284984708,0.0006000000284984708,0.191165030002594,0.03242558240890503,0.0,0.0,0.0,0.0,-1.5346884727478027,-1.5346884727478027,1.0,-1.5346884727478027,0.0,-3.9735004901885986,2.723816156387329,1.0,0.191165030002594,1.0,0.0,0.0,0.191165030002594,0.0,0.0,0.03242558240890503,0.0,0.2675744295120239,0.0731036514043808,0.12215720117092133,0.6681922674179077,0.5269076824188232,0.0,0.0,0.0,0.0,0.0,0.0,0.0,0.0,1.0,0.0,0.10732260346412659,0.2412225604057312,0.43276703357696533,0.04104280844330788,0.0,0.1555463671684265,0.1427423506975174,0.1427423506975174,0.13033483922481537,0.023393189534544945,-1.323051113111262e-10,0.0,0.0,4.02164363861084,4.02164363861084,2.42775297164917,2.42775297164917,0.47345393896102905,0.0,0.0,0.0,0.0,0.2675744295120239,0.14449313282966614,0.012876312248408794,0.906302273273468,0.5269076824188232,0.08304228633642197,2.657985210418701,2.3605496883392334,2.42775297164917,2.413097381591797,2.723816156387329,0.18608245253562927,0.08273705095052719,1.0,2.9405534267425537,2.8883018493652344,2.8535289764404297,0.0,0.0,0.0,0.0,0.0,0.0,0.0,,,,,,,,,,,,,,,,,0.0005
4,1060,train,0.12052081525325775,0.1438908576965332,0.15756851434707642,0.0,0.005464978516101837,0.005464978516101837,0.0,3.2400693893432617,7.999999797903001e-05,0.017999999225139618,0.017999999225139618,0.017999999225139618,0.0006000000284984708,0.0006000000284984708,0.15419259667396545,0.05536292493343353,0.0,0.0,0.0,0.0,-1.5379737615585327,-1.5379737615585327,1.0,-1.5379737615585327,0.0,-4.103228569030762,2.7149128913879395,1.0,0.15419259667396545,1.0,0.0,0.0,0.15419259667396545,0.0,0.0,0.05536292493343353,0.0,0.24463708698749542,0.0746501237154007,0.10065143555402756,0.6349656581878662,0.5039517283439636,0.0,0.0,0.0,0.0,0.0,0.0,0.0,0.0,1.0,0.0,0.0987139567732811,0.21989288926124573,0.4174927771091461,0.03946371003985405,0.0,0.15756851434707642,0.1438908576965332,0.1438908576965332,0.13550394773483276,0.05356469005346298,-6.879944391968706e-10,0.0,0.0,3.9340641498565674,3.9340641498565674,2.3650031089782715,2.3650031089782715,0.4827367067337036,0.0,0.0,0.0,0.0,0.24463708698749542,0.1389363408088684,0.015740973874926567,0.8945167660713196,0.5039517283439636,0.06116728484630585,2.564683198928833,2.317258834838867,2.3650031089782715,2.3990674018859863,2.7149128913879395,0.18435150384902954,0.07854988425970078,1.0,2.968545436859131,2.8938674926757812,2.889321804046631,0.0,0.0,0.0,0.0,0.0,0.0,0.0,,,,,,,,,,,,,,,,,0.0005
4,1080,train,0.11415228247642517,0.14045944809913635,0.14662547409534454,0.0,0.00568046048283577,0.00568046048283577,0.0,3.1192336082458496,7.999999797903001e-05,0.017999999225139618,0.017999999225139618,0.017999999225139618,0.0006000000284984708,0.0006000000284984708,0.19693593680858612,0.0272635817527771,0.0,0.0,0.0,0.0,-1.558849573135376,-1.558849573135376,1.0,-1.558849573135376,0.0,-4.049757957458496,2.6508970260620117,1.0,0.19693593680858612,1.0,0.0,0.0,0.19693593680858612,0.0,0.0,0.0272635817527771,0.0,0.27273643016815186,0.07432952523231506,0.13924944400787354,0.6362344026565552,0.5330612063407898,0.0,0.0,0.0,0.0,0.0,0.0,0.0,0.0,1.0,0.0,0.09661180526018143,0.22314611077308655,0.40706324577331543,0.044439155608415604,0.0,0.14662547409534454,0.14045944809913635,0.14045944809913635,0.10690052062273026,0.019526781514286995,1.22906587685101e-10,0.0,0.0,3.9413700103759766,3.9413704872131348,2.3423922061920166,2.3423922061920166,0.37806326150894165,0.0,0.0,0.0,0.0,0.27273643016815186,0.14393350481987,0.022050129249691963,0.9030154347419739,0.5330612063407898,0.07420343905687332,2.520721197128296,2.2831106185913086,2.3423922061920166,2.2688095569610596,2.6508970260620117,0.18350481986999512,0.07739035040140152,1.0,2.801081895828247,2.8617663383483887,2.8577322959899902,0.0,0.0,0.0,0.0,0.0,0.0,0.0,,,,,,,,,,,,,,,,,0.0005
4,1100,train,0.11504177749156952,0.14028839766979218,0.14530564844608307,0.0,0.00657796673476696,0.00657796673476696,0.0,3.0708975791931152,7.999999797903001e-05,0.017999999225139618,0.017999999225139618,0.017999999225139618,0.0006000000284984708,0.0006000000284984708,0.19874021410942078,0.03208765387535095,0.0,0.0,0.0,0.0,-1.5225090980529785,-1.5225090980529785,1.0,-1.5225090980529785,0.0,-4.0323872566223145,2.7435624599456787,1.0,0.19874021410942078,1.0,0.0,0.0,0.19874021410942078,0.0,0.0,0.03208765387535095,0.0,0.267912358045578,0.0830049067735672,0.10383257269859314,0.6941771507263184,0.5256363749504089,0.0,0.0,0.0,0.0,0.0,0.0,0.0,0.0,1.0,0.0,0.09088124334812164,0.2396024912595749,0.4166729152202606,0.04676332324743271,0.0,0.14530564844608307,0.14028839766979218,0.14028839766979218,0.12134095281362534,0.018401749432086945,-9.360849768935697e-12,0.0,0.0,4.0527825355529785,4.0527825355529785,2.352877378463745,2.352877378463745,0.4524550437927246,0.0,0.0,0.0,0.0,0.267912358045578,0.14682051539421082,0.008107016794383526,0.8616276979446411,0.5256363749504089,0.082521453499794,2.5393130779266357,2.2937145233154297,2.352877378463745,2.3766472339630127,2.7435624599456787,0.18211975693702698,0.07584648579359055,1.0,2.7777318954467773,2.8268866539001465,2.858712911605835,0.0,0.0,0.0,0.0,0.0,0.0,0.0,,,,,,,,,,,,,,,,,0.0005
4,1120,train,0.10482435673475266,0.13311639428138733,0.13892613351345062,0.0,0.006367119494825602,0.006367119494825602,0.0,3.1813018321990967,7.999999797903001e-05,0.017999999225139618,0.017999999225139618,0.017999999225139618,0.0006000000284984708,0.0006000000284984708,0.17836570739746094,0.0018421709537506104,0.0,0.0,0.0,0.0,-1.570958137512207,-1.570958137512207,1.0,-1.570958137512207,0.0,-4.104610919952393,2.601653575897217,1.0,0.17836570739746094,1.0,0.0,0.0,0.17836570739746094,0.0,0.0,0.0018421709537506104,0.0,0.29815784096717834,0.10262656211853027,0.11153095960617065,0.7201776504516602,0.547484815120697,0.0,0.0,0.0,0.0,0.0,0.0,0.0,0.0,1.0,0.0,0.08402687311172485,0.2287588268518448,0.4139261841773987,0.041702400892972946,0.0,0.13892613351345062,0.13311639428138733,0.13311639428138733,0.10949021577835083,-0.005403478629887104,-3.180567476057661e-10,0.0,0.0,4.117955684661865,4.117955684661865,2.3340046405792236,2.3340046405792236,0.41768893599510193,0.0,0.0,0.0,0.0,0.29815784096717834,0.15872320532798767,0.01222291961312294,0.9248756170272827,0.547484815120697,0.11881127953529358,2.4550561904907227,2.293809413909912,2.3340046405792236,2.254669666290283,2.601653575897217,0.17602920532226562,0.07706688344478607,1.0,3.091151475906372,2.9849905967712402,2.97687029838562,0.0,0.0,0.0,0.0,0.0,0.0,0.0,,,,,,,,,,,,,,,,,0.0005
4,1140,train,0.1023443266749382,0.12875346839427948,0.1409844011068344,0.0,0.005738158244639635,0.005738158244639635,0.0,3.1970326900482178,7.999999797903001e-05,0.017999999225139618,0.017999999225139618,0.017999999225139618,0.0006000000284984708,0.0006000000284984708,0.14888995885849,0.011647790670394897,0.0,0.0,0.0,0.0,-1.529483437538147,-1.529483437538147,1.0,-1.529483437538147,0.0,-4.014588832855225,2.7850165367126465,1.0,0.14888995885849,1.0,0.0,0.0,0.14888995885849,0.0,0.0,0.011647790670394897,0.0,0.28835222125053406,0.11110835522413254,0.13725796341896057,0.7536319494247437,0.5262830257415771,0.0,0.0,0.0,0.0,0.0,0.0,0.0,0.0,1.0,0.0,0.09256494790315628,0.22491542994976044,0.4367755055427551,0.04058036580681801,0.0,0.1409844011068344,0.12875346839427948,0.12875346839427948,0.14170941710472107,0.012157142162322998,-5.3651218884231966e-11,0.0,0.0,3.9843578338623047,3.9843578338623047,2.385068655014038,2.385068655014038,0.5227825045585632,0.0,0.0,0.0,0.0,0.28835222125053406,0.1744910031557083,0.019817737862467766,0.9257766008377075,0.5262830257415771,0.13227635622024536,2.6364645957946777,2.2940049171447754,2.385068655014038,2.3457648754119873,2.7850165367126465,0.18124423921108246,0.08375391364097595,1.0,3.002530574798584,2.915222644805908,2.8870749473571777,0.0,0.0,0.0,0.0,0.0,0.0,0.0,,,,,,,,,,,,,,,,,0.0005
4,1160,train,0.10930080711841583,0.13651810586452484,0.1446726769208908,0.0,0.005575362127274275,0.005575362127274275,0.0,3.3355374336242676,7.999999797903001e-05,0.017999999225139618,0.017999999225139618,0.017999999225139618,0.0006000000284984708,0.0006000000284984708,0.1669781655073166,0.017885208129882812,0.0,0.0,0.0,0.0,-1.5730544328689575,-1.5730544328689575,1.0,-1.5730544328689575,0.0,-4.144352912902832,2.6937410831451416,1.0,0.1669781655073166,1.0,0.0,0.0,0.1669781655073166,0.0,0.0,0.017885208129882812,0.0,0.28211480379104614,0.11249513179063797,0.11084332317113876,0.731045126914978,0.5230096578598022,0.0,0.0,0.0,0.0,0.0,0.0,0.0,0.0,1.0,0.0,0.09975501149892807,0.2271929383277893,0.42290523648262024,0.03500853478908539,0.0,0.1446726769208908,0.13651810586452484,0.13651810586452484,0.11784850060939789,0.007149075157940388,-3.875505749650898e-10,0.0,0.0,4.162201881408691,4.162201881408691,2.3999478816986084,2.3999478816986084,0.45893195271492004,0.0,0.0,0.0,0.0,0.28211480379104614,0.16995209455490112,0.012737072072923183,0.9041145443916321,0.5230096578598022,0.12771140038967133,2.5705325603485107,2.3497226238250732,2.3999478816986084,2.336463212966919,2.6937410831451416,0.18289022147655487,0.07800912111997604,1.0,3.157017707824707,2.9991588592529297,2.9666590690612793,0.0,0.0,0.0,0.0,0.0,0.0,0.0,,,,,,,,,,,,,,,,,0.0005
4,1180,train,0.11241910606622696,0.138155996799469,0.15047386288642883,0.0,0.006000829394906759,0.006000829394906759,0.0,3.0815634727478027,7.999999797903001e-05,0.017999999225139618,0.017999999225139618,0.017999999225139618,0.0006000000284984708,0.0006000000284984708,0.1575661450624466,0.0015107393264770508,0.0,0.0,0.0,0.0,-1.5633792877197266,-1.5633792877197266,1.0,-1.5633792877197266,0.0,-4.099137783050537,2.6665334701538086,1.0,0.1575661450624466,1.0,0.0,0.0,0.1575661450624466,0.0,0.0,0.0015107393264770508,0.0,0.3015107810497284,0.08977578580379486,0.15279722213745117,0.7672737836837769,0.5493983030319214,0.0,0.0,0.0,0.0,0.0,0.0,0.0,0.0,1.0,0.0,0.09544569998979568,0.25359585881233215,0.40656009316444397,0.044688548892736435,0.0,0.15047386288642883,0.138155996799469,0.138155996799469,0.1326390504837036,0.012493723072111607,-8.605048618104405e-11,0.0,0.0,3.9568002223968506,3.9568002223968506,2.288914203643799,2.288914203643799,0.4862869381904602,0.0,0.0,0.0,0.0,0.301510751247406,0.16129885613918304,0.021973924711346626,0.9452105760574341,0.5493983030319214,0.12385111302137375,2.482949733734131,2.223727226257324,2.288914203643799,2.3370723724365234,2.6665334701538086,0.17744523286819458,0.07677499204874039,1.0,2.976642608642578,2.924163341522217,2.9233651161193848,0.0,0.0,0.0,0.0,0.0,0.0,0.0,,,,,,,,,,,,,,,,,0.0005
4,1200,train,0.11123482137918472,0.13863156735897064,0.14484943449497223,0.0,0.006009259726852179,0.006009259726852179,0.0,3.0976338386535645,7.999999797903001e-05,0.017999999225139618,0.017999999225139618,0.017999999225139618,0.0006000000284984708,0.0006000000284984708,0.1535188853740692,0.029121845960617065,0.0,0.0,0.0,0.0,-1.5786722898483276,-1.5786722898483276,1.0,-1.5786722898483276,0.0,-4.1210432052612305,2.592150926589966,1.0,0.1535188853740692,1.0,0.0,0.0,0.1535188853740692,0.0,0.0,0.029121845960617065,0.0,0.2708781659603119,0.09330586344003677,0.13124094903469086,0.6598369479179382,0.5216875076293945,0.0,0.0,0.0,0.0,0.0,0.0,0.0,0.0,1.0,0.0,0.08548474311828613,0.22368602454662323,0.40999650955200195,0.04286331683397293,0.0,0.14484943449497223,0.13863156735897064,0.13863156735897064,0.12663915753364563,0.029117893427610397,-7.040815153125379e-11,0.0,0.0,3.958188533782959,3.958188772201538,2.262946605682373,2.262946605682373,0.4662921726703644,0.0,0.0,0.0,0.0,0.2708781659603119,0.1560811549425125,0.01889096386730671,0.917523980140686,0.5216875076293945,0.10306373238563538,2.410820245742798,2.2198877334594727,2.262946605682373,2.261601209640503,2.592150926589966,0.17667986452579498,0.07554525882005692,1.0,2.9037718772888184,2.915827512741089,2.904621124267578,0.0,0.0,0.0,0.0,0.0,0.0,0.0,,,,,,,,,,,,,,,,,0.0005
4,1220,train,0.09801487624645233,0.12641344964504242,0.13472908735275269,0.0,0.006177289877086878,0.006177289877086878,0.0,3.0759384632110596,7.999999797903001e-05,0.017999999225139618,0.017999999225139618,0.017999999225139618,0.0006000000284984708,0.0006000000284984708,0.179830402135849,0.0038787126541137695,0.0,0.0,0.0,0.0,-1.5503301620483398,-1.5503301620483398,1.0,-1.5503301620483398,0.0,-4.083656311035156,2.6682240962982178,1.0,0.179830402135849,1.0,0.0,0.0,0.179830402135849,0.0,0.0,0.0038787126541137695,0.0,0.2961213290691376,0.08277187496423721,0.1529291868209839,0.6508569717407227,0.5406657457351685,0.0,0.0,0.0,0.0,0.0,0.0,0.0,0.0,1.0,0.0,0.08710407465696335,0.24783873558044434,0.406909704208374,0.044464923441410065,0.0,0.13472908735275269,0.12641344964504242,0.12641344964504242,0.116965152323246,0.026412956416606903,2.5195157071777885e-10,0.0,0.0,3.9010376930236816,3.9010376930236816,2.3269011974334717,2.3269011974334717,0.4261433482170105,0.0,0.0,0.0,0.0,0.2961212992668152,0.16534318029880524,0.02671402506530285,0.9103134870529175,0.5406657457351685,0.12438726425170898,2.606118679046631,2.24383807182312,2.3269011974334717,2.334322690963745,2.6682240962982178,0.17786148190498352,0.08261323720216751,1.0,2.885667085647583,2.971773147583008,2.9958407878875732,0.0,0.0,0.0,0.0,0.0,0.0,0.0,,,,,,,,,,,,,,,,,0.0005
4,1240,train,0.12039799243211746,0.14733172953128815,0.15111273527145386,0.0,0.006863515358418226,0.006863515358418226,0.0,3.0797412395477295,7.999999797903001e-05,0.017999999225139618,0.017999999225139618,0.017999999225139618,0.0006000000284984708,0.0006000000284984708,0.19073936343193054,0.015422999858856201,0.0,0.0,0.0,0.0,-1.6013861894607544,-1.6013861894607544,1.0,-1.6013861894607544,0.0,-4.1596808433532715,2.5957889556884766,1.0,0.19073936343193054,1.0,0.0,0.0,0.19073936343193054,0.0,0.0,0.015422999858856201,0.0,0.28457701206207275,0.1032181903719902,0.138287752866745,0.7348076701164246,0.5325352549552917,0.0,0.0,0.0,0.0,0.0,0.0,0.0,0.0,1.0,0.0,0.0859101191163063,0.227398082613945,0.39979588985443115,0.04373864457011223,0.0,0.15111273527145386,0.14733172953128815,0.14733172953128815,0.14752262830734253,0.04755799472332001,2.7587471196355295e-10,0.0,0.0,3.910885810852051,3.910885810852051,2.284430980682373,2.284430980682373,0.5425213575363159,0.0,0.0,0.0,0.0,0.28457701206207275,0.16203707456588745,0.022768894210457802,0.9370138645172119,0.5325352549552917,0.11726409941911697,2.4399266242980957,2.23227858543396,2.284430980682373,2.2950687408447266,2.5957889556884766,0.172073632478714,0.07481890171766281,1.0,2.7467968463897705,2.8271236419677734,2.8573758602142334,0.0,0.0,0.0,0.0,0.0,0.0,0.0,,,,,,,,,,,,,,,,,0.0005
4,1260,train,0.09440779685974121,0.12491724640130997,0.13242171704769135,0.0,0.005472729913890362,0.005472729913890362,0.0,3.239816665649414,7.999999797903001e-05,0.017999999225139618,0.017999999225139618,0.017999999225139618,0.0006000000284984708,0.0006000000284984708,0.1757105141878128,0.009819269180297852,0.0,0.0,0.0,0.0,-1.596189260482788,-1.596189260482788,1.0,-1.596189260482788,0.0,-4.158067226409912,2.7134780883789062,1.0,0.1757105141878128,1.0,0.0,0.0,0.1757105141878128,0.0,0.0,0.009819269180297852,0.0,0.3098192811012268,0.08803411573171616,0.15822733938694,0.6956674456596375,0.5575948357582092,0.0,0.0,0.0,0.0,0.0,0.0,0.0,0.0,1.0,0.0,0.1081606075167656,0.24554474651813507,0.4204321503639221,0.037257298827171326,0.0,0.13242171704769135,0.12491724640130997,0.12491724640130997,0.1376219093799591,0.03422537446022034,2.8816043995405494e-10,0.0,0.0,3.8925135135650635,3.8925132751464844,2.427802324295044,2.427802324295044,0.4987551271915436,0.0,0.0,0.0,0.0,0.3098192811012268,0.15953080356121063,0.014015167020261288,0.9107608199119568,0.5575948357582092,0.1380821168422699,2.6152055263519287,2.3649544715881348,2.427802324295044,2.376697301864624,2.7134780883789062,0.18281999230384827,0.08255542814731598,1.0,2.708833694458008,2.8887128829956055,2.913769483566284,0.0,0.0,0.0,0.0,0.0,0.0,0.0,,,,,,,,,,,,,,,,,0.0005
4,1280,train,0.1096966564655304,0.13755875825881958,0.1428772211074829,0.0,0.005895996931940317,0.005895996931940317,0.0,3.095254421234131,7.999999797903001e-05,0.017999999225139618,0.017999999225139618,0.017999999225139618,0.0006000000284984708,0.0006000000284984708,0.16577975451946259,0.009163707494735718,0.0,0.0,0.0,0.0,-1.5804516077041626,-1.5804516077041626,1.0,-1.5804516077041626,0.0,-4.160290718078613,2.713102340698242,1.0,0.16577975451946259,1.0,0.0,0.0,0.16577975451946259,0.0,0.0,0.009163707494735718,0.0,0.2908363342285156,0.08091842383146286,0.15253335237503052,0.6810948252677917,0.540115475654602,0.0,0.0,0.0,0.0,0.0,0.0,0.0,0.0,1.0,0.0,0.09421069920063019,0.23242318630218506,0.4216851592063904,0.04258250072598457,0.0,0.1428772211074829,0.13755875825881958,0.13755875825881958,0.14708000421524048,0.00897067692130804,-1.5839049516408465e-10,0.0,0.0,3.8946056365966797,3.8946056365966797,2.397167205810547,2.397167205810547,0.5291442275047302,0.0,0.0,0.0,0.0,0.29083630442619324,0.15893219411373138,0.02449277602136135,0.958386242389679,0.540115475654602,0.12202819436788559,2.5904669761657715,2.3252334594726562,2.397167205810547,2.3730626106262207,2.713102340698242,0.1861751675605774,0.08264065533876419,1.0,2.7462074756622314,2.8597450256347656,2.884885787963867,0.0,0.0,0.0,0.0,0.0,0.0,0.0,,,,,,,,,,,,,,,,,0.0005
4,1300,train,0.10261107236146927,0.13256660103797913,0.1389966756105423,0.0,0.0061246780678629875,0.0061246780678629875,0.0,3.2176215648651123,7.999999797903001e-05,0.017999999225139618,0.017999999225139618,0.017999999225139618,0.0006000000284984708,0.0006000000284984708,0.16778558492660522,0.015828877687454224,0.0,0.0,0.0,0.0,-1.6175748109817505,-1.6175748109817505,1.0,-1.6175748109817505,0.0,-4.208693027496338,2.730569362640381,1.0,0.16778558492660522,1.0,0.0,0.0,0.16778558492660522,0.0,0.0,0.015828877687454224,0.0,0.3158288896083832,0.1083841398358345,0.1618480533361435,0.6829755306243896,0.552605152130127,0.0,0.0,0.0,0.0,0.0,0.0,0.0,0.0,1.0,0.0,0.10034652054309845,0.251394122838974,0.40964654088020325,0.03785758092999458,0.0,0.1389966756105423,0.13256660103797913,0.13256660103797913,0.14189396798610687,-0.029559742659330368,-1.1412474437699771e-10,0.0,0.0,3.8457109928131104,3.8457109928131104,2.3165130615234375,2.3165130615234375,0.5029752850532532,0.0,0.0,0.0,0.0,0.3158288896083832,0.1726132333278656,0.018030505627393723,0.9183874726295471,0.552605152130127,0.16246937215328217,2.549659013748169,2.2331032752990723,2.3165130615234375,2.391679048538208,2.730569362640381,0.17929285764694214,0.07962718605995178,1.0,2.7490506172180176,2.935715436935425,2.986846685409546,0.0,0.0,0.0,0.0,0.0,0.0,0.0,,,,,,,,,,,,,,,,,0.0005
4,1320,train,0.11492595076560974,0.14334093034267426,0.1523902416229248,0.0,0.006481609307229519,0.006481609307229519,0.0,3.1848225593566895,7.999999797903001e-05,0.017999999225139618,0.017999999225139618,0.017999999225139618,0.0006000000284984708,0.0006000000284984708,0.16231487691402435,0.019329309463500977,0.0,0.0,0.0,0.0,-1.6492632627487183,-1.6492632627487183,1.0,-1.6492632627487183,0.0,-4.251566410064697,2.548250913619995,1.0,0.16231487691402435,1.0,0.0,0.0,0.16231487691402435,0.0,0.0,0.019329309463500977,0.0,0.280670702457428,0.09731021523475647,0.09255906194448471,0.7331892848014832,0.5302523374557495,0.0,0.0,0.0,0.0,0.0,0.0,0.0,0.0,1.0,0.0,0.08794955164194107,0.23540277779102325,0.413921982049942,0.03935018181800842,0.0,0.1523902416229248,0.14334093034267426,0.14334093034267426,0.14379478991031647,0.04447301849722862,-5.67483837699001e-11,0.0,0.0,4.1548285484313965,4.1548285484313965,2.2987215518951416,2.2987215518951416,0.5793339610099792,0.0,0.0,0.0,0.0,0.280670702457428,0.1589994728565216,0.020013758912682533,0.8971917033195496,0.5302523374557495,0.11038603633642197,2.4214751720428467,2.287600517272949,2.2987215518951416,2.3134422302246094,2.548250913619995,0.16892819106578827,0.0726226270198822,1.0,2.8165230751037598,2.8969058990478516,2.8830833435058594,0.0,0.0,0.0,0.0,0.0,0.0,0.0,,,,,,,,,,,,,,,,,0.0005
4,1336,train_epoch,0.10907869982326816,0.13622851350796436,0.14410633132040143,0.0,0.0060935673975904365,0.0060935673975904365,0.0,3.1678392323191296,7.999999797903001e-05,0.017999999225139618,0.017999999225139618,0.017999999225139618,0.0006000000284984708,0.0006000000284984708,0.17039718242462523,0.021774483565798777,0.0,0.0,0.0,0.0,-1.5680415883749546,-1.5680415883749546,1.0,-1.5680415883749546,0.0,-4.098227314606398,2.65644705581094,1.0,0.17039718242462523,1.0,0.0,0.0,0.17039718242462523,0.0,0.0,0.021774483565798777,0.0,0.28126995711626407,0.09286441831308567,0.12105062226960045,0.6856070314338821,0.5303642979103648,0.0,0.0,0.0,0.0,0.0,0.0,0.0,0.0,1.0,0.0,0.09034682756769442,0.23287210095963792,0.4132190666155901,0.041265505951589454,0.0,0.14410633132040143,0.13622851350796436,0.13622851350796436,0.12743179183341785,0.018639040359750413,6.445685031492825e-12,0.0,0.0,3.987883862621056,3.987883869759337,2.317640261735745,2.317640261735745,0.4749978355126467,0.0,0.0,0.0,0.0,0.2812699539040377,0.15800482864508372,0.018502831657021167,0.9137711917568824,0.5303642979103648,0.1083261392966002,2.502828597308633,2.2609057512112005,2.317640261735745,2.3201994574712423,2.65644705581094,0.1785040960875814,0.07756871942006899,1.0,2.921182132052804,2.9201250333272055,2.9203257175262816,0.0,0.0,0.0,0.0,0.0,0.0,0.0,,,,,,,,,,,,,,,,,0.0005
4,1336,val,,,,,,,,,,,,,,,,,,,,,,,,,,,,,,,,,,,,,,,,,,,,,,,,,,,,,,,,,,,,,,,,,,,,,,,,,,,,,,,,,,,,,,,,,,,,,,,,,,,18.870079203768892,890.7555665712099,29.845528418361265,13.402939787856093,16.846450358897716,26.325559729612156,12.498099743782937,18.830372178876722,29.668038592997785,13.721300816750741,22.29628527701438,34.98994232361325,15.325469429428512,18.870079203768892,29.845528418361265,13.402939787856093,0.0005
4,1336,test,,,,,,,,,,,,,,,,,,,,,,,,,,,,,,,,,,,,,,,,,,,,,,,,,,,,,,,,,,,,,,,,,,,,,,,,,,,,,,,,,,,,,,,,,,,,,,,,,,,18.199929439269745,808.1566582757074,28.428096283003324,12.377469011255213,16.274622826962858,25.094509046382903,11.802144626239398,18.108991158975137,28.212090117981152,12.711173401222572,21.43063717060261,33.2527079439131,13.652175929095295,18.199929439269745,28.428096283003324,12.377469011255213,0.0005
5,1340,train,0.08004762977361679,0.12969931960105896,0.13750000298023224,0.0,0.005820343270897865,0.005820343270897865,0.0,3.0715646743774414,9.999999747378752e-05,0.024000000208616257,0.024000000208616257,0.024000000208616257,0.0007999999797903001,0.0007999999797903001,0.15240535140037537,0.017541587352752686,0.0,0.0,0.0,0.0,-1.6194685697555542,-1.6194685697555542,1.0,-1.6194685697555542,0.0,-4.205160140991211,2.562281370162964,1.0,0.15240535140037537,1.0,0.0,0.0,0.15240535140037537,0.0,0.0,0.017541587352752686,0.0,0.28245845437049866,0.0834117978811264,0.11575343459844589,0.7274743914604187,0.529656171798706,0.0,0.0,0.0,0.0,0.0,0.0,0.0,0.0,1.0,0.0,0.08387618511915207,0.231303408741951,0.40687379240989685,0.04218494892120361,0.0,0.13750000298023224,0.12969931960105896,0.12969931960105896,0.1311359703540802,-0.028709355741739273,-4.0383305033309114e-10,0.0,0.0,3.9181532859802246,3.9181532859802246,2.292489528656006,2.292489528656006,0.4779987335205078,0.0,0.0,0.0,0.0,0.28245842456817627,0.16248202323913574,0.008530663326382637,0.9599268436431885,0.529656171798706,0.11239277571439743,2.499425172805786,2.216094970703125,2.292489528656006,2.288773536682129,2.562281370162964,0.1779109537601471,0.08130574226379395,1.0,2.9022791385650635,2.865299701690674,2.910673141479492,0.0,0.0,0.0,0.0,0.0,0.0,0.0,,,,,,,,,,,,,,,,,0.0005
5,1360,train,0.08219268172979355,0.13131588697433472,0.1406751573085785,0.0,0.006393011659383774,0.006393011659383774,0.0,3.0614163875579834,9.999999747378752e-05,0.024000000208616257,0.024000000208616257,0.024000000208616257,0.0007999999797903001,0.0007999999797903001,0.18080344796180725,4.172325134277344e-07,0.0,0.0,0.0,0.0,-1.6221345663070679,-1.6221345663070679,1.0,-1.6221345663070679,0.0,-4.182990074157715,2.643566370010376,1.0,0.18080344796180725,1.0,0.0,0.0,0.18080344796180725,0.0,0.0,4.172325134277344e-07,0.0,0.3000004291534424,0.10654739290475845,0.11790760606527328,0.7564014792442322,0.5420324206352234,0.0,0.0,0.0,0.0,0.0,0.0,0.0,0.0,1.0,0.0,0.09657610952854156,0.26364612579345703,0.39758530259132385,0.041555099189281464,0.0,0.1406751573085785,0.13131588697433472,0.13131588697433472,0.1329432725906372,0.012861941941082478,-5.095898703011414e-10,0.0,0.0,3.8208396434783936,3.8208396434783936,2.306365489959717,2.306365489959717,0.4806896448135376,0.0,0.0,0.0,0.0,0.3000004291534424,0.16904030740261078,0.026657233014702797,0.9322423934936523,0.5420324206352234,0.14134497940540314,2.3968915939331055,2.2673888206481934,2.306365489959717,2.3323113918304443,2.643566370010376,0.16864824295043945,0.07320348918437958,1.0,2.6772518157958984,2.8519158363342285,2.8694443702697754,0.0,0.0,0.0,0.0,0.0,0.0,0.0,,,,,,,,,,,,,,,,,0.0005
5,1380,train,0.07978271692991257,0.1300259232521057,0.1326829493045807,0.0,0.005719288717955351,0.005719288717955351,0.0,2.993577480316162,9.999999747378752e-05,0.024000000208616257,0.024000000208616257,0.024000000208616257,0.0007999999797903001,0.0007999999797903001,0.177301824092865,0.0028590261936187744,0.0,0.0,0.0,0.0,-1.6116777658462524,-1.6116777658462524,1.0,-1.6116777658462524,0.0,-4.1884660720825195,2.6574952602386475,1.0,0.177301824092865,1.0,0.0,0.0,0.177301824092865,0.0,0.0,0.0028590261936187744,0.0,0.30285903811454773,0.09225660562515259,0.159748375415802,0.7748711109161377,0.5583532452583313,0.0,0.0,0.0,0.0,0.0,0.0,0.0,0.0,1.0,0.0,0.08844606578350067,0.22812366485595703,0.4067261517047882,0.04457012936472893,0.0,0.1326829493045807,0.1300259232521057,0.1300259232521057,0.13034895062446594,-0.03668370470404625,2.553798561510945e-10,0.0,0.0,3.839045763015747,3.839045286178589,2.3281917572021484,2.3281917572021484,0.48245784640312195,0.0,0.0,0.0,0.0,0.30285903811454773,0.1509384959936142,0.014132402837276459,0.9070538282394409,0.5583532452583313,0.10781250894069672,2.423330307006836,2.291306734085083,2.3281917572021484,2.346153974533081,2.6574952602386475,0.17620953917503357,0.07648727297782898,1.0,2.7069356441497803,2.8148250579833984,2.8203587532043457,0.0,0.0,0.0,0.0,0.0,0.0,0.0,,,,,,,,,,,,,,,,,0.0005
5,1400,train,0.10146107524633408,0.1469273567199707,0.15348728001117706,0.0,0.006840489339083433,0.006840489339083433,0.0,2.9200570583343506,9.999999747378752e-05,0.024000000208616257,0.024000000208616257,0.024000000208616257,0.0007999999797903001,0.0007999999797903001,0.1731443852186203,0.01660504937171936,0.0,0.0,0.0,0.0,-1.5994106531143188,-1.5994106531143188,1.0,-1.5994106531143188,0.0,-4.182801246643066,2.575612783432007,1.0,0.1731443852186203,1.0,0.0,0.0,0.1731443852186203,0.0,0.0,0.01660504937171936,0.0,0.2833949625492096,0.07319051027297974,0.1475275754928589,0.7102043628692627,0.5474444627761841,0.0,0.0,0.0,0.0,0.0,0.0,0.0,0.0,1.0,0.0,0.08426522463560104,0.2353392243385315,0.40405958890914917,0.04742661118507385,0.0,0.15348728001117706,0.1469273567199707,0.1469273567199707,0.1501159965991974,0.05854806303977966,3.502432510682496e-10,0.0,0.0,3.882840633392334,3.882840633392334,2.2591872215270996,2.2591872215270996,0.5522366762161255,0.0,0.0,0.0,0.0,0.2833949625492096,0.13995757699012756,0.01498367264866829,0.8783006072044373,0.5474444627761841,0.08771446347236633,2.391488790512085,2.2274749279022217,2.2591872215270996,2.31754732131958,2.575612783432007,0.16663989424705505,0.07075422257184982,1.0,2.612271308898926,2.77575945854187,2.797091245651245,0.0,0.0,0.0,0.0,0.0,0.0,0.0,,,,,,,,,,,,,,,,,0.0005
5,1420,train,0.0685897096991539,0.12036731094121933,0.12554329633712769,0.0,0.00549664068967104,0.00549664068967104,0.0,3.02596378326416,9.999999747378752e-05,0.024000000208616257,0.024000000208616257,0.024000000208616257,0.0007999999797903001,0.0007999999797903001,0.15058204531669617,0.0036105215549468994,0.0,0.0,0.0,0.0,-1.613419532775879,-1.613419532775879,1.0,-1.613419532775879,0.0,-4.191259860992432,2.615584373474121,1.0,0.15058204531669617,1.0,0.0,0.0,0.15058204531669617,0.0,0.0,0.0036105215549468994,0.0,0.30361056327819824,0.09492240101099014,0.13657715916633606,0.707618236541748,0.5462298393249512,0.0,0.0,0.0,0.0,0.0,0.0,0.0,0.0,1.0,0.0,0.09305001050233841,0.23947319388389587,0.42044252157211304,0.04259670153260231,0.0,0.12554329633712769,0.12036731094121933,0.12036731094121933,0.12971283495426178,-0.011923381127417088,-1.6078068043601235e-10,0.0,0.0,3.8918490409851074,3.8918490409851074,2.381296396255493,2.381296396255493,0.48446476459503174,0.0,0.0,0.0,0.0,0.30361053347587585,0.16767765581607819,0.01549685187637806,0.9298940896987915,0.5462298393249512,0.1454657018184662,2.5441877841949463,2.3383326530456543,2.381296396255493,2.3490560054779053,2.615584373474121,0.18009503185749054,0.08146876841783524,1.0,2.897052049636841,2.855678081512451,2.839078426361084,0.0,0.0,0.0,0.0,0.0,0.0,0.0,,,,,,,,,,,,,,,,,0.0005
5,1440,train,0.0923033207654953,0.13996952772140503,0.1454838216304779,0.0,0.006182103417813778,0.006182103417813778,0.0,3.0198302268981934,9.999999747378752e-05,0.024000000208616257,0.024000000208616257,0.024000000208616257,0.0007999999797903001,0.0007999999797903001,0.14679771661758423,0.019232720136642456,0.0,0.0,0.0,0.0,-1.6113779544830322,-1.6113779544830322,1.0,-1.6113779544830322,0.0,-4.194350719451904,2.5944528579711914,1.0,0.14679771661758423,1.0,0.0,0.0,0.14679771661758423,0.0,0.0,0.019232720136642456,0.0,0.2807672917842865,0.0637291893362999,0.1457187831401825,0.6815978288650513,0.5396599769592285,0.0,0.0,0.0,0.0,0.0,0.0,0.0,0.0,1.0,0.0,0.09204516559839249,0.2333599328994751,0.4199715554714203,0.042821984738111496,0.0,0.1454838216304779,0.13996952772140503,0.13996952772140503,0.17106547951698303,0.07049742341041565,2.2710655578350725e-10,0.0,0.0,4.04456901550293,4.04456901550293,2.34958815574646,2.34958815574646,0.6788825392723083,0.0,0.0,0.0,0.0,0.2807672917842865,0.1472005695104599,0.017966682091355324,0.8912268877029419,0.5396599769592285,0.09054841101169586,2.469412326812744,2.3316638469696045,2.34958815574646,2.310051441192627,2.5944528579711914,0.1728164106607437,0.07599743455648422,1.0,3.0013418197631836,2.8730971813201904,2.8451545238494873,0.0,0.0,0.0,0.0,0.0,0.0,0.0,,,,,,,,,,,,,,,,,0.0005
5,1460,train,0.08989667892456055,0.13752789795398712,0.14615868031978607,0.0,0.006805401761084795,0.006805401761084795,0.0,2.961275577545166,9.999999747378752e-05,0.024000000208616257,0.024000000208616257,0.024000000208616257,0.0007999999797903001,0.0007999999797903001,0.1618061661720276,0.009402602910995483,0.0,0.0,0.0,0.0,-1.6137374639511108,-1.6137374639511108,1.0,-1.6137374639511108,0.0,-4.1556549072265625,2.666102409362793,1.0,0.1618061661720276,1.0,0.0,0.0,0.1618061661720276,0.0,0.0,0.009402602910995483,0.0,0.2905973792076111,0.10219228267669678,0.11632724851369858,0.7513325214385986,0.544262707233429,0.0,0.0,0.0,0.0,0.0,0.0,0.0,0.0,1.0,0.0,0.08827079087495804,0.2490653395652771,0.3998090326786041,0.04412462189793587,0.0,0.14615868031978607,0.13752789795398712,0.13752789795398712,0.14368286728858948,0.0014394104946404696,-8.293380565627118e-11,0.0,0.0,3.9622962474823,3.9622962474823,2.2981979846954346,2.2981979846954346,0.5444434881210327,0.0,0.0,0.0,0.0,0.29059740900993347,0.15459303557872772,0.022659238427877426,0.8978466391563416,0.544262707233429,0.11003370583057404,2.3738532066345215,2.280122995376587,2.2981979846954346,2.2925732135772705,2.666102409362793,0.17161503434181213,0.07388027012348175,1.0,2.888241767883301,2.8684937953948975,2.9406137466430664,0.0,0.0,0.0,0.0,0.0,0.0,0.0,,,,,,,,,,,,,,,,,0.0005
5,1480,train,0.10668526589870453,0.15166477859020233,0.16018198430538177,0.0,0.005874734837561846,0.005874734837561846,0.0,2.9359543323516846,9.999999747378752e-05,0.024000000208616257,0.024000000208616257,0.024000000208616257,0.0007999999797903001,0.0007999999797903001,0.15649273991584778,0.018167495727539062,0.0,0.0,0.0,0.0,-1.6164628267288208,-1.6164628267288208,1.0,-1.6164628267288208,0.0,-4.20613956451416,2.589371919631958,1.0,0.15649273991584778,1.0,0.0,0.0,0.15649273991584778,0.0,0.0,0.018167495727539062,0.0,0.2818325459957123,0.08005454391241074,0.1328229308128357,0.6726860404014587,0.5339751839637756,0.0,0.0,0.0,0.0,0.0,0.0,0.0,0.0,1.0,0.0,0.09373307973146439,0.2352868765592575,0.4263177812099457,0.045824505388736725,0.0,0.16018198430538177,0.15166477859020233,0.15166477859020233,0.16096067428588867,0.06061287224292755,1.6300998051388405e-10,0.0,0.0,3.8868818283081055,3.8868818283081055,2.3620429039001465,2.3620429039001465,0.5974048376083374,0.0,0.0,0.0,0.0,0.2818325161933899,0.15710027515888214,0.024184580892324448,0.9267385005950928,0.5339751839637756,0.1080729216337204,2.459122896194458,2.3382861614227295,2.3620429039001465,2.3103549480438232,2.589371919631958,0.17154449224472046,0.07305699586868286,1.0,2.8175487518310547,2.8880839347839355,2.8077774047851562,0.0,0.0,0.0,0.0,0.0,0.0,0.0,,,,,,,,,,,,,,,,,0.0005
5,1500,train,0.08919771760702133,0.13867062330245972,0.14279194176197052,0.0,0.005896763876080513,0.005896763876080513,0.0,2.891127824783325,9.999999747378752e-05,0.024000000208616257,0.024000000208616257,0.024000000208616257,0.0007999999797903001,0.0007999999797903001,0.1654762178659439,0.017477810382843018,0.0,0.0,0.0,0.0,-1.6376726627349854,-1.6376726627349854,1.0,-1.6376726627349854,0.0,-4.227406024932861,2.561429977416992,1.0,0.1654762178659439,1.0,0.0,0.0,0.1654762178659439,0.0,0.0,0.017477810382843018,0.0,0.28252220153808594,0.05916733667254448,0.1263500601053238,0.6133633852005005,0.5440779328346252,0.0,0.0,0.0,0.0,0.0,0.0,0.0,0.0,1.0,0.0,0.10052400827407837,0.23081941902637482,0.41354817152023315,0.046434998512268066,0.0,0.14279194176197052,0.13867062330245972,0.13867062330245972,0.13877180218696594,-1.4837349226581864e-05,5.640015537933252e-11,0.0,0.0,4.016711711883545,4.016711711883545,2.3632638454437256,2.3632638454437256,0.5401629209518433,0.0,0.0,0.0,0.0,0.28252220153808594,0.14411771297454834,0.0322829894721508,0.8688520193099976,0.5440779328346252,0.09019608050584793,2.4662394523620605,2.341495990753174,2.3632638454437256,2.2931320667266846,2.561429977416992,0.17754824459552765,0.07657016068696976,1.0,2.7620129585266113,2.7771804332733154,2.701514959335327,0.0,0.0,0.0,0.0,0.0,0.0,0.0,,,,,,,,,,,,,,,,,0.0005
5,1520,train,0.08559484779834747,0.13568487763404846,0.13663898408412933,0.0,0.007020120974630117,0.007020120974630117,0.0,2.923617124557495,9.999999747378752e-05,0.024000000208616257,0.024000000208616257,0.024000000208616257,0.0007999999797903001,0.0007999999797903001,0.15378542244434357,0.027658730745315552,0.0,0.0,0.0,0.0,-1.6254962682724,-1.6254962682724,1.0,-1.6254962682724,0.0,-4.2612433433532715,2.5664031505584717,1.0,0.15378542244434357,1.0,0.0,0.0,0.15378542244434357,0.0,0.0,0.027658730745315552,0.0,0.3276587724685669,0.11402040719985962,0.13156253099441528,0.6972140669822693,0.5613948702812195,0.0,0.0,0.0,0.0,0.0,0.0,0.0,0.0,1.0,0.0,0.07942057400941849,0.2387058138847351,0.38958314061164856,0.04428957775235176,0.0,0.13663898408412933,0.13568487763404846,0.13568487763404846,0.13876856863498688,0.018965428695082664,1.0791048610236942e-10,0.0,0.0,3.958832263946533,3.958832263946533,2.246173620223999,2.246173620223999,0.5410332679748535,0.0,0.0,0.0,0.0,0.3276587426662445,0.17459535598754883,0.019708184525370598,0.8930951356887817,0.5613948702812195,0.18970589339733124,2.3187737464904785,2.2144219875335693,2.246173620223999,2.2403910160064697,2.5664031505584717,0.16911065578460693,0.07327255606651306,1.0,2.966888904571533,2.878197431564331,2.9055469036102295,0.0,0.0,0.0,0.0,0.0,0.0,0.0,,,,,,,,,,,,,,,,,0.0005
5,1540,train,0.09060700237751007,0.1401911973953247,0.14499826729297638,0.0,0.006201888434588909,0.006201888434588909,0.0,3.057821273803711,9.999999747378752e-05,0.024000000208616257,0.024000000208616257,0.024000000208616257,0.0007999999797903001,0.0007999999797903001,0.16103360056877136,0.0008308589458465576,0.0,0.0,0.0,0.0,-1.6493327617645264,-1.6493327617645264,1.0,-1.6493327617645264,0.0,-4.272275447845459,2.624404191970825,1.0,0.16103360056877136,1.0,0.0,0.0,0.16103360056877136,0.0,0.0,0.0008308589458465576,0.0,0.3008309006690979,0.08622356504201889,0.09929591417312622,0.7224217653274536,0.5517301559448242,0.0,0.0,0.0,0.0,0.0,0.0,0.0,0.0,1.0,0.0,0.09536495059728622,0.24369345605373383,0.4108962416648865,0.039867185056209564,0.0,0.14499826729297638,0.1401911973953247,0.1401911973953247,0.1577005684375763,0.03490913659334183,2.902559581574593e-10,0.0,0.0,3.8318090438842773,3.8318090438842773,2.3650951385498047,2.3650951385498047,0.5835923552513123,0.0,0.0,0.0,0.0,0.3008308708667755,0.15674257278442383,0.009955186396837234,0.921515166759491,0.5517301559448242,0.12789522111415863,2.4537713527679443,2.337337017059326,2.3650951385498047,2.3545260429382324,2.624404191970825,0.17408132553100586,0.07565497606992722,1.0,2.882368564605713,2.8777084350585938,2.881392002105713,0.0,0.0,0.0,0.0,0.0,0.0,0.0,,,,,,,,,,,,,,,,,0.0005
5,1560,train,0.07525674998760223,0.1253776252269745,0.13318002223968506,0.0,0.005586068611592054,0.005586068611592054,0.0,2.9293785095214844,9.999999747378752e-05,0.024000000208616257,0.024000000208616257,0.024000000208616257,0.0007999999797903001,0.0007999999797903001,0.15854236483573914,0.002459704875946045,0.0,0.0,0.0,0.0,-1.6106808185577393,-1.6106808185577393,1.0,-1.6106808185577393,0.0,-4.200817584991455,2.7239983081817627,1.0,0.15854236483573914,1.0,0.0,0.0,0.15854236483573914,0.0,0.0,0.002459704875946045,0.0,0.2975403070449829,0.08878856897354126,0.11880448460578918,0.6854414939880371,0.5449962019920349,0.0,0.0,0.0,0.0,0.0,0.0,0.0,0.0,1.0,0.0,0.1166485920548439,0.2459263801574707,0.42192262411117554,0.045716285705566406,0.0,0.13318002223968506,0.1253776252269745,0.1253776252269745,0.14736486971378326,-0.014275142922997475,-2.0295982949836144e-10,0.0,0.0,4.082695960998535,4.082695484161377,2.4558815956115723,2.4558815956115723,0.5748157501220703,0.0,0.0,0.0,0.0,0.2975403070449829,0.16215075552463531,0.023654745891690254,0.934119701385498,0.5449962019920349,0.12976409494876862,2.5980911254882812,2.4077298641204834,2.4558815956115723,2.436941146850586,2.7239983081817627,0.1862809658050537,0.08393626660108566,1.0,2.9688425064086914,2.834240674972534,2.807584285736084,0.0,0.0,0.0,0.0,0.0,0.0,0.0,,,,,,,,,,,,,,,,,0.0005
5,1580,train,0.0786556527018547,0.12888936698436737,0.1342502385377884,0.0,0.005755935329943895,0.005755935329943895,0.0,3.005635976791382,9.999999747378752e-05,0.024000000208616257,0.024000000208616257,0.024000000208616257,0.0007999999797903001,0.0007999999797903001,0.14502917230129242,0.01853850483894348,0.0,0.0,0.0,0.0,-1.6177775859832764,-1.6177775859832764,1.0,-1.6177775859832764,0.0,-4.2337164878845215,2.6698992252349854,1.0,0.14502917230129242,1.0,0.0,0.0,0.14502917230129242,0.0,0.0,0.01853850483894348,0.0,0.31853851675987244,0.08231654763221741,0.15015298128128052,0.7140454053878784,0.5682826042175293,0.0,0.0,0.0,0.0,0.0,0.0,0.0,0.0,1.0,0.0,0.10495400428771973,0.2645285129547119,0.4090384542942047,0.042573705315589905,0.0,0.1342502385377884,0.12888936698436737,0.12888936698436737,0.14678551256656647,0.03622148931026459,9.753708257731475e-11,0.0,0.0,4.033667087554932,4.033667087554932,2.3172764778137207,2.3172764778137207,0.57767254114151,0.0,0.0,0.0,0.0,0.31853851675987244,0.15625658631324768,0.0155197037383914,0.9330302476882935,0.5682826042175293,0.1394454687833786,2.4136507511138916,2.3051087856292725,2.3172764778137207,2.359581232070923,2.6698992252349854,0.17339573800563812,0.07599734514951706,1.0,3.0877954959869385,2.915287733078003,2.96014666557312,0.0,0.0,0.0,0.0,0.0,0.0,0.0,,,,,,,,,,,,,,,,,0.0005
5,1600,train,0.0882095918059349,0.1370534896850586,0.14112386107444763,0.0,0.00732149975374341,0.00732149975374341,0.0,2.9810564517974854,9.999999747378752e-05,0.024000000208616257,0.024000000208616257,0.024000000208616257,0.0007999999797903001,0.0007999999797903001,0.15166397392749786,0.0039723217487335205,0.0,0.0,0.0,0.0,-1.6180622577667236,-1.6180622577667236,1.0,-1.6180622577667236,0.0,-4.1849141120910645,2.6500978469848633,1.0,0.15166397392749786,1.0,0.0,0.0,0.15166397392749786,0.0,0.0,0.0039723217487335205,0.0,0.30397239327430725,0.08465341478586197,0.1323719471693039,0.6600701808929443,0.5544923543930054,0.0,0.0,0.0,0.0,0.0,0.0,0.0,0.0,1.0,0.0,0.09528718143701553,0.2518216669559479,0.4162045419216156,0.04262708127498627,0.0,0.14112386107444763,0.1370534896850586,0.1370534896850586,0.16098034381866455,0.009293030947446823,-2.8800617446478327e-10,0.0,0.0,3.9128310680389404,3.9128310680389404,2.372107744216919,2.372107744216919,0.5944545865058899,0.0,0.0,0.0,0.0,0.3039723336696625,0.15760129690170288,0.014806865714490414,0.9368653297424316,0.5544923543930054,0.12415748089551926,2.4794576168060303,2.352289915084839,2.372107744216919,2.3047566413879395,2.6500978469848633,0.17850524187088013,0.07983154058456421,1.0,2.7703466415405273,2.888469696044922,2.9324607849121094,0.0,0.0,0.0,0.0,0.0,0.0,0.0,,,,,,,,,,,,,,,,,0.0005
5,1620,train,0.07683173567056656,0.12810923159122467,0.133234441280365,0.0,0.005616668611764908,0.005616668611764908,0.0,2.9142072200775146,9.999999747378752e-05,0.024000000208616257,0.024000000208616257,0.024000000208616257,0.0007999999797903001,0.0007999999797903001,0.14985588192939758,0.025979071855545044,0.0,0.0,0.0,0.0,-1.6352345943450928,-1.6352345943450928,1.0,-1.6352345943450928,0.0,-4.224219799041748,2.6344258785247803,1.0,0.14985588192939758,1.0,0.0,0.0,0.14985588192939758,0.0,0.0,0.025979071855545044,0.0,0.2740209996700287,0.0750890001654625,0.08913068473339081,0.6084188222885132,0.5318750739097595,0.0,0.0,0.0,0.0,0.0,0.0,0.0,0.0,1.0,0.0,0.11578750610351562,0.251412957906723,0.40888476371765137,0.044402774423360825,0.0,0.133234441280365,0.12810923159122467,0.12810923159122467,0.13587898015975952,-0.0006951124523766339,1.0348993190190114e-10,0.0,0.0,4.060989856719971,4.060989856719971,2.3588175773620605,2.3588175773620605,0.5308370590209961,0.0,0.0,0.0,0.0,0.2740209400653839,0.14865799248218536,0.021605724468827248,0.9191750288009644,0.5318750739097595,0.08589155226945877,2.5210647583007812,2.3314056396484375,2.3588175773620605,2.378199338912964,2.6344258785247803,0.18026524782180786,0.07807359844446182,1.0,3.0140442848205566,2.906674861907959,2.867612361907959,0.0,0.0,0.0,0.0,0.0,0.0,0.0,,,,,,,,,,,,,,,,,0.0005
5,1640,train,0.08668745309114456,0.13616600632667542,0.14067639410495758,0.0,0.006314409431070089,0.006314409431070089,0.0,2.9444265365600586,9.999999747378752e-05,0.024000000208616257,0.024000000208616257,0.024000000208616257,0.0007999999797903001,0.0007999999797903001,0.1643863320350647,0.0172559916973114,0.0,0.0,0.0,0.0,-1.629273533821106,-1.629273533821106,1.0,-1.629273533821106,0.0,-4.2199249267578125,2.594700813293457,1.0,0.1643863320350647,1.0,0.0,0.0,0.1643863320350647,0.0,0.0,0.0172559916973114,0.0,0.28274402022361755,0.07688300311565399,0.13294488191604614,0.6301018595695496,0.5394808053970337,0.0,0.0,0.0,0.0,0.0,0.0,0.0,0.0,1.0,0.0,0.10452240705490112,0.2528659999370575,0.40995630621910095,0.0437132753431797,0.0,0.14067639410495758,0.13616600632667542,0.13616600632667542,0.14072741568088531,0.002261390443891287,2.9027216741361883e-10,0.0,0.0,3.944765329360962,3.944765329360962,2.3705735206604004,2.3705735206604004,0.5289774537086487,0.0,0.0,0.0,0.0,0.28274402022361755,0.15028558671474457,0.007509571500122547,0.8807622790336609,0.5394808053970337,0.09662991017103195,2.4421753883361816,2.34464955329895,2.3705735206604004,2.3323347568511963,2.594700813293457,0.17504437267780304,0.07718105614185333,1.0,2.7915735244750977,2.8229751586914062,2.7963662147521973,0.0,0.0,0.0,0.0,0.0,0.0,0.0,,,,,,,,,,,,,,,,,0.0005
5,1660,train,0.07782675325870514,0.12958316504955292,0.13401052355766296,0.0,0.006459216587245464,0.006459216587245464,0.0,3.0220015048980713,9.999999747378752e-05,0.024000000208616257,0.024000000208616257,0.024000000208616257,0.0007999999797903001,0.0007999999797903001,0.1464906930923462,0.00727766752243042,0.0,0.0,0.0,0.0,-1.6487239599227905,-1.6487239599227905,1.0,-1.6487239599227905,0.0,-4.2575178146362305,2.6072371006011963,1.0,0.1464906930923462,1.0,0.0,0.0,0.1464906930923462,0.0,0.0,0.00727766752243042,0.0,0.3072776794433594,0.07223089784383774,0.15463241934776306,0.6184695363044739,0.5574381351470947,0.0,0.0,0.0,0.0,0.0,0.0,0.0,0.0,1.0,0.0,0.09861835837364197,0.2612668573856354,0.4066542387008667,0.04064016416668892,0.0,0.13401052355766296,0.12958316504955292,0.12958316504955292,0.1471862643957138,0.017842968925833702,-2.56686755184532e-10,0.0,0.0,3.847916603088379,3.847916603088379,2.3362419605255127,2.3362419605255127,0.5519530177116394,0.0,0.0,0.0,0.0,0.3072776794433594,0.15752141177654266,0.009605759754776955,0.8943367600440979,0.5574381351470947,0.1263633668422699,2.4190444946289062,2.317514419555664,2.3362419605255127,2.3755910396575928,2.6072371006011963,0.17485326528549194,0.07651776820421219,1.0,2.8176236152648926,2.814095973968506,2.77581787109375,0.0,0.0,0.0,0.0,0.0,0.0,0.0,,,,,,,,,,,,,,,,,0.0005
5,1670,train_epoch,0.08356795734363402,0.13330395845417492,0.13876140621786345,0.0,0.006230959263044649,0.006230959263044649,0.0,2.9718004850570314,9.999999747378752e-05,0.024000000208616257,0.024000000208616257,0.024000000208616257,0.0007999999797903001,0.0007999999797903001,0.1583955529519541,0.012709825160260686,0.0,0.0,0.0,0.0,-1.6264976884076696,-1.6264976884076696,1.0,-1.6264976884076696,0.0,-4.219874704669335,2.6019369934847254,1.0,0.1583955529519541,1.0,0.0,0.0,0.1583955529519541,0.0,0.0,0.012709825160260686,0.0,0.30094874949155453,0.0873401370011047,0.13197673161229687,0.687920094071748,0.5495059570509516,0.0,0.0,0.0,0.0,0.0,0.0,0.0,0.0,1.0,0.0,0.09458967358498516,0.24595670308360082,0.40381294408601204,0.04369161920454688,0.0,0.13876140621786345,0.13330395845417492,0.13330395845417492,0.14264928665525184,0.020436203429607395,-2.1423175835645297e-11,0.0,0.0,3.938249834283383,3.9382498357110394,2.3186868964555023,2.3186868964555023,0.5404121036122659,0.0,0.0,0.0,0.0,0.30094874351324435,0.15931228173528603,0.01830203455041893,0.9056191019669264,0.5495059570509516,0.1274529140509531,2.4254245529631655,2.288783935015787,2.3186868964555023,2.318486031657921,2.6019369934847254,0.17328405536398916,0.07580994732097951,1.0,2.872102202055697,2.872977137565613,2.872918578678976,0.0,0.0,0.0,0.0,0.0,0.0,0.0,,,,,,,,,,,,,,,,,0.0005
5,1670,val,,,,,,,,,,,,,,,,,,,,,,,,,,,,,,,,,,,,,,,,,,,,,,,,,,,,,,,,,,,,,,,,,,,,,,,,,,,,,,,,,,,,,,,,,,,,,,,,,,,18.41378928090001,853.8865665745091,29.221337521997672,12.40540107091268,16.578978431117427,26.073121579030953,11.175121414768803,18.388492373732834,29.084950248938107,12.50588881432473,21.600344408739794,33.94901896884221,14.644723694603723,18.41378928090001,29.221337521997672,12.40540107091268,0.0005
5,1670,test,,,,,,,,,,,,,,,,,,,,,,,,,,,,,,,,,,,,,,,,,,,,,,,,,,,,,,,,,,,,,,,,,,,,,,,,,,,,,,,,,,,,,,,,,,,,,,,,,,,17.792360189798718,774.3587430661863,27.827302116198513,11.52494510014852,16.031714069950688,24.85564752857164,10.56460090585657,17.717300685676367,27.65262567282273,11.610760783290004,20.825848476306813,32.25303320743892,13.294663777222505,17.792360189798718,27.827302116198513,11.52494510014852,0.0005
6,1680,train,0.05896645784378052,0.13063262403011322,0.13392674922943115,0.0,0.007632879074662924,0.007632879074662924,0.0,2.9906058311462402,9.999999747378752e-05,0.029999999329447746,0.029999999329447746,0.029999999329447746,0.0010000000474974513,0.0010000000474974513,0.15350399911403656,0.008034855127334595,0.0,0.0,0.0,0.0,-1.6523516178131104,-1.6523516178131104,1.0,-1.6523516178131104,0.0,-4.27534818649292,2.5165116786956787,1.0,0.15350399911403656,1.0,0.0,0.0,0.15350399911403656,0.0,0.0,0.008034855127334595,0.0,0.30803486704826355,0.0812244638800621,0.12964312732219696,0.6445925235748291,0.5553194880485535,0.0,0.0,0.0,0.0,0.0,0.0,0.0,0.0,1.0,0.0,0.10418827086687088,0.27558305859565735,0.40800225734710693,0.04175342991948128,0.0,0.13392674922943115,0.13063262403011322,0.13063262403011322,0.15298613905906677,0.0674714520573616,1.7630141790903053e-10,0.0,0.0,3.9024806022644043,3.9024806022644043,2.342411994934082,2.342411994934082,0.5822150111198425,0.0,0.0,0.0,0.0,0.30803486704826355,0.16048385202884674,0.005653176922351122,0.915736198425293,0.5553194880485535,0.13555453717708588,2.4136955738067627,2.3166346549987793,2.342411994934082,2.3143508434295654,2.5165116786956787,0.1686839908361435,0.0763060599565506,1.0,2.8310976028442383,2.902919292449951,2.8274009227752686,0.0,0.0,0.0,0.0,0.0,0.0,0.0,,,,,,,,,,,,,,,,,0.0005
6,1700,train,0.07727756351232529,0.14559505879878998,0.15080392360687256,0.0,0.005843976978212595,0.005843976978212595,0.0,2.8679468631744385,9.999999747378752e-05,0.029999999329447746,0.029999999329447746,0.029999999329447746,0.0010000000474974513,0.0010000000474974513,0.16138169169425964,0.0372929573059082,0.0,0.0,0.0,0.0,-1.6523176431655884,-1.6523176431655884,1.0,-1.6523176431655884,0.0,-4.276248931884766,2.543928861618042,1.0,0.16138169169425964,1.0,0.0,0.0,0.16138169169425964,0.0,0.0,0.0372929573059082,0.0,0.26270705461502075,0.07148318737745285,0.11049526929855347,0.6461881995201111,0.5275622010231018,0.0,0.0,0.0,0.0,0.0,0.0,0.0,0.0,1.0,0.0,0.10638882219791412,0.2396833300590515,0.40217211842536926,0.046311624348163605,0.0,0.15080392360687256,0.14559505879878998,0.14559505879878998,0.1471102088689804,0.04307485371828079,2.2039861602429767e-10,0.0,0.0,4.004756450653076,4.004756450653076,2.319605588912964,2.319605588912964,0.5837395191192627,0.0,0.0,0.0,0.0,0.26270705461502075,0.13681356608867645,0.009696087799966335,0.8722206354141235,0.5275622010231018,0.06272978335618973,2.3656466007232666,2.311795949935913,2.319605588912964,2.281259059906006,2.543928861618042,0.16840209066867828,0.07282958179712296,1.0,2.8176138401031494,2.8503589630126953,2.805190086364746,0.0,0.0,0.0,0.0,0.0,0.0,0.0,,,,,,,,,,,,,,,,,0.0005
6,1720,train,0.061784256249666214,0.1338016837835312,0.1378774344921112,0.0,0.006084487773478031,0.006084487773478031,0.0,2.9337260723114014,9.999999747378752e-05,0.029999999329447746,0.029999999329447746,0.029999999329447746,0.0010000000474974513,0.0010000000474974513,0.1493125557899475,0.0042976438999176025,0.0,0.0,0.0,0.0,-1.6703741550445557,-1.6703741550445557,1.0,-1.6703741550445557,0.0,-4.316035270690918,2.524611473083496,1.0,0.1493125557899475,1.0,0.0,0.0,0.1493125557899475,0.0,0.0,0.0042976438999176025,0.0,0.29570236802101135,0.06921135634183884,0.14416606724262238,0.6331554651260376,0.5565413236618042,0.0,0.0,0.0,0.0,0.0,0.0,0.0,0.0,1.0,0.0,0.096430204808712,0.2379830777645111,0.3954088091850281,0.04316922649741173,0.0,0.1378774344921112,0.1338016837835312,0.1338016837835312,0.13942067325115204,0.028533706441521645,2.0411004830744872e-10,0.0,0.0,3.8862111568450928,3.8862106800079346,2.3030507564544678,2.3030507564544678,0.5307958126068115,0.0,0.0,0.0,0.0,0.29570236802101135,0.14407730102539062,0.006888003554195166,0.8428323864936829,0.5565413236618042,0.09649203717708588,2.321040391921997,2.3090906143188477,2.3030507564544678,2.2656807899475098,2.524611473083496,0.17225970327854156,0.07195530831813812,1.0,2.7212564945220947,2.7487525939941406,2.761476516723633,0.0,0.0,0.0,0.0,0.0,0.0,0.0,,,,,,,,,,,,,,,,,0.0005
6,1740,train,0.06916845589876175,0.14017750322818756,0.14382201433181763,0.0,0.005777526181191206,0.005777526181191206,0.0,2.9642703533172607,9.999999747378752e-05,0.029999999329447746,0.029999999329447746,0.029999999329447746,0.0010000000474974513,0.0010000000474974513,0.1583826243877411,0.0012928545475006104,0.0,0.0,0.0,0.0,-1.6733813285827637,-1.6733813285827637,1.0,-1.6733813285827637,0.0,-4.2972588539123535,2.529311418533325,1.0,0.1583826243877411,1.0,0.0,0.0,0.1583826243877411,0.0,0.0,0.0012928545475006104,0.0,0.29870709776878357,0.07983942329883575,0.125288188457489,0.6860451698303223,0.5560669302940369,0.0,0.0,0.0,0.0,0.0,0.0,0.0,0.0,1.0,0.0,0.1064896211028099,0.24311770498752594,0.4044160544872284,0.04267320781946182,0.0,0.14382201433181763,0.14017750322818756,0.14017750322818756,0.14792823791503906,0.03738795965909958,-2.5619423249523265e-10,0.0,0.0,3.9549567699432373,3.9549567699432373,2.3359215259552,2.3359215259552,0.5552803874015808,0.0,0.0,0.0,0.0,0.29870715737342834,0.14955978095531464,0.023380370810627937,0.8626417517662048,0.5560669302940369,0.10867034643888474,2.3950812816619873,2.3216755390167236,2.3359215259552,2.296619415283203,2.529311418533325,0.17004330456256866,0.07168940454721451,1.0,2.690340757369995,2.7845726013183594,2.742476463317871,0.0,0.0,0.0,0.0,0.0,0.0,0.0,,,,,,,,,,,,,,,,,0.0005
6,1760,train,0.06778954714536667,0.13774928450584412,0.14258579909801483,0.0,0.006756072863936424,0.006756072863936424,0.0,2.9852383136749268,9.999999747378752e-05,0.029999999329447746,0.029999999329447746,0.029999999329447746,0.0010000000474974513,0.0010000000474974513,0.15590226650238037,0.017842024564743042,0.0,0.0,0.0,0.0,-1.6525310277938843,-1.6525310277938843,1.0,-1.6525310277938843,0.0,-4.309178352355957,2.5545754432678223,1.0,0.15590226650238037,1.0,0.0,0.0,0.15590226650238037,0.0,0.0,0.017842024564743042,0.0,0.317842036485672,0.07417228072881699,0.13906821608543396,0.6593965888023376,0.5685706734657288,0.0,0.0,0.0,0.0,0.0,0.0,0.0,0.0,1.0,0.0,0.11371883004903793,0.2612359821796417,0.39144787192344666,0.041264794766902924,0.0,0.14258579909801483,0.13774928450584412,0.13774928450584412,0.14070728421211243,0.045068081468343735,-3.099120612914952e-11,0.0,0.0,3.885798931121826,3.885798931121826,2.2616255283355713,2.2616255283355713,0.5322750210762024,0.0,0.0,0.0,0.0,0.317842036485672,0.15448719263076782,0.013844931498169899,0.9344244599342346,0.5685706734657288,0.1328737884759903,2.3665237426757812,2.2408242225646973,2.2616255283355713,2.2875750064849854,2.5545754432678223,0.16921678185462952,0.07479081302881241,1.0,2.6976966857910156,2.8646724224090576,2.8791847229003906,0.0,0.0,0.0,0.0,0.0,0.0,0.0,,,,,,,,,,,,,,,,,0.0005
6,1780,train,0.059460632503032684,0.1325141042470932,0.13472585380077362,0.0,0.006604816298931837,0.006604816298931837,0.0,3.0304811000823975,9.999999747378752e-05,0.029999999329447746,0.029999999329447746,0.029999999329447746,0.0010000000474974513,0.0010000000474974513,0.15071435272693634,0.006193757057189941,0.0,0.0,0.0,0.0,-1.677612543106079,-1.677612543106079,1.0,-1.677612543106079,0.0,-4.353331565856934,2.4798097610473633,1.0,0.15071435272693634,1.0,0.0,0.0,0.15071435272693634,0.0,0.0,0.006193757057189941,0.0,0.3061937689781189,0.0927421823143959,0.11284928023815155,0.6689296960830688,0.5574281811714172,0.0,0.0,0.0,0.0,0.0,0.0,0.0,0.0,1.0,0.0,0.09495863318443298,0.24135145545005798,0.3892655670642853,0.039477743208408356,0.0,0.13472585380077362,0.1325141042470932,0.1325141042470932,0.14038647711277008,0.049091700464487076,-2.7283295414570752e-11,0.0,0.0,4.004121780395508,4.004121780395508,2.2544362545013428,2.2544362545013428,0.5669823288917542,0.0,0.0,0.0,0.0,0.3061937689781189,0.1568974405527115,0.009465739130973816,0.8845407962799072,0.5574281811714172,0.12901349365711212,2.2995057106018066,2.237920045852661,2.2544362545013428,2.193887710571289,2.4798097610473633,0.16814133524894714,0.07008621096611023,1.0,2.9051599502563477,2.8467440605163574,2.8369548320770264,0.0,0.0,0.0,0.0,0.0,0.0,0.0,,,,,,,,,,,,,,,,,0.0005
6,1800,train,0.051562968641519547,0.12367980182170868,0.1283782720565796,0.0,0.00667931605130434,0.00667931605130434,0.0,3.0983622074127197,9.999999747378752e-05,0.029999999329447746,0.029999999329447746,0.029999999329447746,0.0010000000474974513,0.0010000000474974513,0.15327851474285126,0.011473417282104492,0.0,0.0,0.0,0.0,-1.6411242485046387,-1.6411242485046387,1.0,-1.6411242485046387,0.0,-4.232606887817383,2.7306857109069824,1.0,0.15327851474285126,1.0,0.0,0.0,0.15327851474285126,0.0,0.0,0.011473417282104492,0.0,0.31147342920303345,0.09188570827245712,0.12993746995925903,0.6979307532310486,0.5606390833854675,0.0,0.0,0.0,0.0,0.0,0.0,0.0,0.0,1.0,0.0,0.11632876098155975,0.2720193564891815,0.4103996157646179,0.03700576722621918,0.0,0.1283782720565796,0.12367980182170868,0.12367980182170868,0.15304476022720337,0.011641395278275013,4.2133077582384715e-10,0.0,0.0,3.9037530422210693,3.9037530422210693,2.4104111194610596,2.4104111194610596,0.5815020799636841,0.0,0.0,0.0,0.0,0.31147342920303345,0.15873411297798157,0.012354356236755848,0.8649256825447083,0.5606390833854675,0.13633579015731812,2.538738965988159,2.376075267791748,2.4104111194610596,2.432166337966919,2.7306857109069824,0.1839236170053482,0.08227122575044632,1.0,2.850649356842041,2.817302703857422,2.8521265983581543,0.0,0.0,0.0,0.0,0.0,0.0,0.0,,,,,,,,,,,,,,,,,0.0005
6,1820,train,0.08003240823745728,0.14827512204647064,0.15290102362632751,0.0,0.006882070563733578,0.006882070563733578,0.0,2.9840569496154785,9.999999747378752e-05,0.029999999329447746,0.029999999329447746,0.029999999329447746,0.0010000000474974513,0.0010000000474974513,0.1457749307155609,0.004018276929855347,0.0,0.0,0.0,0.0,-1.6579595804214478,-1.6579595804214478,1.0,-1.6579595804214478,0.0,-4.323214530944824,2.5204806327819824,1.0,0.1457749307155609,1.0,0.0,0.0,0.1457749307155609,0.0,0.0,0.004018276929855347,0.0,0.3040182888507843,0.06977728754281998,0.1208125501871109,0.6038436889648438,0.562859058380127,0.0,0.0,0.0,0.0,0.0,0.0,0.0,0.0,1.0,0.0,0.09084144979715347,0.2466726005077362,0.3979310393333435,0.0412696935236454,0.0,0.15290102362632751,0.14827512204647064,0.14827512204647064,0.1477256417274475,0.07849488407373428,5.264506192093066e-11,0.0,0.0,3.919142484664917,3.919142484664917,2.298323154449463,2.298323154449463,0.5587077736854553,0.0,0.0,0.0,0.0,0.3040182888507843,0.14615631103515625,0.01045773085206747,0.8716626167297363,0.562859058380127,0.11213236302137375,2.3210556507110596,2.3006908893585205,2.298323154449463,2.2967529296875,2.5204806327819824,0.1666518598794937,0.07060873508453369,1.0,2.8780722618103027,2.828606367111206,2.806042432785034,0.0,0.0,0.0,0.0,0.0,0.0,0.0,,,,,,,,,,,,,,,,,0.0005
6,1840,train,0.06667862832546234,0.137708380818367,0.14342208206653595,0.0,0.006329410243779421,0.006329410243779421,0.0,2.9871621131896973,9.999999747378752e-05,0.029999999329447746,0.029999999329447746,0.029999999329447746,0.0010000000474974513,0.0010000000474974513,0.14029385149478912,0.008980661630630493,0.0,0.0,0.0,0.0,-1.6725342273712158,-1.6725342273712158,1.0,-1.6725342273712158,0.0,-4.324305534362793,2.5537683963775635,1.0,0.14029385149478912,1.0,0.0,0.0,0.14029385149478912,0.0,0.0,0.008980661630630493,0.0,0.29101935029029846,0.06504368782043457,0.13463816046714783,0.5722975730895996,0.5544372797012329,0.0,0.0,0.0,0.0,0.0,0.0,0.0,0.0,1.0,0.0,0.10999010503292084,0.2518666684627533,0.40006223320961,0.04077983647584915,0.0,0.14342208206653595,0.137708380818367,0.137708380818367,0.1522568166255951,0.03253856673836708,-1.174661930225529e-11,0.0,0.0,3.8443496227264404,3.8443496227264404,2.325969696044922,2.325969696044922,0.5733936429023743,0.0,0.0,0.0,0.0,0.29101935029029846,0.14030097424983978,0.006502356380224228,0.8517287373542786,0.5544372797012329,0.09163603186607361,2.3832345008850098,2.3193256855010986,2.325969696044922,2.378056287765503,2.5537683963775635,0.17425377666950226,0.07245174795389175,1.0,2.736340284347534,2.7908473014831543,2.782543897628784,0.0,0.0,0.0,0.0,0.0,0.0,0.0,,,,,,,,,,,,,,,,,0.0005
6,1860,train,0.056923385709524155,0.1288415938615799,0.1336299031972885,0.0,0.007536616176366806,0.007536616176366806,0.0,2.9602980613708496,9.999999747378752e-05,0.029999999329447746,0.029999999329447746,0.029999999329447746,0.0010000000474974513,0.0010000000474974513,0.13361656665802002,0.01371622085571289,0.0,0.0,0.0,0.0,-1.6552274227142334,-1.6552274227142334,1.0,-1.6552274227142334,0.0,-4.26743745803833,2.5627753734588623,1.0,0.13361656665802002,1.0,0.0,0.0,0.13361656665802002,0.0,0.0,0.01371622085571289,0.0,0.31371626257896423,0.07810324430465698,0.11565395444631577,0.6140007376670837,0.5680319666862488,0.0,0.0,0.0,0.0,0.0,0.0,0.0,0.0,1.0,0.0,0.09313178807497025,0.2680951654911041,0.4040871560573578,0.04220873862504959,0.0,0.1336299031972885,0.1288415938615799,0.1288415938615799,0.15818724036216736,0.011700757779181004,1.0209118966875153e-10,0.0,0.0,3.863063335418701,3.8630638122558594,2.3279058933258057,2.3279058933258057,0.592738687992096,0.0,0.0,0.0,0.0,0.31371623277664185,0.15009023249149323,0.004501464311033487,0.8574793338775635,0.5680319666862488,0.11818321794271469,2.357637405395508,2.3188490867614746,2.3279058933258057,2.324061632156372,2.5627753734588623,0.17602147161960602,0.07836834341287613,1.0,2.8794302940368652,2.8250339031219482,2.832012891769409,0.0,0.0,0.0,0.0,0.0,0.0,0.0,,,,,,,,,,,,,,,,,0.0005
6,1880,train,0.0741318091750145,0.14464664459228516,0.14929476380348206,0.0,0.006246440578252077,0.006246440578252077,0.0,2.922959089279175,9.999999747378752e-05,0.029999999329447746,0.029999999329447746,0.029999999329447746,0.0010000000474974513,0.0010000000474974513,0.15055817365646362,0.01177719235420227,0.0,0.0,0.0,0.0,-1.6835967302322388,-1.6835967302322388,1.0,-1.6835967302322388,0.0,-4.332993507385254,2.4727225303649902,1.0,0.15055817365646362,1.0,0.0,0.0,0.15055817365646362,0.0,0.0,0.01177719235420227,0.0,0.2882228493690491,0.06494307518005371,0.13608089089393616,0.6177956461906433,0.549537718296051,0.0,0.0,0.0,0.0,0.0,0.0,0.0,0.0,1.0,0.0,0.09969393908977509,0.24117818474769592,0.3902168571949005,0.04269249364733696,0.0,0.14929476380348206,0.14464664459228516,0.14464664459228516,0.13859856128692627,0.0753205195069313,-1.0371405817499735e-10,0.0,0.0,3.916747808456421,3.916747808456421,2.2747201919555664,2.2747201919555664,0.5349497199058533,0.0,0.0,0.0,0.0,0.2882228195667267,0.14434494078159332,0.01428169198334217,0.9063978791236877,0.549537718296051,0.09090074151754379,2.298837900161743,2.2846643924713135,2.2747201919555664,2.277383327484131,2.4727225303649902,0.1648089736700058,0.06850865483283997,1.0,2.792623519897461,2.7821643352508545,2.749044895172119,0.0,0.0,0.0,0.0,0.0,0.0,0.0,,,,,,,,,,,,,,,,,0.0005
6,1900,train,0.06266103684902191,0.1333460807800293,0.13788838684558868,0.0,0.006404493469744921,0.006404493469744921,0.0,2.9270429611206055,9.999999747378752e-05,0.029999999329447746,0.029999999329447746,0.029999999329447746,0.0010000000474974513,0.0010000000474974513,0.14147399365901947,0.003364086151123047,0.0,0.0,0.0,0.0,-1.6482068300247192,-1.6482068300247192,1.0,-1.6482068300247192,0.0,-4.2797346115112305,2.5626308917999268,1.0,0.14147399365901947,1.0,0.0,0.0,0.14147399365901947,0.0,0.0,0.003364086151123047,0.0,0.3033641278743744,0.07044672220945358,0.1491921991109848,0.6312185525894165,0.5574142336845398,0.0,0.0,0.0,0.0,0.0,0.0,0.0,0.0,1.0,0.0,0.11405842751264572,0.2543492913246155,0.40451595187187195,0.04352673143148422,0.0,0.13788838684558868,0.1333460807800293,0.1333460807800293,0.14323511719703674,0.03536742180585861,-1.2827408579774158e-10,0.0,0.0,3.862464189529419,3.862464189529419,2.3660101890563965,2.3660101890563965,0.5355798602104187,0.0,0.0,0.0,0.0,0.303364098072052,0.1529788076877594,0.006428580731153488,0.8969594836235046,0.5574142336845398,0.11642157286405563,2.461939573287964,2.349759578704834,2.3660101890563965,2.3439438343048096,2.5626308917999268,0.18119752407073975,0.07717274874448776,1.0,2.7295079231262207,2.7223308086395264,2.705996036529541,0.0,0.0,0.0,0.0,0.0,0.0,0.0,,,,,,,,,,,,,,,,,0.0005
6,1920,train,0.057923465967178345,0.13003547489643097,0.13446305692195892,0.0,0.006175092421472073,0.006175092421472073,0.0,2.9863996505737305,9.999999747378752e-05,0.029999999329447746,0.029999999329447746,0.029999999329447746,0.0010000000474974513,0.0010000000474974513,0.15307475626468658,0.004203617572784424,0.0,0.0,0.0,0.0,-1.6607633829116821,-1.6607633829116821,1.0,-1.6607633829116821,0.0,-4.260557651519775,2.6608986854553223,1.0,0.15307475626468658,1.0,0.0,0.0,0.15307475626468658,0.0,0.0,0.004203617572784424,0.0,0.29579639434814453,0.08103726804256439,0.09880140423774719,0.5710307359695435,0.5539942979812622,0.0,0.0,0.0,0.0,0.0,0.0,0.0,0.0,1.0,0.0,0.12281160801649094,0.2712397575378418,0.40096840262413025,0.04089370742440224,0.0,0.13446305692195892,0.13003547489643097,0.13003547489643097,0.15131963789463043,0.013823217712342739,-1.8512263944003848e-10,0.0,0.0,3.8074252605438232,3.8074252605438232,2.3753788471221924,2.3753788471221924,0.5552696585655212,0.0,0.0,0.0,0.0,0.29579639434814453,0.14774173498153687,0.007713659666478634,0.8107368350028992,0.5539942979812622,0.10373774915933609,2.454132556915283,2.3552167415618896,2.3753788471221924,2.4407618045806885,2.6608986854553223,0.17969679832458496,0.07766810059547424,1.0,2.6931700706481934,2.804464101791382,2.7927255630493164,0.0,0.0,0.0,0.0,0.0,0.0,0.0,,,,,,,,,,,,,,,,,0.0005
6,1940,train,0.055982958525419235,0.12912999093532562,0.13348610699176788,0.0,0.0065428768284618855,0.0065428768284618855,0.0,3.01108455657959,9.999999747378752e-05,0.029999999329447746,0.029999999329447746,0.029999999329447746,0.0010000000474974513,0.0010000000474974513,0.15675611793994904,0.018727362155914307,0.0,0.0,0.0,0.0,-1.6752855777740479,-1.6752855777740479,1.0,-1.6752855777740479,0.0,-4.317075729370117,2.584585666656494,1.0,0.15675611793994904,1.0,0.0,0.0,0.15675611793994904,0.0,0.0,0.018727362155914307,0.0,0.28127264976501465,0.07262138277292252,0.08730356395244598,0.5912083983421326,0.5455484390258789,0.0,0.0,0.0,0.0,0.0,0.0,0.0,0.0,1.0,0.0,0.11418552696704865,0.272328644990921,0.3958877623081207,0.03941025957465172,0.0,0.13348610699176788,0.12912999093532562,0.12912999093532562,0.14049144089221954,0.010108155198395252,2.3960713621540286e-11,0.0,0.0,3.7882213592529297,3.7882213592529297,2.3639416694641113,2.3639416694641113,0.5113925933837891,0.0,0.0,0.0,0.0,0.28127264976501465,0.13965822756290436,0.02299053594470024,0.836499035358429,0.5455484390258789,0.0833946093916893,2.3927736282348633,2.3565967082977295,2.3639416694641113,2.414968729019165,2.584585666656494,0.17790758609771729,0.07495680451393127,1.0,2.717409610748291,2.766145706176758,2.7384562492370605,0.0,0.0,0.0,0.0,0.0,0.0,0.0,,,,,,,,,,,,,,,,,0.0005
6,1960,train,0.0469871386885643,0.11973497271537781,0.12473749369382858,0.0,0.00570177286863327,0.00570177286863327,0.0,2.9707651138305664,9.999999747378752e-05,0.029999999329447746,0.029999999329447746,0.029999999329447746,0.0010000000474974513,0.0010000000474974513,0.14138856530189514,0.0018976330757141113,0.0,0.0,0.0,0.0,-1.6384457349777222,-1.6384457349777222,1.0,-1.6384457349777222,0.0,-4.211731433868408,2.727325677871704,1.0,0.14138856530189514,1.0,0.0,0.0,0.14138856530189514,0.0,0.0,0.0018976330757141113,0.0,0.29810237884521484,0.0780222937464714,0.12261883914470673,0.6062692403793335,0.5633174180984497,0.0,0.0,0.0,0.0,0.0,0.0,0.0,0.0,1.0,0.0,0.1072111576795578,0.24517762660980225,0.4137651324272156,0.041658494621515274,0.0,0.12473749369382858,0.11973497271537781,0.11973497271537781,0.14578743278980255,-0.012217656709253788,-7.003934758553765e-12,0.0,0.0,3.767681121826172,3.767681121826172,2.4337897300720215,2.4337897300720215,0.5364373922348022,0.0,0.0,0.0,0.0,0.29810237884521484,0.13747023046016693,0.00544815044850111,0.8708679676055908,0.5633174180984497,0.0967830941081047,2.471278429031372,2.4319863319396973,2.4337897300720215,2.4136998653411865,2.727325677871704,0.18515023589134216,0.08137540519237518,1.0,2.6661975383758545,2.677544593811035,2.758702278137207,0.0,0.0,0.0,0.0,0.0,0.0,0.0,,,,,,,,,,,,,,,,,0.0005
6,1980,train,0.05793721601366997,0.12986838817596436,0.13502831757068634,0.0,0.005850085988640785,0.005850085988640785,0.0,2.9494593143463135,9.999999747378752e-05,0.029999999329447746,0.029999999329447746,0.029999999329447746,0.0010000000474974513,0.0010000000474974513,0.13884712755680084,0.01035529375076294,0.0,0.0,0.0,0.0,-1.6592748165130615,-1.6592748165130615,1.0,-1.6592748165130615,0.0,-4.293584823608398,2.569274425506592,1.0,0.13884712755680084,1.0,0.0,0.0,0.13884712755680084,0.0,0.0,0.01035529375076294,0.0,0.3103553056716919,0.08135523647069931,0.11884844303131104,0.5997006893157959,0.5667020082473755,0.0,0.0,0.0,0.0,0.0,0.0,0.0,0.0,1.0,0.0,0.12169759720563889,0.25892215967178345,0.39775824546813965,0.04252209514379501,0.0,0.13502831757068634,0.12986838817596436,0.12986838817596436,0.14513853192329407,0.058969587087631226,5.712999170959243e-11,0.0,0.0,3.962143659591675,3.962143659591675,2.343146800994873,2.343146800994873,0.5596563816070557,0.0,0.0,0.0,0.0,0.3103553056716919,0.1478334367275238,0.007020865101367235,0.8645266890525818,0.5667020082473755,0.121338851749897,2.359955310821533,2.364133596420288,2.343146800994873,2.3883838653564453,2.569274425506592,0.1717233508825302,0.07369747757911682,1.0,2.8624258041381836,2.8049418926239014,2.8230063915252686,0.0,0.0,0.0,0.0,0.0,0.0,0.0,,,,,,,,,,,,,,,,,0.0005
6,2000,train,0.056610096246004105,0.12879060208797455,0.1325506567955017,0.0,0.0061654578894376755,0.0061654578894376755,0.0,2.9226765632629395,9.999999747378752e-05,0.029999999329447746,0.029999999329447746,0.029999999329447746,0.0010000000474974513,0.0010000000474974513,0.14092116057872772,0.017699599266052246,0.0,0.0,0.0,0.0,-1.6554415225982666,-1.6554415225982666,1.0,-1.6554415225982666,0.0,-4.267275333404541,2.6491968631744385,1.0,0.14092116057872772,1.0,0.0,0.0,0.14092116057872772,0.0,0.0,0.017699599266052246,0.0,0.3176996409893036,0.09382497519254684,0.11485050618648529,0.6971181631088257,0.5665631294250488,0.0,0.0,0.0,0.0,0.0,0.0,0.0,0.0,1.0,0.0,0.12056483328342438,0.26012030243873596,0.3963787853717804,0.042763207107782364,0.0,0.1325506567955017,0.12879060208797455,0.12879060208797455,0.15789762139320374,0.009350789710879326,-1.6750677234167455e-11,0.0,0.0,3.8436243534088135,3.8436243534088135,2.415489673614502,2.415489673614502,0.6003799438476562,0.0,0.0,0.0,0.0,0.3176996111869812,0.15803392231464386,0.010965108871459961,0.9072175621986389,0.5665631294250488,0.13573837280273438,2.4550673961639404,2.403754711151123,2.415489673614502,2.4365055561065674,2.6491968631744385,0.18513154983520508,0.07799574732780457,1.0,2.797645330429077,2.7498996257781982,2.738917827606201,0.0,0.0,0.0,0.0,0.0,0.0,0.0,,,,,,,,,,,,,,,,,0.0005
6,2004,train_epoch,0.05969817908536531,0.13111456151226322,0.13549668341875076,0.0,0.0062749841707775336,0.0062749841707775336,0.0,2.9835763777087547,9.999999747378752e-05,0.029999999329447746,0.029999999329447746,0.029999999329447746,0.0010000000474974513,0.0010000000474974513,0.14763744891492905,0.010312920648180795,0.0,0.0,0.0,0.0,-1.6526713199958116,-1.6526713199958116,1.0,-1.6526713199958116,0.0,-4.277213844710482,2.596656912815071,1.0,0.14763744891492905,1.0,0.0,0.0,0.14763744891492905,0.0,0.0,0.010312920648180795,0.0,0.3023223139925631,0.07846039510192629,0.12575196120107246,0.6326306203525224,0.5574543875848462,0.0,0.0,0.0,0.0,0.0,0.0,0.0,0.0,1.0,0.0,0.10953060872183588,0.2582894563228784,0.4026684915412686,0.041325906447753934,0.0,0.13549668341875076,0.13111456151226322,0.13111456151226322,0.14975426702977654,0.027581124796319828,4.499339725294032e-12,0.0,0.0,3.88882802489275,3.88882802489275,2.3628909416541366,2.3628909416541366,0.566785898840356,0.0,0.0,0.0,0.0,0.30232230979882313,0.15079980544344393,0.011562040686317368,0.8795545404542706,0.5574543875848462,0.11525226867350633,2.419954478383778,2.352495257725973,2.3628909416541366,2.361096714784999,2.596656912815071,0.17684852024038394,0.07686850165357133,1.0,2.8046602253428476,2.804708831324549,2.804752863809734,0.0,0.0,0.0,0.0,0.0,0.0,0.0,,,,,,,,,,,,,,,,,0.0005
6,2004,val,,,,,,,,,,,,,,,,,,,,,,,,,,,,,,,,,,,,,,,,,,,,,,,,,,,,,,,,,,,,,,,,,,,,,,,,,,,,,,,,,,,,,,,,,,,,,,,,,,,18.62500811052752,851.6698070904156,29.18338237919682,13.64219533215772,16.846005310883392,26.25850761076728,11.717086031630233,18.540809764518393,29.08882798047802,13.36568088789244,21.463304622753245,33.469810801014916,15.911276589642775,18.62500811052752,29.18338237919682,13.64219533215772,0.0005
7,2020,train,0.05547570064663887,0.1280999332666397,0.13290835916996002,0.0,0.005964335985481739,0.005964335985481739,0.0,2.9324264526367188,9.999999747378752e-05,0.029999999329447746,0.029999999329447746,0.029999999329447746,0.0010000000474974513,0.0010000000474974513,0.1394425630569458,0.022923946380615234,0.0,0.0,0.0,0.0,-1.664007544517517,-1.664007544517517,1.0,-1.664007544517517,0.0,-4.27581262588501,2.580085277557373,1.0,0.1394425630569458,1.0,0.0,0.0,0.1394425630569458,0.0,0.0,0.022923946380615234,0.0,0.2770760655403137,0.06697253882884979,0.12908338010311127,0.5409151911735535,0.5411550402641296,0.0,0.0,0.0,0.0,0.0,0.0,0.0,0.0,1.0,0.0,0.12051127105951309,0.2633988857269287,0.3988315165042877,0.04217842221260071,0.0,0.13290835916996002,0.1280999332666397,0.1280999332666397,0.144870325922966,0.015338588505983353,-3.3452102199404976e-11,0.0,0.0,3.873488664627075,3.873488664627075,2.3639285564422607,2.3639285564422607,0.5551950931549072,0.0,0.0,0.0,0.0,0.2770760655403137,0.14112518727779388,0.02779286541044712,0.8604138493537903,0.5411550402641296,0.08074449002742767,2.4263346195220947,2.3595709800720215,2.3639285564422607,2.3730742931365967,2.580085277557373,0.18183666467666626,0.07847742736339569,1.0,2.792630672454834,2.779911518096924,2.7681102752685547,0.0,0.0,0.0,0.0,0.0,0.0,0.0,,,,,,,,,,,,,,,,,0.0005
7,2040,train,0.03971376270055771,0.11374538391828537,0.11747390031814575,0.0,0.005531693808734417,0.005531693808734417,0.0,3.002894639968872,9.999999747378752e-05,0.029999999329447746,0.029999999329447746,0.029999999329447746,0.0010000000474974513,0.0010000000474974513,0.1297818124294281,0.014278978109359741,0.0,0.0,0.0,0.0,-1.635611891746521,-1.635611891746521,1.0,-1.635611891746521,0.0,-4.217330455780029,2.656569480895996,1.0,0.1297818124294281,1.0,0.0,0.0,0.1297818124294281,0.0,0.0,0.014278978109359741,0.0,0.2857210338115692,0.06984761357307434,0.11819231510162354,0.5891657471656799,0.547670304775238,0.0,0.0,0.0,0.0,0.0,0.0,0.0,0.0,1.0,0.0,0.11498866230249405,0.2634334862232208,0.4044378399848938,0.04006817564368248,0.0,0.11747390031814575,0.11374538391828537,0.11374538391828537,0.1364295780658722,-0.014113718643784523,-6.388193446449364e-11,0.0,0.0,3.716371774673462,3.716371774673462,2.3850300312042236,2.3850300312042236,0.4932120442390442,0.0,0.0,0.0,0.0,0.2857210338115692,0.14217665791511536,0.007363123819231987,0.8427194356918335,0.547670304775238,0.08406863361597061,2.470355272293091,2.375281810760498,2.3850300312042236,2.3916616439819336,2.656569480895996,0.19195111095905304,0.0846530944108963,1.0,2.7023255825042725,2.757451057434082,2.788616895675659,0.0,0.0,0.0,0.0,0.0,0.0,0.0,,,,,,,,,,,,,,,,,0.0005
7,2060,train,0.054500237107276917,0.12569089233875275,0.13267071545124054,0.0,0.005789702758193016,0.005789702758193016,0.0,3.0287866592407227,9.999999747378752e-05,0.029999999329447746,0.029999999329447746,0.029999999329447746,0.0010000000474974513,0.0010000000474974513,0.13213291764259338,0.0007241666316986084,0.0,0.0,0.0,0.0,-1.6389036178588867,-1.6389036178588867,1.0,-1.6389036178588867,0.0,-4.264575481414795,2.6315066814422607,1.0,0.13213291764259338,1.0,0.0,0.0,0.13213291764259338,0.0,0.0,0.0007241666316986084,0.0,0.30072417855262756,0.08481660485267639,0.0964224562048912,0.5954177975654602,0.5456565022468567,0.0,0.0,0.0,0.0,0.0,0.0,0.0,0.0,1.0,0.0,0.1415652632713318,0.2766786515712738,0.41013985872268677,0.03923483192920685,0.0,0.13267071545124054,0.12569089233875275,0.12569089233875275,0.15194261074066162,0.010153449140489101,2.29658705247493e-11,0.0,0.0,3.7521262168884277,3.7521262168884277,2.430823564529419,2.430823564529419,0.5485866069793701,0.0,0.0,0.0,0.0,0.30072417855262756,0.1645207703113556,0.010711822658777237,0.8930084705352783,0.5456565022468567,0.13010111451148987,2.5219812393188477,2.40979266166687,2.430823564529419,2.446030378341675,2.6315066814422607,0.18911707401275635,0.08317847549915314,1.0,2.7227723598480225,2.766599178314209,2.7722346782684326,0.0,0.0,0.0,0.0,0.0,0.0,0.0,,,,,,,,,,,,,,,,,0.0005
7,2080,train,0.055373210459947586,0.12868280708789825,0.13274645805358887,0.0,0.005798461381345987,0.005798461381345987,0.0,2.994575262069702,9.999999747378752e-05,0.029999999329447746,0.029999999329447746,0.029999999329447746,0.0010000000474974513,0.0010000000474974513,0.1428702175617218,0.004102826118469238,0.0,0.0,0.0,0.0,-1.674654483795166,-1.674654483795166,1.0,-1.674654483795166,0.0,-4.302181243896484,2.5797126293182373,1.0,0.1428702175617218,1.0,0.0,0.0,0.1428702175617218,0.0,0.0,0.004102826118469238,0.0,0.3041028380393982,0.0730324387550354,0.0868811160326004,0.5931479334831238,0.5600414276123047,0.0,0.0,0.0,0.0,0.0,0.0,0.0,0.0,1.0,0.0,0.12287374585866928,0.25848475098609924,0.39690110087394714,0.039841119199991226,0.0,0.13274645805358887,0.12868280708789825,0.12868280708789825,0.12760064005851746,0.02050940692424774,-3.00194147317967e-10,0.0,0.0,3.8387997150421143,3.8387997150421143,2.409177303314209,2.409177303314209,0.47238263487815857,0.0,0.0,0.0,0.0,0.3041028380393982,0.149868443608284,0.007741469889879227,0.9014264941215515,0.5600414276123047,0.10597427189350128,2.43495774269104,2.4054105281829834,2.409177303314209,2.3875036239624023,2.5797126293182373,0.18780271708965302,0.07772185653448105,1.0,2.7010676860809326,2.7387213706970215,2.718494176864624,0.0,0.0,0.0,0.0,0.0,0.0,0.0,,,,,,,,,,,,,,,,,0.0005
7,2100,train,0.06588976085186005,0.13620512187480927,0.14069803059101105,0.0,0.007119784131646156,0.007119784131646156,0.0,3.0066189765930176,9.999999747378752e-05,0.029999999329447746,0.029999999329447746,0.029999999329447746,0.0010000000474974513,0.0010000000474974513,0.1411307454109192,6.109476089477539e-05,0.0,0.0,0.0,0.0,-1.6518402099609375,-1.6518402099609375,1.0,-1.6518402099609375,0.0,-4.3014936447143555,2.6456611156463623,1.0,0.1411307454109192,1.0,0.0,0.0,0.1411307454109192,0.0,0.0,6.109476089477539e-05,0.0,0.2999388575553894,0.08206477761268616,0.09560783952474594,0.6353209018707275,0.5655497312545776,0.0,0.0,0.0,0.0,0.0,0.0,0.0,0.0,1.0,0.0,0.12390553951263428,0.27153849601745605,0.40368205308914185,0.039658792316913605,0.0,0.14069803059101105,0.13620512187480927,0.13620512187480927,0.15722505748271942,0.04714231193065643,-2.0294620151073417e-10,0.0,0.0,3.8764712810516357,3.8764712810516357,2.439730405807495,2.439730405807495,0.6054040193557739,0.0,0.0,0.0,0.0,0.2999389171600342,0.1364639401435852,0.0062876613810658455,0.8476270437240601,0.5655497312545776,0.0859987810254097,2.4416239261627197,2.4407424926757812,2.439730405807495,2.4762861728668213,2.6456611156463623,0.18198861181735992,0.07738260179758072,1.0,2.644803047180176,2.7219982147216797,2.758443832397461,0.0,0.0,0.0,0.0,0.0,0.0,0.0,,,,,,,,,,,,,,,,,0.0005
7,2120,train,0.05320224165916443,0.12484447658061981,0.13026802241802216,0.0,0.006096270866692066,0.006096270866692066,0.0,3.006059169769287,9.999999747378752e-05,0.029999999329447746,0.029999999329447746,0.029999999329447746,0.0010000000474974513,0.0010000000474974513,0.13809189200401306,0.0011008977890014648,0.0,0.0,0.0,0.0,-1.6386421918869019,-1.6386421918869019,1.0,-1.6386421918869019,0.0,-4.247950077056885,2.6295270919799805,1.0,0.13809189200401306,1.0,0.0,0.0,0.13809189200401306,0.0,0.0,0.0011008977890014648,0.0,0.3011009395122528,0.0884070098400116,0.10573695600032806,0.6297745108604431,0.5530257225036621,0.0,0.0,0.0,0.0,0.0,0.0,0.0,0.0,1.0,0.0,0.13360731303691864,0.2668384611606598,0.4062691628932953,0.03964480757713318,0.0,0.13026802241802216,0.12484447658061981,0.12484447658061981,0.1470538228750229,0.03321855887770653,2.784695807278581e-10,0.0,0.0,3.812880039215088,3.8128795623779297,2.428586483001709,2.428586483001709,0.553117036819458,0.0,0.0,0.0,0.0,0.3011009097099304,0.15579403936862946,0.004544851835817099,0.8520084619522095,0.5530257225036621,0.12254902720451355,2.4919822216033936,2.4208850860595703,2.428586483001709,2.3623785972595215,2.6295270919799805,0.18726134300231934,0.08408831804990768,1.0,2.7857718467712402,2.762838125228882,2.791468381881714,0.0,0.0,0.0,0.0,0.0,0.0,0.0,,,,,,,,,,,,,,,,,0.0005
7,2140,train,0.0680924728512764,0.1392190158367157,0.1416223794221878,0.0,0.0065819029696285725,0.0065819029696285725,0.0,3.040512800216675,9.999999747378752e-05,0.029999999329447746,0.029999999329447746,0.029999999329447746,0.0010000000474974513,0.0010000000474974513,0.14521218836307526,0.005914837121963501,0.0,0.0,0.0,0.0,-1.6683940887451172,-1.6683940887451172,1.0,-1.6683940887451172,0.0,-4.310511589050293,2.5761282444000244,1.0,0.14521218836307526,1.0,0.0,0.0,0.14521218836307526,0.0,0.0,0.005914837121963501,0.0,0.30591484904289246,0.08211695402860641,0.10715219378471375,0.610274076461792,0.5606719851493835,0.0,0.0,0.0,0.0,0.0,0.0,0.0,0.0,1.0,0.0,0.12114755064249039,0.257453054189682,0.40067505836486816,0.038118962198495865,0.0,0.1416223794221878,0.1392190158367157,0.1392190158367157,0.16303947567939758,0.06612304598093033,-2.904077534005012e-10,0.0,0.0,3.9354424476623535,3.9354424476623535,2.395564556121826,2.395564556121826,0.6255327463150024,0.0,0.0,0.0,0.0,0.30591484904289246,0.15067538619041443,0.0061117419973015785,0.8682552576065063,0.5606719851493835,0.1262408196926117,2.4128167629241943,2.393503189086914,2.395564556121826,2.3634116649627686,2.5761282444000244,0.1781553477048874,0.07320024073123932,1.0,2.6596412658691406,2.6971187591552734,2.699571371078491,0.0,0.0,0.0,0.0,0.0,0.0,0.0,,,,,,,,,,,,,,,,,0.0005
7,2160,train,0.061409223824739456,0.13337111473083496,0.1373807191848755,0.0,0.0059272111393511295,0.0059272111393511295,0.0,2.9952163696289062,9.999999747378752e-05,0.029999999329447746,0.029999999329447746,0.029999999329447746,0.0010000000474974513,0.0010000000474974513,0.13852986693382263,0.004120588302612305,0.0,0.0,0.0,0.0,-1.6676337718963623,-1.6676337718963623,1.0,-1.6676337718963623,0.0,-4.326594352722168,2.6039366722106934,1.0,0.13852986693382263,1.0,0.0,0.0,0.13852986693382263,0.0,0.0,0.004120588302612305,0.0,0.30412060022354126,0.07409214228391647,0.11779772490262985,0.6088036894798279,0.5673856139183044,0.0,0.0,0.0,0.0,0.0,0.0,0.0,0.0,1.0,0.0,0.13643595576286316,0.26120010018348694,0.4026477634906769,0.03981153666973114,0.0,0.1373807191848755,0.13337111473083496,0.13337111473083496,0.14816154539585114,0.018938396126031876,-4.1034602799028264e-11,0.0,0.0,3.8601343631744385,3.8601343631744385,2.435119390487671,2.435119390487671,0.5489972233772278,0.0,0.0,0.0,0.0,0.30412060022354126,0.1393188238143921,0.009014501236379147,0.7875202894210815,0.5673856139183044,0.1006280705332756,2.471125602722168,2.430915355682373,2.435119390487671,2.4552865028381348,2.6039366722106934,0.18542107939720154,0.07767998427152634,1.0,2.606560230255127,2.691375255584717,2.6993184089660645,0.0,0.0,0.0,0.0,0.0,0.0,0.0,,,,,,,,,,,,,,,,,0.0005
7,2180,train,0.054285939782857895,0.1264970898628235,0.13237011432647705,0.0,0.006017853040248156,0.006017853040248156,0.0,2.9620985984802246,9.999999747378752e-05,0.029999999329447746,0.029999999329447746,0.029999999329447746,0.0010000000474974513,0.0010000000474974513,0.14157995581626892,0.010148495435714722,0.0,0.0,0.0,0.0,-1.655227541923523,-1.655227541923523,1.0,-1.655227541923523,0.0,-4.296137809753418,2.6175689697265625,1.0,0.14157995581626892,1.0,0.0,0.0,0.14157995581626892,0.0,0.0,0.010148495435714722,0.0,0.28985151648521423,0.06251178681850433,0.09682854264974594,0.5603126287460327,0.5494212508201599,0.0,0.0,0.0,0.0,0.0,0.0,0.0,0.0,1.0,0.0,0.1421893686056137,0.2756367325782776,0.4066629707813263,0.041073352098464966,0.0,0.13237011432647705,0.1264970898628235,0.1264970898628235,0.1477806717157364,0.02378658764064312,-4.0957762181825785e-10,0.0,0.0,3.8475019931793213,3.8475019931793213,2.451730251312256,2.451730251312256,0.5527790784835815,0.0,0.0,0.0,0.0,0.28985151648521423,0.1456402689218521,0.009005117230117321,0.8156571984291077,0.5494212508201599,0.0963541716337204,2.507291316986084,2.441939115524292,2.451730251312256,2.446965456008911,2.6175689697265625,0.19128593802452087,0.08136334270238876,1.0,2.5435421466827393,2.68137264251709,2.6614694595336914,0.0,0.0,0.0,0.0,0.0,0.0,0.0,,,,,,,,,,,,,,,,,0.0005
7,2200,train,0.0546581856906414,0.12767766416072845,0.13250310719013214,0.0,0.005487516988068819,0.005487516988068819,0.0,2.9556422233581543,9.999999747378752e-05,0.029999999329447746,0.029999999329447746,0.029999999329447746,0.0010000000474974513,0.0010000000474974513,0.13321879506111145,0.020914465188980103,0.0,0.0,0.0,0.0,-1.6689071655273438,-1.6689071655273438,1.0,-1.6689071655273438,0.0,-4.325259208679199,2.5552444458007812,1.0,0.13321879506111145,1.0,0.0,0.0,0.13321879506111145,0.0,0.0,0.020914465188980103,0.0,0.27908554673194885,0.08176598697900772,0.0880613774061203,0.6090288162231445,0.5404626727104187,0.0,0.0,0.0,0.0,0.0,0.0,0.0,0.0,1.0,0.0,0.12494108825922012,0.24850082397460938,0.39365237951278687,0.041278280317783356,0.0,0.13250310719013214,0.12767766416072845,0.12767766416072845,0.13935910165309906,0.04778609052300453,2.0450774407265726e-10,0.0,0.0,3.8041961193084717,3.8041961193084717,2.3366739749908447,2.3366739749908447,0.520238995552063,0.0,0.0,0.0,0.0,0.27908554673194885,0.1423814594745636,0.004534727428108454,0.8631706237792969,0.5404626727104187,0.07916667312383652,2.3778889179229736,2.346785545349121,2.3366739749908447,2.340491771697998,2.5552444458007812,0.18008604645729065,0.07324454933404922,1.0,2.6740736961364746,2.673306465148926,2.708871364593506,0.0,0.0,0.0,0.0,0.0,0.0,0.0,,,,,,,,,,,,,,,,,0.0005
7,2220,train,0.0611712709069252,0.13131873309612274,0.13762237131595612,0.0,0.006288649048656225,0.006288649048656225,0.0,2.99027943611145,9.999999747378752e-05,0.029999999329447746,0.029999999329447746,0.029999999329447746,0.0010000000474974513,0.0010000000474974513,0.1288149207830429,0.021940410137176514,0.0,0.0,0.0,0.0,-1.638506293296814,-1.638506293296814,1.0,-1.638506293296814,0.0,-4.25994873046875,2.6112794876098633,1.0,0.1288149207830429,1.0,0.0,0.0,0.1288149207830429,0.0,0.0,0.021940410137176514,0.0,0.27805960178375244,0.061421141028404236,0.11682620644569397,0.5599989891052246,0.5390743613243103,0.0,0.0,0.0,0.0,0.0,0.0,0.0,0.0,1.0,0.0,0.1318369358778,0.27270108461380005,0.40537163615226746,0.040516700595617294,0.0,0.13762237131595612,0.13131873309612274,0.13131873309612274,0.14120042324066162,0.037900879979133606,3.043580942829749e-10,0.0,0.0,3.962981939315796,3.962981939315796,2.3434062004089355,2.3434062004089355,0.5515047311782837,0.0,0.0,0.0,0.0,0.27805960178375244,0.1424708217382431,0.0032379201147705317,0.8704351186752319,0.5390743613243103,0.07866115868091583,2.4239935874938965,2.3548836708068848,2.3434062004089355,2.4088425636291504,2.6112794876098633,0.18374058604240417,0.07787331193685532,1.0,2.813148021697998,2.727066993713379,2.7417125701904297,0.0,0.0,0.0,0.0,0.0,0.0,0.0,,,,,,,,,,,,,,,,,0.0005
7,2240,train,0.04639385640621185,0.1194852888584137,0.12263340502977371,0.0,0.006869805511087179,0.006869805511087179,0.0,2.96582293510437,9.999999747378752e-05,0.029999999329447746,0.029999999329447746,0.029999999329447746,0.0010000000474974513,0.0010000000474974513,0.118626669049263,0.0051580071449279785,0.0,0.0,0.0,0.0,-1.6374098062515259,-1.6374098062515259,1.0,-1.6374098062515259,0.0,-4.242353439331055,2.6702892780303955,1.0,0.118626669049263,1.0,0.0,0.0,0.118626669049263,0.0,0.0,0.0051580071449279785,0.0,0.30515801906585693,0.06420786678791046,0.1567138433456421,0.652138352394104,0.5660145878791809,0.0,0.0,0.0,0.0,0.0,0.0,0.0,0.0,1.0,0.0,0.11815903335809708,0.2731694281101227,0.39249029755592346,0.04095607250928879,0.0,0.12263340502977371,0.1194852888584137,0.1194852888584137,0.1544818878173828,0.0004209757025819272,-5.029295868652639e-10,0.0,0.0,3.718064785003662,3.718064785003662,2.3684372901916504,2.3684372901916504,0.5577999949455261,0.0,0.0,0.0,0.0,0.30515801906585693,0.14290282130241394,0.003109879093244672,0.9134812355041504,0.5660145878791809,0.0974724292755127,2.435251235961914,2.3561580181121826,2.3684372901916504,2.4267220497131348,2.6702892780303955,0.1896452158689499,0.08298776298761368,1.0,2.633185863494873,2.669711112976074,2.772401809692383,0.0,0.0,0.0,0.0,0.0,0.0,0.0,,,,,,,,,,,,,,,,,0.0005
7,2260,train,0.06633903831243515,0.13660185039043427,0.14021624624729156,0.0,0.006530026439577341,0.006530026439577341,0.0,3.0719518661499023,9.999999747378752e-05,0.029999999329447746,0.029999999329447746,0.029999999329447746,0.0010000000474974513,0.0010000000474974513,0.115920789539814,0.025657296180725098,0.0,0.0,0.0,0.0,-1.649179220199585,-1.649179220199585,1.0,-1.649179220199585,0.0,-4.2990498542785645,2.643799066543579,1.0,0.115920789539814,1.0,0.0,0.0,0.115920789539814,0.0,0.0,0.025657296180725098,0.0,0.32565730810165405,0.07724518328905106,0.1492503583431244,0.675328254699707,0.5786138772964478,0.0,0.0,0.0,0.0,0.0,0.0,0.0,0.0,1.0,0.0,0.11266694217920303,0.251615434885025,0.4117829501628876,0.0372973307967186,0.0,0.14021624624729156,0.13660185039043427,0.13660185039043427,0.14734451472759247,0.03481804579496384,-1.0924509907805913e-10,0.0,0.0,3.9993603229522705,3.9993603229522705,2.4122703075408936,2.4122703075408936,0.5833814740180969,0.0,0.0,0.0,0.0,0.32565730810165405,0.14980895817279816,0.01424400880932808,0.9201833009719849,0.5786138772964478,0.13589155673980713,2.437568187713623,2.4234797954559326,2.4122703075408936,2.417222261428833,2.643799066543579,0.18265065550804138,0.07857310771942139,1.0,2.9371557235717773,2.7744507789611816,2.7851016521453857,0.0,0.0,0.0,0.0,0.0,0.0,0.0,,,,,,,,,,,,,,,,,0.0005
7,2280,train,0.05504870414733887,0.12781159579753876,0.1314331591129303,0.0,0.005980098620057106,0.005980098620057106,0.0,3.0276217460632324,9.999999747378752e-05,0.029999999329447746,0.029999999329447746,0.029999999329447746,0.0010000000474974513,0.0010000000474974513,0.13570597767829895,0.0013761818408966064,0.0,0.0,0.0,0.0,-1.6611460447311401,-1.6611460447311401,1.0,-1.6611460447311401,0.0,-4.298875331878662,2.6290218830108643,1.0,0.13570597767829895,1.0,0.0,0.0,0.13570597767829895,0.0,0.0,0.0013761818408966064,0.0,0.30137619376182556,0.08451393246650696,0.1079208180308342,0.6088969111442566,0.5609505772590637,0.0,0.0,0.0,0.0,0.0,0.0,0.0,0.0,1.0,0.0,0.13977712392807007,0.27744174003601074,0.39733394980430603,0.038782749325037,0.0,0.1314331591129303,0.12781159579753876,0.12781159579753876,0.146502286195755,0.02216152846813202,9.666850653289316e-11,0.0,0.0,3.9104976654052734,3.9104976654052734,2.3913495540618896,2.3913495540618896,0.5694147348403931,0.0,0.0,0.0,0.0,0.30137619376182556,0.1447129100561142,0.006227905862033367,0.868636429309845,0.5609505772590637,0.10340074449777603,2.4403116703033447,2.39640736579895,2.3913495540618896,2.404075860977173,2.6290218830108643,0.18284238874912262,0.07834447175264359,1.0,2.6983189582824707,2.7341697216033936,2.7827444076538086,0.0,0.0,0.0,0.0,0.0,0.0,0.0,,,,,,,,,,,,,,,,,0.0005
7,2300,train,0.04812927171587944,0.12208031862974167,0.12702356278896332,0.0,0.005823217798024416,0.005823217798024416,0.0,3.0153696537017822,9.999999747378752e-05,0.029999999329447746,0.029999999329447746,0.029999999329447746,0.0010000000474974513,0.0010000000474974513,0.13528034090995789,0.007223993539810181,0.0,0.0,0.0,0.0,-1.6662416458129883,-1.6662416458129883,1.0,-1.6662416458129883,0.0,-4.329078197479248,2.575239658355713,1.0,0.13528034090995789,1.0,0.0,0.0,0.13528034090995789,0.0,0.0,0.007223993539810181,0.0,0.2927760183811188,0.05750712379813194,0.14360597729682922,0.49238288402557373,0.5613086819648743,0.0,0.0,0.0,0.0,0.0,0.0,0.0,0.0,1.0,0.0,0.13913844525814056,0.2645423412322998,0.4046036899089813,0.039519794285297394,0.0,0.12702356278896332,0.12208031862974167,0.12208031862974167,0.1503443419933319,0.047507815062999725,-1.128000609584845e-10,0.0,0.0,3.9573566913604736,3.9573566913604736,2.43713641166687,2.43713641166687,0.5766544938087463,0.0,0.0,0.0,0.0,0.2927760183811188,0.13281533122062683,0.017287209630012512,0.824726939201355,0.5613086819648743,0.08086703717708588,2.4934515953063965,2.4323062896728516,2.43713641166687,2.384258270263672,2.575239658355713,0.18661023676395416,0.08268920332193375,1.0,2.7732183933258057,2.7575764656066895,2.759204864501953,0.0,0.0,0.0,0.0,0.0,0.0,0.0,,,,,,,,,,,,,,,,,0.0005
7,2320,train,0.06188579648733139,0.1345227211713791,0.1383638232946396,0.0,0.006407272070646286,0.006407272070646286,0.0,3.032042980194092,9.999999747378752e-05,0.029999999329447746,0.029999999329447746,0.029999999329447746,0.0010000000474974513,0.0010000000474974513,0.1361660659313202,0.007708430290222168,0.0,0.0,0.0,0.0,-1.682483196258545,-1.682483196258545,1.0,-1.682483196258545,0.0,-4.339469909667969,2.5650887489318848,1.0,0.1361660659313202,1.0,0.0,0.0,0.1361660659313202,0.0,0.0,0.007708430290222168,0.0,0.2922915816307068,0.06250551342964172,0.12906748056411743,0.5873530507087708,0.562455415725708,0.0,0.0,0.0,0.0,0.0,0.0,0.0,0.0,1.0,0.0,0.12198852747678757,0.24936307966709137,0.3995814621448517,0.03820893168449402,0.0,0.1383638232946396,0.1345227211713791,0.1345227211713791,0.15392085909843445,0.06968327611684799,-2.3715185371031566e-10,0.0,0.0,3.885638952255249,3.885638952255249,2.398632526397705,2.398632526397705,0.5916958451271057,0.0,0.0,0.0,0.0,0.2922915816307068,0.12979240715503693,0.010974856093525887,0.7941520810127258,0.562455415725708,0.07141544669866562,2.4110026359558105,2.404480457305908,2.398632526397705,2.4057915210723877,2.5650887489318848,0.17890828847885132,0.07239466905593872,1.0,2.701228618621826,2.7316412925720215,2.723109722137451,0.0,0.0,0.0,0.0,0.0,0.0,0.0,,,,,,,,,,,,,,,,,0.0005
7,2338,train_epoch,0.056926173710091385,0.12909844687241995,0.13319803789971832,0.0,0.006107353530043435,0.006107353530043435,0.0,3.010753221854478,9.999999747378752e-05,0.029999999329447746,0.029999999329447746,0.029999999329447746,0.0010000000474974513,0.0010000000474974513,0.13463247201578346,0.010615003233898185,0.0,0.0,0.0,0.0,-1.6573571088071355,-1.6573571088071355,1.0,-1.6573571088071355,0.0,-4.290523075058075,2.6082075334594634,1.0,0.13463247201578346,1.0,0.0,0.0,0.13463247201578346,0.0,0.0,0.010615003233898185,0.0,0.3024041467976427,0.07342863156499263,0.1192825148160943,0.5950169751565614,0.5617712932432483,0.0,0.0,0.0,0.0,0.0,0.0,0.0,0.0,1.0,0.0,0.12664650764294014,0.26278793236274206,0.40428201354549315,0.039482131165390955,0.0,0.13319803789971832,0.12909844687241995,0.12909844687241995,0.15316058835851218,0.03451313232130951,-1.6575270657883437e-12,0.0,0.0,3.8504112816142464,3.8504112837557307,2.414914836426695,2.414914836426695,0.5774853555206767,0.0,0.0,0.0,0.0,0.3024041423362172,0.14449297032224204,0.009007610326973042,0.8629350840688466,0.5617712932432483,0.10562529070247076,2.4511951200976343,2.4121903509436966,2.414914836426695,2.411543719782801,2.6082075334594634,0.18485535525097818,0.07848335604021649,1.0,2.7430606473705725,2.7445462585209373,2.744706153869629,0.0,0.0,0.0,0.0,0.0,0.0,0.0,,,,,,,,,,,,,,,,,0.0005
7,2338,val,,,,,,,,,,,,,,,,,,,,,,,,,,,,,,,,,,,,,,,,,,,,,,,,,,,,,,,,,,,,,,,,,,,,,,,,,,,,,,,,,,,,,,,,,,,,,,,,,,,18.246161598343033,837.1849247013126,28.934148072844874,12.53621056273177,16.659165940843188,26.082345493922894,11.664946195241567,18.223941128533166,28.9179839082709,12.36580940195032,21.096485464422553,33.19301722680262,14.86736433785241,18.246161598343033,28.934148072844874,12.53621056273177,0.0005
7,2338,test,,,,,,,,,,,,,,,,,,,,,,,,,,,,,,,,,,,,,,,,,,,,,,,,,,,,,,,,,,,,,,,,,,,,,,,,,,,,,,,,,,,,,,,,,,,,,,,,,,,17.55089418308155,754.1132283253713,27.46112212429367,11.37182954410175,16.09819998612275,24.8585619297564,10.81003103599892,17.489734984732962,27.423754929285646,11.243317466598373,20.202463966232163,31.35443961580805,13.10928740802112,17.55089418308155,27.46112212429367,11.37182954410175,0.0005
8,2340,train,0.06362996995449066,0.13437186181545258,0.13873593509197235,0.0,0.006342131644487381,0.006342131644487381,0.0,2.955152988433838,9.999999747378752e-05,0.029999999329447746,0.029999999329447746,0.029999999329447746,0.0010000000474974513,0.0010000000474974513,0.1230430155992508,0.00817456841468811,0.0,0.0,0.0,0.0,-1.6517679691314697,-1.6517679691314697,1.0,-1.6517679691314697,0.0,-4.3007073402404785,2.5584559440612793,1.0,0.1230430155992508,1.0,0.0,0.0,0.1230430155992508,0.0,0.0,0.00817456841468811,0.0,0.29182544350624084,0.0718950480222702,0.11954061686992645,0.5595901012420654,0.5540435314178467,0.0,0.0,0.0,0.0,0.0,0.0,0.0,0.0,1.0,0.0,0.127451553940773,0.26998618245124817,0.39360058307647705,0.041295770555734634,0.0,0.13873593509197235,0.13437186181545258,0.13437186181545258,0.17205671966075897,0.0485241524875164,-9.767951204830982e-12,0.0,0.0,3.742922067642212,3.742922067642212,2.3659183979034424,2.3659183979034424,0.6334496736526489,0.0,0.0,0.0,0.0,0.29182544350624084,0.14132465422153473,0.0030987674836069345,0.8622087836265564,0.5540435314178467,0.08826593309640884,2.3945844173431396,2.378694772720337,2.3659183979034424,2.382110357284546,2.5584559440612793,0.18306314945220947,0.07843582332134247,1.0,2.6406116485595703,2.7426669597625732,2.7276885509490967,0.0,0.0,0.0,0.0,0.0,0.0,0.0,,,,,,,,,,,,,,,,,0.0005
8,2360,train,0.05190972983837128,0.12423986941576004,0.1284639686346054,0.0,0.005867956206202507,0.005867956206202507,0.0,2.999441146850586,9.999999747378752e-05,0.029999999329447746,0.029999999329447746,0.029999999329447746,0.0010000000474974513,0.0010000000474974513,0.12720689177513123,0.011634200811386108,0.0,0.0,0.0,0.0,-1.6439628601074219,-1.6439628601074219,1.0,-1.6439628601074219,0.0,-4.260836124420166,2.6264452934265137,1.0,0.12720689177513123,1.0,0.0,0.0,0.12720689177513123,0.0,0.0,0.011634200811386108,0.0,0.31163421273231506,0.0806933119893074,0.13382235169410706,0.6014058589935303,0.5708267688751221,0.0,0.0,0.0,0.0,0.0,0.0,0.0,0.0,1.0,0.0,0.14065523445606232,0.2703196108341217,0.4029428958892822,0.03979168459773064,0.0,0.1284639686346054,0.12423986941576004,0.12423986941576004,0.13317596912384033,0.024814682081341743,-1.7956794037821133e-11,0.0,0.0,3.903291702270508,3.903291702270508,2.426419973373413,2.426419973373413,0.5223231911659241,0.0,0.0,0.0,0.0,0.31163421273231506,0.14311397075653076,0.005591982044279575,0.8697205781936646,0.5708267688751221,0.10988052189350128,2.4894087314605713,2.423180341720581,2.426419973373413,2.4180474281311035,2.6264452934265137,0.1900983452796936,0.08208189904689789,1.0,2.7891440391540527,2.7380852699279785,2.772857666015625,0.0,0.0,0.0,0.0,0.0,0.0,0.0,,,,,,,,,,,,,,,,,0.0005
8,2380,train,0.05359884724020958,0.1263241022825241,0.13216006755828857,0.0,0.0065321787260472775,0.0065321787260472775,0.0,3.034695863723755,9.999999747378752e-05,0.029999999329447746,0.029999999329447746,0.029999999329447746,0.0010000000474974513,0.0010000000474974513,0.13383084535598755,0.020790576934814453,0.0,0.0,0.0,0.0,-1.6635221242904663,-1.6635221242904663,1.0,-1.6635221242904663,0.0,-4.326826572418213,2.5663516521453857,1.0,0.13383084535598755,1.0,0.0,0.0,0.13383084535598755,0.0,0.0,0.020790576934814453,0.0,0.2792094349861145,0.07786950469017029,0.0886470228433609,0.5520484447479248,0.5377097725868225,0.0,0.0,0.0,0.0,0.0,0.0,0.0,0.0,1.0,0.0,0.13450735807418823,0.2760727107524872,0.3969842195510864,0.03853399306535721,0.0,0.13216006755828857,0.1263241022825241,0.1263241022825241,0.14914323389530182,0.05004359036684036,-7.674464536089332e-11,0.0,0.0,3.7915570735931396,3.7915570735931396,2.38785982131958,2.38785982131958,0.5631993412971497,0.0,0.0,0.0,0.0,0.2792094349861145,0.14589612185955048,0.005495178978890181,0.8539686799049377,0.5377097725868225,0.0873008593916893,2.399960517883301,2.4080851078033447,2.38785982131958,2.4210333824157715,2.5663516521453857,0.182423397898674,0.07626355439424515,1.0,2.6691243648529053,2.7657105922698975,2.747981071472168,0.0,0.0,0.0,0.0,0.0,0.0,0.0,,,,,,,,,,,,,,,,,0.0005
8,2400,train,0.03565945103764534,0.11148020625114441,0.11501717567443848,0.0,0.005714034661650658,0.005714034661650658,0.0,3.1109607219696045,9.999999747378752e-05,0.029999999329447746,0.029999999329447746,0.029999999329447746,0.0010000000474974513,0.0010000000474974513,0.13071493804454803,0.01396074891090393,0.0,0.0,0.0,0.0,-1.6575230360031128,-1.6575230360031128,1.0,-1.6575230360031128,0.0,-4.284999370574951,2.7009594440460205,1.0,0.13071493804454803,1.0,0.0,0.0,0.13071493804454803,0.0,0.0,0.01396074891090393,0.0,0.3139607906341553,0.07694732397794724,0.112587109208107,0.541573703289032,0.5750940442085266,0.0,0.0,0.0,0.0,0.0,0.0,0.0,0.0,1.0,0.0,0.14591610431671143,0.2690989077091217,0.41262000799179077,0.03582519292831421,0.0,0.11501717567443848,0.11148020625114441,0.11148020625114441,0.15812967717647552,-0.025631064549088478,-2.7440921757104775e-10,0.0,0.0,3.7030725479125977,3.7030725479125977,2.542971611022949,2.542971611022949,0.5712533593177795,0.0,0.0,0.0,0.0,0.3139607608318329,0.14044295251369476,0.00460988050326705,0.8097723722457886,0.5750940442085266,0.113526351749897,2.5777499675750732,2.5322370529174805,2.542971611022949,2.51159930229187,2.7009594440460205,0.2025502473115921,0.08962322771549225,1.0,2.6572861671447754,2.707149028778076,2.731922149658203,0.0,0.0,0.0,0.0,0.0,0.0,0.0,,,,,,,,,,,,,,,,,0.0005
8,2420,train,0.051012296229600906,0.12590885162353516,0.12839514017105103,0.0,0.0061416965909302235,0.0061416965909302235,0.0,3.1180756092071533,9.999999747378752e-05,0.029999999329447746,0.029999999329447746,0.029999999329447746,0.0010000000474974513,0.0010000000474974513,0.13174724578857422,0.022587716579437256,0.0,0.0,0.0,0.0,-1.6870994567871094,-1.6870994567871094,1.0,-1.6870994567871094,0.0,-4.359633922576904,2.5107035636901855,1.0,0.13174724578857422,1.0,0.0,0.0,0.13174724578857422,0.0,0.0,0.022587716579437256,0.0,0.3225877285003662,0.07069534808397293,0.16414543986320496,0.5820368528366089,0.5760270953178406,0.0,0.0,0.0,0.0,0.0,0.0,0.0,0.0,1.0,0.0,0.13078373670578003,0.2614031732082367,0.39775288105010986,0.03528746962547302,0.0,0.12839514017105103,0.12590885162353516,0.12590885162353516,0.15334874391555786,0.057913798838853836,2.3041529795264637e-10,0.0,0.0,3.8662397861480713,3.8662397861480713,2.3904190063476562,2.3904190063476562,0.5919583439826965,0.0,0.0,0.0,0.0,0.3225877285003662,0.14912788569927216,0.00817715935409069,0.8781118988990784,0.5760270953178406,0.12892158329486847,2.4183812141418457,2.3949313163757324,2.3904190063476562,2.3851613998413086,2.5107035636901855,0.18204303085803986,0.07514536380767822,1.0,2.738468885421753,2.7428386211395264,2.7333619594573975,0.0,0.0,0.0,0.0,0.0,0.0,0.0,,,,,,,,,,,,,,,,,0.0005
8,2440,train,0.043340492993593216,0.11754374951124191,0.12170258909463882,0.0,0.005981395021080971,0.005981395021080971,0.0,3.078026533126831,9.999999747378752e-05,0.029999999329447746,0.029999999329447746,0.029999999329447746,0.0010000000474974513,0.0010000000474974513,0.12372385710477829,0.009983718395233154,0.0,0.0,0.0,0.0,-1.6527456045150757,-1.6527456045150757,1.0,-1.6527456045150757,0.0,-4.264135360717773,2.675584077835083,1.0,0.12372385710477829,1.0,0.0,0.0,0.12372385710477829,0.0,0.0,0.009983718395233154,0.0,0.2900162935256958,0.06943923234939575,0.1052779108285904,0.5867310762405396,0.5586069226264954,0.0,0.0,0.0,0.0,0.0,0.0,0.0,0.0,1.0,0.0,0.14661605656147003,0.28155288100242615,0.4109029471874237,0.03681774437427521,0.0,0.12170258909463882,0.11754374951124191,0.11754374951124191,0.16512051224708557,0.02567846141755581,-1.0997145555302623e-10,0.0,0.0,3.78041672706604,3.78041672706604,2.475898265838623,2.475898265838623,0.6165267825126648,0.0,0.0,0.0,0.0,0.2900162935256958,0.1323300302028656,0.007058285642415285,0.8785332441329956,0.5586069226264954,0.0715533122420311,2.528947591781616,2.466506242752075,2.475898265838623,2.4727604389190674,2.675584077835083,0.1945357471704483,0.08374018967151642,1.0,2.6742336750030518,2.6812808513641357,2.707974910736084,0.0,0.0,0.0,0.0,0.0,0.0,0.0,,,,,,,,,,,,,,,,,0.0005
8,2460,train,0.05790757015347481,0.130938321352005,0.13401371240615845,0.0,0.005641872528940439,0.005641872528940439,0.0,3.1314549446105957,9.999999747378752e-05,0.029999999329447746,0.029999999329447746,0.029999999329447746,0.0010000000474974513,0.0010000000474974513,0.12392151355743408,0.005154013633728027,0.0,0.0,0.0,0.0,-1.6740829944610596,-1.6740829944610596,1.0,-1.6740829944610596,0.0,-4.325764179229736,2.6427316665649414,1.0,0.12392151355743408,1.0,0.0,0.0,0.12392151355743408,0.0,0.0,0.005154013633728027,0.0,0.305154025554657,0.06569930166006088,0.13154229521751404,0.5625330805778503,0.572563886642456,0.0,0.0,0.0,0.0,0.0,0.0,0.0,0.0,1.0,0.0,0.14610159397125244,0.2622307240962982,0.40565115213394165,0.03483414277434349,0.0,0.13401371240615845,0.130938321352005,0.130938321352005,0.16715562343597412,-0.018450547009706497,1.6883357212282846e-10,0.0,0.0,3.8272008895874023,3.8272006511688232,2.4915857315063477,2.4915857315063477,0.6303601264953613,0.0,0.0,0.0,0.0,0.305154025554657,0.13328641653060913,0.0059656789526343346,0.865699052810669,0.572563886642456,0.09160539507865906,2.5188000202178955,2.484966993331909,2.4915857315063477,2.5209920406341553,2.6427316665649414,0.19528506696224213,0.08132784068584442,1.0,2.750396251678467,2.6945853233337402,2.7127721309661865,0.0,0.0,0.0,0.0,0.0,0.0,0.0,,,,,,,,,,,,,,,,,0.0005
8,2480,train,0.06453851610422134,0.13562718033790588,0.13768567144870758,0.0,0.006108642555773258,0.006108642555773258,0.0,3.107489585876465,9.999999747378752e-05,0.029999999329447746,0.029999999329447746,0.029999999329447746,0.0010000000474974513,0.0010000000474974513,0.12881848216056824,0.007362812757492065,0.0,0.0,0.0,0.0,-1.654266595840454,-1.654266595840454,1.0,-1.654266595840454,0.0,-4.292510986328125,2.6120293140411377,1.0,0.12881848216056824,1.0,0.0,0.0,0.12881848216056824,0.0,0.0,0.007362812757492065,0.0,0.307362824678421,0.05487733334302902,0.15108215808868408,0.5426772832870483,0.5716380476951599,0.0,0.0,0.0,0.0,0.0,0.0,0.0,0.0,1.0,0.0,0.13404858112335205,0.25634828209877014,0.40817418694496155,0.03567256033420563,0.0,0.13768567144870758,0.13562718033790588,0.13562718033790588,0.17347979545593262,0.1043790951371193,3.204281562307898e-10,0.0,0.0,3.916830062866211,3.916830062866211,2.449004650115967,2.449004650115967,0.6710637211799622,0.0,0.0,0.0,0.0,0.307362824678421,0.1379663497209549,0.01914842613041401,0.9220147132873535,0.5716380476951599,0.09116115421056747,2.47774600982666,2.4466233253479004,2.449004650115967,2.4431378841400146,2.6120293140411377,0.17973299324512482,0.07379098236560822,1.0,2.7657666206359863,2.765336036682129,2.7470531463623047,0.0,0.0,0.0,0.0,0.0,0.0,0.0,,,,,,,,,,,,,,,,,0.0005
8,2500,train,0.04850863292813301,0.12212702631950378,0.1263262778520584,0.0,0.005326136481016874,0.005326136481016874,0.0,3.0686299800872803,9.999999747378752e-05,0.029999999329447746,0.029999999329447746,0.029999999329447746,0.0010000000474974513,0.0010000000474974513,0.12127748131752014,0.0028068125247955322,0.0,0.0,0.0,0.0,-1.657906413078308,-1.657906413078308,1.0,-1.657906413078308,0.0,-4.282866477966309,2.593104839324951,1.0,0.12127748131752014,1.0,0.0,0.0,0.12127748131752014,0.0,0.0,0.0028068125247955322,0.0,0.29719316959381104,0.06443924456834793,0.11864276230335236,0.5309013724327087,0.5594882369041443,0.0,0.0,0.0,0.0,0.0,0.0,0.0,0.0,1.0,0.0,0.13461562991142273,0.26589295268058777,0.41034066677093506,0.037323758006095886,0.0,0.1263262778520584,0.12212702631950378,0.12212702631950378,0.15084068477153778,0.006213168613612652,-2.0910426168363472e-10,0.0,0.0,3.885131597518921,3.8851311206817627,2.473029851913452,2.473029851913452,0.5830793380737305,0.0,0.0,0.0,0.0,0.2971931993961334,0.14164072275161743,0.00977532472461462,0.8831332325935364,0.5594882369041443,0.09370405226945877,2.48822283744812,2.481060266494751,2.473029851913452,2.4404549598693848,2.593104839324951,0.19200444221496582,0.08222493529319763,1.0,2.770120143890381,2.7299983501434326,2.7335925102233887,0.0,0.0,0.0,0.0,0.0,0.0,0.0,,,,,,,,,,,,,,,,,0.0005
8,2520,train,0.06442588567733765,0.13673388957977295,0.1405325084924698,0.0,0.005906159523874521,0.005906159523874521,0.0,2.98793625831604,9.999999747378752e-05,0.029999999329447746,0.029999999329447746,0.029999999329447746,0.0010000000474974513,0.0010000000474974513,0.1292228400707245,0.002827882766723633,0.0,0.0,0.0,0.0,-1.6837087869644165,-1.6837087869644165,1.0,-1.6837087869644165,0.0,-4.345656394958496,2.4736435413360596,1.0,0.1292228400707245,1.0,0.0,0.0,0.1292228400707245,0.0,0.0,0.002827882766723633,0.0,0.2971721291542053,0.06195730343461037,0.11438955366611481,0.5134463310241699,0.5618062615394592,0.0,0.0,0.0,0.0,0.0,0.0,0.0,0.0,1.0,0.0,0.12049098312854767,0.24929936230182648,0.3839222192764282,0.039896104484796524,0.0,0.1405325084924698,0.13673388957977295,0.13673388957977295,0.14667484164237976,0.09111297130584717,9.515872811949322e-11,0.0,0.0,3.790881395339966,3.790881395339966,2.3031392097473145,2.3031392097473145,0.5476928949356079,0.0,0.0,0.0,0.0,0.2971721291542053,0.1384243667125702,0.005768395494669676,0.8816388249397278,0.5618062615394592,0.0846354216337204,2.3109350204467773,2.308177947998047,2.3031392097473145,2.3270859718322754,2.4736435413360596,0.17071934044361115,0.06731993705034256,1.0,2.6140682697296143,2.639909267425537,2.6477839946746826,0.0,0.0,0.0,0.0,0.0,0.0,0.0,,,,,,,,,,,,,,,,,0.0005
8,2540,train,0.045125965029001236,0.11862679570913315,0.12411050498485565,0.0,0.005728469230234623,0.005728469230234623,0.0,3.0448272228240967,9.999999747378752e-05,0.029999999329447746,0.029999999329447746,0.029999999329447746,0.0010000000474974513,0.0010000000474974513,0.12639620900154114,0.004704117774963379,0.0,0.0,0.0,0.0,-1.6488394737243652,-1.6488394737243652,1.0,-1.6488394737243652,0.0,-4.2687225341796875,2.6525654792785645,1.0,0.12639620900154114,1.0,0.0,0.0,0.12639620900154114,0.0,0.0,0.004704117774963379,0.0,0.29529592394828796,0.07163430005311966,0.10145632922649384,0.5715929865837097,0.5623292326927185,0.0,0.0,0.0,0.0,0.0,0.0,0.0,0.0,1.0,0.0,0.1388082206249237,0.2737274765968323,0.4044052064418793,0.03768332302570343,0.0,0.12411050498485565,0.11862679570913315,0.11862679570913315,0.1634824126958847,0.04557815566658974,-3.427362837982173e-10,0.0,0.0,3.6830480098724365,3.6830480098724365,2.4725217819213867,2.4725217819213867,0.601434051990509,0.0,0.0,0.0,0.0,0.2952958941459656,0.13412363827228546,0.0035389249678701162,0.8362146615982056,0.5623292326927185,0.08353248238563538,2.5013644695281982,2.463977098464966,2.4725217819213867,2.4824626445770264,2.6525654792785645,0.18875525891780853,0.08078261464834213,1.0,2.6062850952148438,2.662658214569092,2.6807754039764404,0.0,0.0,0.0,0.0,0.0,0.0,0.0,,,,,,,,,,,,,,,,,0.0005
8,2560,train,0.04587256908416748,0.12194182723760605,0.12665073573589325,0.0,0.00483846478164196,0.00483846478164196,0.0,2.992424249649048,9.999999747378752e-05,0.029999999329447746,0.029999999329447746,0.029999999329447746,0.0010000000474974513,0.0010000000474974513,0.12417659163475037,0.002133578062057495,0.0,0.0,0.0,0.0,-1.6995019912719727,-1.6995019912719727,1.0,-1.6995019912719727,0.0,-4.3814544677734375,2.5246431827545166,1.0,0.12417659163475037,1.0,0.0,0.0,0.12417659163475037,0.0,0.0,0.002133578062057495,0.0,0.30213358998298645,0.06923426687717438,0.1180732250213623,0.529613733291626,0.5697399973869324,0.0,0.0,0.0,0.0,0.0,0.0,0.0,0.0,1.0,0.0,0.1412784606218338,0.24963828921318054,0.39362406730651855,0.03926892206072807,0.0,0.12665073573589325,0.12194182723760605,0.12194182723760605,0.1414446234703064,0.004436152055859566,-1.994170627239722e-11,0.0,0.0,3.8372914791107178,3.8372914791107178,2.4101078510284424,2.4101078510284424,0.5340279936790466,0.0,0.0,0.0,0.0,0.30213358998298645,0.1327875405550003,0.004159325733780861,0.7880345582962036,0.5697399973869324,0.08235294371843338,2.435314655303955,2.4016788005828857,2.4101078510284424,2.4261653423309326,2.5246431827545166,0.18965277075767517,0.07730474323034286,1.0,2.672619342803955,2.6742026805877686,2.6539320945739746,0.0,0.0,0.0,0.0,0.0,0.0,0.0,,,,,,,,,,,,,,,,,0.0005
8,2580,train,0.06007779762148857,0.12906451523303986,0.1326448619365692,0.0,0.006655982229858637,0.006655982229858637,0.0,3.0333306789398193,9.999999747378752e-05,0.029999999329447746,0.029999999329447746,0.029999999329447746,0.0010000000474974513,0.0010000000474974513,0.12227077782154083,0.021142512559890747,0.0,0.0,0.0,0.0,-1.6027019023895264,-1.6027019023895264,1.0,-1.6027019023895264,0.0,-4.213623523712158,2.6840033531188965,1.0,0.12227077782154083,1.0,0.0,0.0,0.12227077782154083,0.0,0.0,0.021142512559890747,0.0,0.2788574993610382,0.07007401436567307,0.0948319286108017,0.5356552004814148,0.5413547158241272,0.0,0.0,0.0,0.0,0.0,0.0,0.0,0.0,1.0,0.0,0.14752592146396637,0.2858116626739502,0.42135849595069885,0.03887372091412544,0.0,0.1326448619365692,0.12906451523303986,0.12906451523303986,0.17381714284420013,0.06368409842252731,-4.271231285324362e-11,0.0,0.0,3.8237290382385254,3.8237290382385254,2.5356061458587646,2.5356061458587646,0.6585448980331421,0.0,0.0,0.0,0.0,0.2788574993610382,0.1407604068517685,0.005096454173326492,0.8601963520050049,0.5413547158241272,0.07711397856473923,2.5155296325683594,2.5529778003692627,2.5356061458587646,2.508716344833374,2.6840033531188965,0.19111579656600952,0.08256599307060242,1.0,2.7488322257995605,2.7253291606903076,2.729790210723877,0.0,0.0,0.0,0.0,0.0,0.0,0.0,,,,,,,,,,,,,,,,,0.0005
8,2600,train,0.058403898030519485,0.12998029589653015,0.13367213308811188,0.0,0.005288500804454088,0.005288500804454088,0.0,3.110100030899048,9.999999747378752e-05,0.029999999329447746,0.029999999329447746,0.029999999329447746,0.0010000000474974513,0.0010000000474974513,0.1314449906349182,0.002210557460784912,0.0,0.0,0.0,0.0,-1.6485689878463745,-1.6485689878463745,1.0,-1.6485689878463745,0.0,-4.278596878051758,2.6386237144470215,1.0,0.1314449906349182,1.0,0.0,0.0,0.1314449906349182,0.0,0.0,0.002210557460784912,0.0,0.30221056938171387,0.09189075231552124,0.09714628756046295,0.6662694811820984,0.5595188736915588,0.0,0.0,0.0,0.0,0.0,0.0,0.0,0.0,1.0,0.0,0.13546091318130493,0.24786345660686493,0.4062553644180298,0.035499732941389084,0.0,0.13367213308811188,0.12998029589653015,0.12998029589653015,0.16154611110687256,0.09562019258737564,-9.54778270334522e-11,0.0,0.0,3.85589599609375,3.85589599609375,2.4457149505615234,2.4457149505615234,0.6159136891365051,0.0,0.0,0.0,0.0,0.30221056938171387,0.14748747646808624,0.010672168806195259,0.8706313371658325,0.5595188736915588,0.10762868076562881,2.4389097690582275,2.4576451778411865,2.4457149505615234,2.4493350982666016,2.6386237144470215,0.18067824840545654,0.0729929581284523,1.0,2.6734209060668945,2.6330270767211914,2.6580939292907715,0.0,0.0,0.0,0.0,0.0,0.0,0.0,,,,,,,,,,,,,,,,,0.0005
8,2620,train,0.06943487375974655,0.1398436278104782,0.1432807594537735,0.0,0.0051755295135080814,0.0051755295135080814,0.0,3.0869510173797607,9.999999747378752e-05,0.029999999329447746,0.029999999329447746,0.029999999329447746,0.0010000000474974513,0.0010000000474974513,0.1364922821521759,0.026195883750915527,0.0,0.0,0.0,0.0,-1.6615259647369385,-1.6615259647369385,1.0,-1.6615259647369385,0.0,-4.334793567657471,2.6096770763397217,1.0,0.1364922821521759,1.0,0.0,0.0,0.1364922821521759,0.0,0.0,0.026195883750915527,0.0,0.2738041281700134,0.06417074799537659,0.08711858093738556,0.5180079936981201,0.546118438243866,0.0,0.0,0.0,0.0,0.0,0.0,0.0,0.0,1.0,0.0,0.1512635350227356,0.2529473602771759,0.4087926745414734,0.036354511976242065,0.0,0.1432807594537735,0.1398436278104782,0.1398436278104782,0.15917882323265076,0.06804202497005463,-2.1400778371649665e-10,0.0,0.0,3.8289802074432373,3.8289802074432373,2.4928128719329834,2.4928128719329834,0.605303943157196,0.0,0.0,0.0,0.0,0.2738041281700134,0.12652502954006195,0.003603193908929825,0.8441832065582275,0.546118438243866,0.053370099514722824,2.459260940551758,2.51324725151062,2.4928128719329834,2.467834949493408,2.6096770763397217,0.18495479226112366,0.07575428485870361,1.0,2.6155617237091064,2.720372200012207,2.673677444458008,0.0,0.0,0.0,0.0,0.0,0.0,0.0,,,,,,,,,,,,,,,,,0.0005
8,2640,train,0.07706960290670395,0.14591020345687866,0.15009000897407532,0.0,0.006227861624211073,0.006227861624211073,0.0,3.0717837810516357,9.999999747378752e-05,0.029999999329447746,0.029999999329447746,0.029999999329447746,0.0010000000474974513,0.0010000000474974513,0.12748536467552185,0.017356842756271362,0.0,0.0,0.0,0.0,-1.658290982246399,-1.658290982246399,1.0,-1.658290982246399,0.0,-4.335602283477783,2.5835931301116943,1.0,0.12748536467552185,1.0,0.0,0.0,0.12748536467552185,0.0,0.0,0.017356842756271362,0.0,0.2826431691646576,0.06723231077194214,0.11996784806251526,0.5154327750205994,0.5573273301124573,0.0,0.0,0.0,0.0,0.0,0.0,0.0,0.0,1.0,0.0,0.14492376148700714,0.24909919500350952,0.4078453779220581,0.03675932437181473,0.0,0.15009000897407532,0.14591020345687866,0.14591020345687866,0.1498180329799652,0.07047895342111588,2.4711188650883287e-10,0.0,0.0,4.002465724945068,4.002465724945068,2.484100818634033,2.484100818634033,0.608206570148468,0.0,0.0,0.0,0.0,0.2826431691646576,0.12225880473852158,0.005728752352297306,0.7846956253051758,0.5573273301124573,0.05738358199596405,2.505218982696533,2.491231679916382,2.484100818634033,2.4199230670928955,2.5835931301116943,0.1867893785238266,0.0775129571557045,1.0,2.730680465698242,2.654303789138794,2.606539726257324,0.0,0.0,0.0,0.0,0.0,0.0,0.0,,,,,,,,,,,,,,,,,0.0005
8,2660,train,0.06669287383556366,0.13703550398349762,0.13777682185173035,0.0,0.006295220926403999,0.006295220926403999,0.0,3.0200676918029785,9.999999747378752e-05,0.029999999329447746,0.029999999329447746,0.029999999329447746,0.0010000000474974513,0.0010000000474974513,0.12568961083889008,0.000363767147064209,0.0,0.0,0.0,0.0,-1.6419154405593872,-1.6419154405593872,1.0,-1.6419154405593872,0.0,-4.242532730102539,2.692969799041748,1.0,0.12568961083889008,1.0,0.0,0.0,0.12568961083889008,0.0,0.0,0.000363767147064209,0.0,0.29963624477386475,0.057765327394008636,0.12717412412166595,0.49324843287467957,0.5732870101928711,0.0,0.0,0.0,0.0,0.0,0.0,0.0,0.0,1.0,0.0,0.14321567118167877,0.2693348824977875,0.41055601835250854,0.038720618933439255,0.0,0.13777682185173035,0.13703550398349762,0.13703550398349762,0.18017913401126862,0.06707433611154556,-1.010590309352688e-11,0.0,0.0,3.796783208847046,3.796783208847046,2.5173566341400146,2.5173566341400146,0.6954982876777649,0.0,0.0,0.0,0.0,0.29963624477386475,0.12466627359390259,0.025767860934138298,0.7954429984092712,0.5732870101928711,0.07251838594675064,2.5428168773651123,2.5116348266601562,2.5173566341400146,2.541248083114624,2.692969799041748,0.1887621283531189,0.08031687885522842,1.0,2.640045404434204,2.615787982940674,2.647958278656006,0.0,0.0,0.0,0.0,0.0,0.0,0.0,,,,,,,,,,,,,,,,,0.0005
8,2672,train_epoch,0.05511988077067329,0.12762577260682684,0.13158851754879522,0.0,0.00595190789979955,0.00595190789979955,0.0,3.0535791748298142,9.999999747378752e-05,0.029999999329447746,0.029999999329447746,0.029999999329447746,0.0010000000474974513,0.0010000000474974513,0.12551086409363205,0.009311798982277603,0.0,0.0,0.0,0.0,-1.657372261592728,-1.657372261592728,1.0,-1.657372261592728,0.0,-4.293685400557375,2.6161808389389587,1.0,0.12551086409363205,1.0,0.0,0.0,0.12551086409363205,0.0,0.0,0.009311798982277603,0.0,0.3012149830956659,0.07108439548599149,0.11685296645510697,0.5633401197052288,0.5651802647256565,0.0,0.0,0.0,0.0,0.0,0.0,0.0,0.0,1.0,0.0,0.13944028616843823,0.2658457370575317,0.40549978007099585,0.03766944279481551,0.0,0.13158851754879522,0.12762577260682684,0.12762577260682684,0.1575900141796666,0.040323297278192255,-1.3048241409780694e-11,0.0,0.0,3.819097531055976,3.819097521776211,2.452149855162569,2.452149855162569,0.5954839974463343,0.0,0.0,0.0,0.0,0.3012149789019259,0.13772921763851256,0.009057280182291915,0.8466309956804721,0.5651802647256565,0.09297467191553044,2.4798568672762658,2.45212287317493,2.452149855162569,2.44747506858346,2.6161808389389587,0.18837376077196555,0.07978380480390823,1.0,2.6878955471301507,2.688887545448577,2.6882656105978047,0.0,0.0,0.0,0.0,0.0,0.0,0.0,,,,,,,,,,,,,,,,,0.0005
8,2672,val,,,,,,,,,,,,,,,,,,,,,,,,,,,,,,,,,,,,,,,,,,,,,,,,,,,,,,,,,,,,,,,,,,,,,,,,,,,,,,,,,,,,,,,,,,,,,,,,,,,18.570116940919345,856.0609203716656,29.25851876585118,12.019559971921078,16.93725724263234,26.440616600022864,10.876407069128913,18.60415926495114,29.32685526479117,11.869155303851977,21.1465651967504,33.2059773363308,14.130165813205478,18.570116940919345,29.25851876585118,12.019559971921078,0.0005
9,2680,train,0.0625435933470726,0.13663195073604584,0.1381101757287979,0.0,0.005694857332855463,0.005694857332855463,0.0,3.0490806102752686,9.999999747378752e-05,0.029999999329447746,0.029999999329447746,0.029999999329447746,0.0010000000474974513,0.0010000000474974513,0.12487830221652985,0.008802652359008789,0.0,0.0,0.0,0.0,-1.7053303718566895,-1.7053303718566895,1.0,-1.7053303718566895,0.0,-4.36788272857666,2.468944549560547,1.0,0.12487830221652985,1.0,0.0,0.0,0.12487830221652985,0.0,0.0,0.008802652359008789,0.0,0.30880266427993774,0.05200158432126045,0.14197684824466705,0.5306580066680908,0.577994167804718,0.0,0.0,0.0,0.0,0.0,0.0,0.0,0.0,1.0,0.0,0.1330953687429428,0.24701404571533203,0.38694196939468384,0.037155840545892715,0.0,0.1381101757287979,0.13663195073604584,0.13663195073604584,0.14465047419071198,0.053978100419044495,-1.0281726164906857e-10,0.0,0.0,3.839353322982788,3.839353322982788,2.3647964000701904,2.3647964000701904,0.5503326058387756,0.0,0.0,0.0,0.0,0.30880266427993774,0.12916815280914307,0.013391274027526379,0.8216119408607483,0.577994167804718,0.086427703499794,2.360588788986206,2.372796058654785,2.3647964000701904,2.332551956176758,2.468944549560547,0.18061624467372894,0.0725102499127388,1.0,2.633122444152832,2.6416802406311035,2.6217100620269775,0.0,0.0,0.0,0.0,0.0,0.0,0.0,,,,,,,,,,,,,,,,,0.0005
9,2700,train,0.07268178462982178,0.14062821865081787,0.14514943957328796,0.0,0.006467416416853666,0.006467416416853666,0.0,3.065654993057251,9.999999747378752e-05,0.029999999329447746,0.029999999329447746,0.029999999329447746,0.0010000000474974513,0.0010000000474974513,0.12426099926233292,0.002947777509689331,0.0,0.0,0.0,0.0,-1.6267355680465698,-1.6267355680465698,1.0,-1.6267355680465698,0.0,-4.251776218414307,2.6473259925842285,1.0,0.12426099926233292,1.0,0.0,0.0,0.12426099926233292,0.0,0.0,0.002947777509689331,0.0,0.3029477894306183,0.07000400871038437,0.10770858824253082,0.6219755411148071,0.5713509321212769,0.0,0.0,0.0,0.0,0.0,0.0,0.0,0.0,1.0,0.0,0.14018598198890686,0.2722785770893097,0.41107288002967834,0.03727591410279274,0.0,0.14514943957328796,0.14062821865081787,0.14062821865081787,0.17211979627609253,0.05249182879924774,-3.872137888105698e-10,0.0,0.0,3.8068044185638428,3.8068044185638428,2.470597505569458,2.470597505569458,0.660480797290802,0.0,0.0,0.0,0.0,0.3029477894306183,0.1306396871805191,0.0018587833037599921,0.894527792930603,0.5713509321212769,0.07380515336990356,2.485840320587158,2.473705530166626,2.470597505569458,2.4764771461486816,2.6473259925842285,0.18738143146038055,0.07814070582389832,1.0,2.6485068798065186,2.6731936931610107,2.669163465499878,0.0,0.0,0.0,0.0,0.0,0.0,0.0,,,,,,,,,,,,,,,,,0.0005
9,2720,train,0.035835862159729004,0.10974054038524628,0.11539912968873978,0.0,0.0052491738460958,0.0052491738460958,0.0,3.120048999786377,9.999999747378752e-05,0.029999999329447746,0.029999999329447746,0.029999999329447746,0.0010000000474974513,0.0010000000474974513,0.11600445955991745,0.0010566115379333496,0.0,0.0,0.0,0.0,-1.6261842250823975,-1.6261842250823975,1.0,-1.6261842250823975,0.0,-4.2193498611450195,2.767991781234741,1.0,0.11600445955991745,1.0,0.0,0.0,0.11600445955991745,0.0,0.0,0.0010566115379333496,0.0,0.2989434003829956,0.06867817044258118,0.12514623999595642,0.5204467177391052,0.5650925040245056,0.0,0.0,0.0,0.0,0.0,0.0,0.0,0.0,1.0,0.0,0.15104395151138306,0.2763145864009857,0.4224175214767456,0.035803068429231644,0.0,0.11539912968873978,0.10974054038524628,0.10974054038524628,0.16187018156051636,-0.024212464690208435,5.646573764117591e-10,0.0,0.0,3.70333194732666,3.70333194732666,2.577759265899658,2.577759265899658,0.596198558807373,0.0,0.0,0.0,0.0,0.2989434003829956,0.13523231446743011,0.009032042697072029,0.8965977430343628,0.5650925040245056,0.07265625149011612,2.6376049518585205,2.5695807933807373,2.577759265899658,2.5586400032043457,2.767991781234741,0.20742318034172058,0.0929514542222023,1.0,2.6480040550231934,2.6140382289886475,2.655102252960205,0.0,0.0,0.0,0.0,0.0,0.0,0.0,,,,,,,,,,,,,,,,,0.0005
9,2740,train,0.03791627287864685,0.1110004112124443,0.11782757192850113,0.0,0.005201292224228382,0.005201292224228382,0.0,3.0964791774749756,9.999999747378752e-05,0.029999999329447746,0.029999999329447746,0.029999999329447746,0.0010000000474974513,0.0010000000474974513,0.1102658212184906,0.012377798557281494,0.0,0.0,0.0,0.0,-1.6206328868865967,-1.6206328868865967,1.0,-1.6206328868865967,0.0,-4.230119705200195,2.6912944316864014,1.0,0.1102658212184906,1.0,0.0,0.0,0.1102658212184906,0.0,0.0,0.012377798557281494,0.0,0.28762221336364746,0.0720052644610405,0.12125127017498016,0.5114995241165161,0.5557605624198914,0.0,0.0,0.0,0.0,0.0,0.0,0.0,0.0,1.0,0.0,0.15549542009830475,0.27650123834609985,0.423927366733551,0.03669079765677452,0.0,0.11782757192850113,0.1110004112124443,0.1110004112124443,0.16874979436397552,-0.023390382528305054,5.069533681734129e-10,0.0,0.0,3.7665162086486816,3.7665162086486816,2.5593950748443604,2.5593950748443604,0.6248842477798462,0.0,0.0,0.0,0.0,0.28762221336364746,0.13149699568748474,0.0029775709845125675,0.8131874203681946,0.5557605624198914,0.06580882519483566,2.615999937057495,2.54836106300354,2.5593950748443604,2.4683685302734375,2.6912944316864014,0.20367293059825897,0.09189600497484207,1.0,2.665958881378174,2.705258846282959,2.7274069786071777,0.0,0.0,0.0,0.0,0.0,0.0,0.0,,,,,,,,,,,,,,,,,0.0005
9,2760,train,0.07231999933719635,0.14223331212997437,0.14619623124599457,0.0,0.006175953429192305,0.006175953429192305,0.0,3.0744709968566895,9.999999747378752e-05,0.029999999329447746,0.029999999329447746,0.029999999329447746,0.0010000000474974513,0.0010000000474974513,0.12521016597747803,0.00606122612953186,0.0,0.0,0.0,0.0,-1.6629427671432495,-1.6629427671432495,1.0,-1.6629427671432495,0.0,-4.319357395172119,2.5811452865600586,1.0,0.12521016597747803,1.0,0.0,0.0,0.12521016597747803,0.0,0.0,0.00606122612953186,0.0,0.3060612380504608,0.07101842015981674,0.11402207612991333,0.544726550579071,0.5703054666519165,0.0,0.0,0.0,0.0,0.0,0.0,0.0,0.0,1.0,0.0,0.12435662746429443,0.2385682314634323,0.39952802658081055,0.037003569304943085,0.0,0.14619623124599457,0.14223331212997437,0.14223331212997437,0.14311186969280243,0.06953977793455124,3.5004918408354513e-10,0.0,0.0,3.8440325260162354,3.8440330028533936,2.4027388095855713,2.4027388095855713,0.5495234131813049,0.0,0.0,0.0,0.0,0.3060612380504608,0.13752803206443787,0.004020102322101593,0.8729510307312012,0.5703054666519165,0.08763787150382996,2.3950767517089844,2.411756753921509,2.4027388095855713,2.3916938304901123,2.5811452865600586,0.17807811498641968,0.07186044752597809,1.0,2.6629042625427246,2.642282009124756,2.610802412033081,0.0,0.0,0.0,0.0,0.0,0.0,0.0,,,,,,,,,,,,,,,,,0.0005
9,2780,train,0.0628882497549057,0.13290931284427643,0.13714219629764557,0.0,0.006055717822164297,0.006055717822164297,0.0,3.0308854579925537,9.999999747378752e-05,0.029999999329447746,0.029999999329447746,0.029999999329447746,0.0010000000474974513,0.0010000000474974513,0.12031598389148712,0.01355808973312378,0.0,0.0,0.0,0.0,-1.634468913078308,-1.634468913078308,1.0,-1.634468913078308,0.0,-4.239064693450928,2.663759469985962,1.0,0.12031598389148712,1.0,0.0,0.0,0.12031598389148712,0.0,0.0,0.01355808973312378,0.0,0.28644195199012756,0.07899130135774612,0.10922349989414215,0.5563360452651978,0.5494844913482666,0.0,0.0,0.0,0.0,0.0,0.0,0.0,0.0,1.0,0.0,0.14349712431430817,0.2705928683280945,0.4041212499141693,0.03840665891766548,0.0,0.13714219629764557,0.13290931284427643,0.13290931284427643,0.16589033603668213,0.07569821178913116,6.394567653167371e-10,0.0,0.0,3.702198028564453,3.702198028564453,2.4341304302215576,2.4341304302215576,0.6070815920829773,0.0,0.0,0.0,0.0,0.2864419221878052,0.1395610123872757,0.004788474645465612,0.785999059677124,0.5494844913482666,0.0758884847164154,2.486462354660034,2.434936285018921,2.4341304302215576,2.4905216693878174,2.663759469985962,0.18634603917598724,0.07665642350912094,1.0,2.551149845123291,2.6245267391204834,2.6475512981414795,0.0,0.0,0.0,0.0,0.0,0.0,0.0,,,,,,,,,,,,,,,,,0.0005
9,2800,train,0.04674482345581055,0.12037817388772964,0.12244471907615662,0.0,0.005997780244797468,0.005997780244797468,0.0,3.0737054347991943,9.999999747378752e-05,0.029999999329447746,0.029999999329447746,0.029999999329447746,0.0010000000474974513,0.0010000000474974513,0.12592437863349915,6.642937660217285e-05,0.0,0.0,0.0,0.0,-1.645593285560608,-1.645593285560608,1.0,-1.645593285560608,0.0,-4.254963397979736,2.682732343673706,1.0,0.12592437863349915,1.0,0.0,0.0,0.12592437863349915,0.0,0.0,6.642937660217285e-05,0.0,0.2999335825443268,0.06551230698823929,0.13735827803611755,0.5243610739707947,0.568895697593689,0.0,0.0,0.0,0.0,0.0,0.0,0.0,0.0,1.0,0.0,0.15709620714187622,0.2732056975364685,0.41117772459983826,0.03742942959070206,0.0,0.12244471907615662,0.12037817388772964,0.12037817388772964,0.1613997220993042,0.062261246144771576,5.77154539438407e-11,0.0,0.0,3.8841097354888916,3.8841097354888916,2.507718563079834,2.507718563079834,0.6284679770469666,0.0,0.0,0.0,0.0,0.2999335825443268,0.1300739049911499,0.009704030118882656,0.7701634764671326,0.568895697593689,0.07781863212585449,2.5416927337646484,2.501398801803589,2.507718563079834,2.511507272720337,2.682732343673706,0.19199331104755402,0.07867797464132309,1.0,2.75376033782959,2.6475300788879395,2.646052122116089,0.0,0.0,0.0,0.0,0.0,0.0,0.0,,,,,,,,,,,,,,,,,0.0005
9,2820,train,0.05092356353998184,0.12418777495622635,0.12880821526050568,0.0,0.00565582700073719,0.00565582700073719,0.0,3.0584213733673096,9.999999747378752e-05,0.029999999329447746,0.029999999329447746,0.029999999329447746,0.0010000000474974513,0.0010000000474974513,0.11602799594402313,0.013646304607391357,0.0,0.0,0.0,0.0,-1.6605175733566284,-1.6605175733566284,1.0,-1.6605175733566284,0.0,-4.283743381500244,2.5983948707580566,1.0,0.11602799594402313,1.0,0.0,0.0,0.11602799594402313,0.0,0.0,0.013646304607391357,0.0,0.2863536775112152,0.05939863249659538,0.13211676478385925,0.5033077597618103,0.560693621635437,0.0,0.0,0.0,0.0,0.0,0.0,0.0,0.0,1.0,0.0,0.14211222529411316,0.2612771987915039,0.39968743920326233,0.03730100020766258,0.0,0.12880821526050568,0.12418777495622635,0.12418777495622635,0.15165533125400543,0.039974845945835114,1.8926787914708143e-10,0.0,0.0,3.80068039894104,3.80068039894104,2.428338050842285,2.428338050842285,0.5787415504455566,0.0,0.0,0.0,0.0,0.2863537073135376,0.12300720065832138,0.010766593739390373,0.794145941734314,0.560693621635437,0.055085789412260056,2.4268951416015625,2.438736915588379,2.428338050842285,2.427408218383789,2.5983948707580566,0.18677471578121185,0.07726467400789261,1.0,2.6340746879577637,2.611032247543335,2.6642138957977295,0.0,0.0,0.0,0.0,0.0,0.0,0.0,,,,,,,,,,,,,,,,,0.0005
9,2840,train,0.04067555442452431,0.11189012229442596,0.11487556248903275,0.0,0.005874909460544586,0.005874909460544586,0.0,3.0743634700775146,9.999999747378752e-05,0.029999999329447746,0.029999999329447746,0.029999999329447746,0.0010000000474974513,0.0010000000474974513,0.11744758486747742,0.001969575881958008,0.0,0.0,0.0,0.0,-1.579879879951477,-1.579879879951477,1.0,-1.579879879951477,0.0,-4.137406826019287,2.7930824756622314,1.0,0.11744758486747742,1.0,0.0,0.0,0.11744758486747742,0.0,0.0,0.001969575881958008,0.0,0.30196958780288696,0.060250867158174515,0.13515976071357727,0.5126683712005615,0.5695626139640808,0.0,0.0,0.0,0.0,0.0,0.0,0.0,0.0,1.0,0.0,0.15926595032215118,0.2911951541900635,0.42468300461769104,0.03773776441812515,0.0,0.11487556248903275,0.11189012229442596,0.11189012229442596,0.16636984050273895,0.029333578422665596,6.160891935502733e-11,0.0,0.0,3.767819404602051,3.767819404602051,2.6252541542053223,2.6252541542053223,0.6265811920166016,0.0,0.0,0.0,0.0,0.30196958780288696,0.13129496574401855,0.0031936122104525566,0.8406013250350952,0.5695626139640808,0.07535233348608017,2.6469616889953613,2.627206325531006,2.6252541542053223,2.606654405593872,2.7930824756622314,0.2047724574804306,0.09065783023834229,1.0,2.5565435886383057,2.59420108795166,2.655022144317627,0.0,0.0,0.0,0.0,0.0,0.0,0.0,,,,,,,,,,,,,,,,,0.0005
9,2860,train,0.05878863483667374,0.13027971982955933,0.13422609865665436,0.0,0.005702546332031488,0.005702546332031488,0.0,3.1035680770874023,9.999999747378752e-05,0.029999999329447746,0.029999999329447746,0.029999999329447746,0.0010000000474974513,0.0010000000474974513,0.11731131374835968,0.002160698175430298,0.0,0.0,0.0,0.0,-1.6489534378051758,-1.6489534378051758,1.0,-1.6489534378051758,0.0,-4.306711673736572,2.661299467086792,1.0,0.11731131374835968,1.0,0.0,0.0,0.11731131374835968,0.0,0.0,0.002160698175430298,0.0,0.29783934354782104,0.06355027109384537,0.09942423552274704,0.5207058787345886,0.569186270236969,0.0,0.0,0.0,0.0,0.0,0.0,0.0,0.0,1.0,0.0,0.15125297009944916,0.26998674869537354,0.41506126523017883,0.036129407584667206,0.0,0.13422609865665436,0.13027971982955933,0.13027971982955933,0.16885116696357727,0.05052785575389862,4.050783146414272e-12,0.0,0.0,3.796342611312866,3.796342611312866,2.5291037559509277,2.5291037559509277,0.6401130557060242,0.0,0.0,0.0,0.0,0.29783931374549866,0.1267324537038803,0.002480866154655814,0.8001854419708252,0.569186270236969,0.07251838594675064,2.515526056289673,2.5426974296569824,2.5291037559509277,2.5299370288848877,2.661299467086792,0.19131748378276825,0.07927078753709793,1.0,2.5972604751586914,2.635669231414795,2.6662845611572266,0.0,0.0,0.0,0.0,0.0,0.0,0.0,,,,,,,,,,,,,,,,,0.0005
9,2880,train,0.05989455059170723,0.13257738947868347,0.13459496200084686,0.0,0.006277260836213827,0.006277260836213827,0.0,3.0763940811157227,9.999999747378752e-05,0.029999999329447746,0.029999999329447746,0.029999999329447746,0.0010000000474974513,0.0010000000474974513,0.1271536946296692,0.0058727264404296875,0.0,0.0,0.0,0.0,-1.67051362991333,-1.67051362991333,1.0,-1.67051362991333,0.0,-4.33992338180542,2.550576686859131,1.0,0.1271536946296692,1.0,0.0,0.0,0.1271536946296692,0.0,0.0,0.0058727264404296875,0.0,0.30587276816368103,0.08092232048511505,0.10463772714138031,0.5536915063858032,0.5687224864959717,0.0,0.0,0.0,0.0,0.0,0.0,0.0,0.0,1.0,0.0,0.14899055659770966,0.25242501497268677,0.39680537581443787,0.03631851449608803,0.0,0.13459496200084686,0.13257738947868347,0.13257738947868347,0.14572621881961823,0.07337600737810135,-1.640113461709447e-10,0.0,0.0,3.8821489810943604,3.8821489810943604,2.4490270614624023,2.4490270614624023,0.5745333433151245,0.0,0.0,0.0,0.0,0.30587273836135864,0.1392209678888321,0.01110848505049944,0.8510059118270874,0.5687224864959717,0.10242035239934921,2.4646060466766357,2.449002981185913,2.4490270614624023,2.424670457839966,2.550576686859131,0.18508587777614594,0.07599266618490219,1.0,2.59256911277771,2.6231420040130615,2.5732390880584717,0.0,0.0,0.0,0.0,0.0,0.0,0.0,,,,,,,,,,,,,,,,,0.0005
9,2900,train,0.057302750647068024,0.12903358042240143,0.13302095234394073,0.0,0.005692817270755768,0.005692817270755768,0.0,3.0608603954315186,9.999999747378752e-05,0.029999999329447746,0.029999999329447746,0.029999999329447746,0.0010000000474974513,0.0010000000474974513,0.11604434251785278,0.008459419012069702,0.0,0.0,0.0,0.0,-1.6489399671554565,-1.6489399671554565,1.0,-1.6489399671554565,0.0,-4.280645370483398,2.6107020378112793,1.0,0.11604434251785278,1.0,0.0,0.0,0.11604434251785278,0.0,0.0,0.008459419012069702,0.0,0.30845943093299866,0.0793830081820488,0.08339526504278183,0.5796670317649841,0.5718642473220825,0.0,0.0,0.0,0.0,0.0,0.0,0.0,0.0,1.0,0.0,0.15254324674606323,0.2619485855102539,0.41155511140823364,0.03787265345454216,0.0,0.13302095234394073,0.12903358042240143,0.12903358042240143,0.15006844699382782,0.05558866634964943,3.3630367934911476e-10,0.0,0.0,3.8983564376831055,3.8983564376831055,2.4979724884033203,2.4979724884033203,0.5824171900749207,0.0,0.0,0.0,0.0,0.30845943093299866,0.13624611496925354,0.0046682702377438545,0.8718980550765991,0.5718642473220825,0.09306066483259201,2.4976956844329834,2.5135064125061035,2.4979724884033203,2.467665195465088,2.6107020378112793,0.187893345952034,0.07744470983743668,1.0,2.657550573348999,2.628848075866699,2.6463818550109863,0.0,0.0,0.0,0.0,0.0,0.0,0.0,,,,,,,,,,,,,,,,,0.0005
9,2920,train,0.05196653679013252,0.1231466680765152,0.12734875082969666,0.0,0.005948776379227638,0.005948776379227638,0.0,3.1009957790374756,9.999999747378752e-05,0.029999999329447746,0.029999999329447746,0.029999999329447746,0.0010000000474974513,0.0010000000474974513,0.12099039554595947,0.005721926689147949,0.0,0.0,0.0,0.0,-1.6210860013961792,-1.6210860013961792,1.0,-1.6210860013961792,0.0,-4.235796928405762,2.7194783687591553,1.0,0.12099039554595947,1.0,0.0,0.0,0.12099039554595947,0.0,0.0,0.005721926689147949,0.0,0.3057219684123993,0.06559816002845764,0.11089326441287994,0.5690881013870239,0.5751636028289795,0.0,0.0,0.0,0.0,0.0,0.0,0.0,0.0,1.0,0.0,0.15789982676506042,0.2862739562988281,0.41752105951309204,0.03629060089588165,0.0,0.12734875082969666,0.1231466680765152,0.1231466680765152,0.1870322823524475,0.05044206231832504,6.96240981534757e-11,0.0,0.0,3.670029640197754,3.670029640197754,2.5711467266082764,2.5711467266082764,0.6799610257148743,0.0,0.0,0.0,0.0,0.3057219386100769,0.12827648222446442,0.004833050537854433,0.820607602596283,0.5751636028289795,0.07230392843484879,2.590243101119995,2.5672719478607178,2.5711467266082764,2.5890936851501465,2.7194783687591553,0.19553378224372864,0.08344143629074097,1.0,2.5149312019348145,2.6592535972595215,2.650888442993164,0.0,0.0,0.0,0.0,0.0,0.0,0.0,,,,,,,,,,,,,,,,,0.0005
9,2940,train,0.05898638069629669,0.13002513349056244,0.13422593474388123,0.0,0.005603523459285498,0.005603523459285498,0.0,3.02390718460083,9.999999747378752e-05,0.029999999329447746,0.029999999329447746,0.029999999329447746,0.0010000000474974513,0.0010000000474974513,0.12507569789886475,0.02250191569328308,0.0,0.0,0.0,0.0,-1.641700267791748,-1.641700267791748,1.0,-1.641700267791748,0.0,-4.258181571960449,2.644317388534546,1.0,0.12507569789886475,1.0,0.0,0.0,0.12507569789886475,0.0,0.0,0.02250191569328308,0.0,0.32250189781188965,0.05892821028828621,0.11737724393606186,0.5090705752372742,0.5932847261428833,0.0,0.0,0.0,0.0,0.0,0.0,0.0,0.0,1.0,0.0,0.15198855102062225,0.26135653257369995,0.40832462906837463,0.03890777379274368,0.0,0.13422593474388123,0.13002513349056244,0.13002513349056244,0.17310963571071625,0.08120892941951752,-1.8636096832391758e-10,0.0,0.0,3.916468858718872,3.916469097137451,2.4913101196289062,2.4913101196289062,0.6864392757415771,0.0,0.0,0.0,0.0,0.32250192761421204,0.12317951023578644,0.021927986294031143,0.8535693287849426,0.5932847261428833,0.08265931904315948,2.528890609741211,2.485069513320923,2.4913101196289062,2.4960014820098877,2.644317388534546,0.1854327768087387,0.07818970829248428,1.0,2.715559482574463,2.6124954223632812,2.631080150604248,0.0,0.0,0.0,0.0,0.0,0.0,0.0,,,,,,,,,,,,,,,,,0.0005
9,2960,train,0.056718550622463226,0.12895727157592773,0.13245241343975067,0.0,0.005800387356430292,0.005800387356430292,0.0,3.0612082481384277,9.999999747378752e-05,0.029999999329447746,0.029999999329447746,0.029999999329447746,0.0010000000474974513,0.0010000000474974513,0.11163777858018875,0.004428893327713013,0.0,0.0,0.0,0.0,-1.6554234027862549,-1.6554234027862549,1.0,-1.6554234027862549,0.0,-4.297243118286133,2.6341969966888428,1.0,0.11163777858018875,1.0,0.0,0.0,0.11163777858018875,0.0,0.0,0.004428893327713013,0.0,0.30442890524864197,0.07711674273014069,0.09709914773702621,0.5919183492660522,0.5698003768920898,0.0,0.0,0.0,0.0,0.0,0.0,0.0,0.0,1.0,0.0,0.15091754496097565,0.2659941017627716,0.4088965058326721,0.03774760663509369,0.0,0.13245241343975067,0.12895727157592773,0.12895727157592773,0.1627095639705658,0.05758240818977356,-1.0096515637436632e-11,0.0,0.0,3.815718412399292,3.815718412399292,2.51350998878479,2.51350998878479,0.6259766817092896,0.0,0.0,0.0,0.0,0.30442890524864197,0.13441382348537445,0.0077663506381213665,0.8512814044952393,0.5698003768920898,0.07962623238563538,2.5075690746307373,2.5214359760284424,2.51350998878479,2.4975063800811768,2.6341969966888428,0.18973514437675476,0.0789443850517273,1.0,2.5558881759643555,2.638125419616699,2.616212844848633,0.0,0.0,0.0,0.0,0.0,0.0,0.0,,,,,,,,,,,,,,,,,0.0005
9,2980,train,0.06627839803695679,0.13251714408397675,0.13610295951366425,0.0,0.0061888787895441055,0.0061888787895441055,0.0,3.0799739360809326,9.999999747378752e-05,0.029999999329447746,0.029999999329447746,0.029999999329447746,0.0010000000474974513,0.0010000000474974513,0.10677676647901535,0.02064111828804016,0.0,0.0,0.0,0.0,-1.5680071115493774,-1.5680071115493774,1.0,-1.5680071115493774,0.0,-4.1641154289245605,2.689627170562744,1.0,0.10677676647901535,1.0,0.0,0.0,0.10677676647901535,0.0,0.0,0.02064111828804016,0.0,0.2793588936328888,0.07358920574188232,0.1090138778090477,0.5002922415733337,0.5356535315513611,0.0,0.0,0.0,0.0,0.0,0.0,0.0,0.0,1.0,0.0,0.1539476215839386,0.27558594942092896,0.4284880757331848,0.038250379264354706,0.0,0.13610295951366425,0.13251714408397675,0.13251714408397675,0.18001288175582886,0.08752453327178955,1.5085155347094314e-10,0.0,0.0,3.841221809387207,3.841221809387207,2.5351669788360596,2.5351669788360596,0.690878689289093,0.0,0.0,0.0,0.0,0.2793588936328888,0.14717812836170197,0.0027855306398123503,0.8762438297271729,0.5356535315513611,0.07958027720451355,2.5482475757598877,2.560256004333496,2.5351669788360596,2.5070254802703857,2.689627170562744,0.1877288818359375,0.08268727362155914,1.0,2.7070395946502686,2.723865509033203,2.7164580821990967,0.0,0.0,0.0,0.0,0.0,0.0,0.0,,,,,,,,,,,,,,,,,0.0005
9,3000,train,0.051635660231113434,0.12115113437175751,0.12729042768478394,0.0,0.005727744661271572,0.005727744661271572,0.0,3.0828518867492676,9.999999747378752e-05,0.029999999329447746,0.029999999329447746,0.029999999329447746,0.0010000000474974513,0.0010000000474974513,0.1096101850271225,0.0021210908889770508,0.0,0.0,0.0,0.0,-1.592756748199463,-1.592756748199463,1.0,-1.592756748199463,0.0,-4.183929443359375,2.720606565475464,1.0,0.1096101850271225,1.0,0.0,0.0,0.1096101850271225,0.0,0.0,0.0021210908889770508,0.0,0.2978789210319519,0.06941879540681839,0.11583609879016876,0.5328295230865479,0.5681483745574951,0.0,0.0,0.0,0.0,0.0,0.0,0.0,0.0,1.0,0.0,0.14906156063079834,0.2796822190284729,0.41905054450035095,0.03723994642496109,0.0,0.12729042768478394,0.12115113437175751,0.12115113437175751,0.17323574423789978,0.037170421332120895,3.709843265919943e-10,0.0,0.0,3.638188600540161,3.638188600540161,2.5351827144622803,2.5351827144622803,0.6333377957344055,0.0,0.0,0.0,0.0,0.2978789210319519,0.12889666855335236,0.00754406675696373,0.8020609617233276,0.5681483745574951,0.06969975680112839,2.5567798614501953,2.5331337451934814,2.5351827144622803,2.5374674797058105,2.720606565475464,0.19382479786872864,0.08432989567518234,1.0,2.5408644676208496,2.6416053771972656,2.632845401763916,0.0,0.0,0.0,0.0,0.0,0.0,0.0,,,,,,,,,,,,,,,,,0.0005
9,3006,train_epoch,0.054384681970594886,0.12627751701427792,0.13024466636473547,0.0,0.0058360632235730835,0.0058360632235730835,0.0,3.0665280683311873,9.999999747378752e-05,0.029999999329447746,0.029999999329447746,0.029999999329447746,0.0010000000474974513,0.0010000000474974513,0.11892190493063298,0.008356888851005873,0.0,0.0,0.0,0.0,-1.642513070277825,-1.642513070277825,1.0,-1.642513070277825,0.0,-4.265705485543805,2.6492667326670207,1.0,0.11892190493063298,1.0,0.0,0.0,0.11892190493063298,0.0,0.0,0.008356888851005873,0.0,0.3014988605669159,0.06985012642637699,0.11519506491140691,0.5480971403286129,0.5684530144323132,0.0,0.0,0.0,0.0,0.0,0.0,0.0,0.0,1.0,0.0,0.15067571876737887,0.2689855940149216,0.41008642824467073,0.03742919316861087,0.0,0.13024466636473547,0.12627751701427792,0.12627751701427792,0.16243721790120988,0.043679451075672525,1.0135375614948971e-12,0.0,0.0,3.797274927893085,3.7972749250377724,2.5037595811718236,2.5037595811718236,0.6168319813148704,0.0,0.0,0.0,0.0,0.3014988556593478,0.13289918471685427,0.009182428516946665,0.8399596419520007,0.5684530144323132,0.08344703564743795,2.5253955625488373,2.5053825863821064,2.5037595811718236,2.4992248797844985,2.6492667326670207,0.19121414775441506,0.08122198756583436,1.0,2.637794438950316,2.6393336928533224,2.639537813420781,0.0,0.0,0.0,0.0,0.0,0.0,0.0,,,,,,,,,,,,,,,,,0.0005
9,3006,val,,,,,,,,,,,,,,,,,,,,,,,,,,,,,,,,,,,,,,,,,,,,,,,,,,,,,,,,,,,,,,,,,,,,,,,,,,,,,,,,,,,,,,,,,,,,,,,,,,,18.037124620901572,825.1090903067374,28.7247121884056,11.74343423156051,16.310008783598203,25.774553113352937,10.518993377685547,18.083213359385997,28.78575526475658,11.579690645406911,20.87252210496782,32.89413172796936,14.11870236869331,18.037124620901572,28.7247121884056,11.74343423156051,0.0005
9,3006,test,,,,,,,,,,,,,,,,,,,,,,,,,,,,,,,,,,,,,,,,,,,,,,,,,,,,,,,,,,,,,,,,,,,,,,,,,,,,,,,,,,,,,,,,,,,,,,,,,,,17.368961639232463,743.8261162010399,27.2731757630284,10.63924047109243,15.77149994738467,24.56267362141086,9.767783053286442,17.37450127129082,27.313127397760596,10.54535808649149,20.00377322102452,31.071569751191962,12.40062883737925,17.368961639232463,27.2731757630284,10.63924047109243,0.0005
10,3020,train,0.05096746236085892,0.12451456487178802,0.12762244045734406,0.0,0.005573706701397896,0.005573706701397896,0.0,3.10294771194458,9.999999747378752e-05,0.029999999329447746,0.029999999329447746,0.029999999329447746,0.0010000000474974513,0.0010000000474974513,0.11076554656028748,0.014252901077270508,0.0,0.0,0.0,0.0,-1.6612350940704346,-1.6612350940704346,1.0,-1.6612350940704346,0.0,-4.299285411834717,2.6156327724456787,1.0,0.11076554656028748,1.0,0.0,0.0,0.11076554656028748,0.0,0.0,0.014252901077270508,0.0,0.31425291299819946,0.06771502643823624,0.1386854201555252,0.5611293315887451,0.5828359723091125,0.0,0.0,0.0,0.0,0.0,0.0,0.0,0.0,1.0,0.0,0.14888933300971985,0.2564876079559326,0.4071081578731537,0.03584112599492073,0.0,0.12762244045734406,0.12451456487178802,0.12451456487178802,0.14448340237140656,0.022129885852336884,1.4700976547210587e-10,0.0,0.0,3.789029598236084,3.789029598236084,2.5096993446350098,2.5096993446350098,0.5550259351730347,0.0,0.0,0.0,0.0,0.31425291299819946,0.12877684831619263,0.004985192324966192,0.8497127294540405,0.5828359723091125,0.09180454164743423,2.532465934753418,2.511301279067993,2.5096993446350098,2.517280101776123,2.6156327724456787,0.19182054698467255,0.07825474441051483,1.0,2.6308364868164062,2.61847186088562,2.634087562561035,0.0,0.0,0.0,0.0,0.0,0.0,0.0,,,,,,,,,,,,,,,,,0.0005
10,3040,train,0.043806083500385284,0.1154077872633934,0.11924008280038834,0.0,0.005472895223647356,0.005472895223647356,0.0,3.0669643878936768,9.999999747378752e-05,0.029999999329447746,0.029999999329447746,0.029999999329447746,0.0010000000474974513,0.0010000000474974513,0.09583832323551178,0.026488572359085083,0.0,0.0,0.0,0.0,-1.6007155179977417,-1.6007155179977417,1.0,-1.6007155179977417,0.0,-4.198714256286621,2.7189340591430664,1.0,0.09583832323551178,1.0,0.0,0.0,0.09583832323551178,0.0,0.0,0.026488572359085083,0.0,0.27351143956184387,0.07230634242296219,0.09504479169845581,0.5548341274261475,0.5426909923553467,0.0,0.0,0.0,0.0,0.0,0.0,0.0,0.0,1.0,0.0,0.14116618037223816,0.26501134037971497,0.4224635660648346,0.037893738597631454,0.0,0.11924008280038834,0.1154077872633934,0.1154077872633934,0.16991814970970154,-0.034007057547569275,-2.658592235249557e-10,0.0,0.0,3.6819276809692383,3.6819276809692383,2.5730254650115967,2.5730254650115967,0.6198685169219971,0.0,0.0,0.0,0.0,0.27351143956184387,0.1304539442062378,0.0037953208666294813,0.7847580909729004,0.5426909923553467,0.05798100680112839,2.600172758102417,2.581925630569458,2.5730254650115967,2.551536798477173,2.7189340591430664,0.20428027212619781,0.09226329624652863,1.0,2.6431307792663574,2.682149648666382,2.692108154296875,0.0,0.0,0.0,0.0,0.0,0.0,0.0,,,,,,,,,,,,,,,,,0.0005
10,3060,train,0.04028310254216194,0.11245127767324448,0.11739662289619446,0.0,0.005580648314207792,0.005580648314207792,0.0,3.101381778717041,9.999999747378752e-05,0.029999999329447746,0.029999999329447746,0.029999999329447746,0.0010000000474974513,0.0010000000474974513,0.10603243112564087,0.0070861876010894775,0.0,0.0,0.0,0.0,-1.6039695739746094,-1.6039695739746094,1.0,-1.6039695739746094,0.0,-4.197791576385498,2.730999708175659,1.0,0.10603243112564087,1.0,0.0,0.0,0.10603243112564087,0.0,0.0,0.0070861876010894775,0.0,0.2929138243198395,0.06897607445716858,0.11305191367864609,0.5401914715766907,0.5655525326728821,0.0,0.0,0.0,0.0,0.0,0.0,0.0,0.0,1.0,0.0,0.1549774408340454,0.28923240303993225,0.42409107089042664,0.03677736222743988,0.0,0.11739662289619446,0.11245127767324448,0.11245127767324448,0.173199862241745,-0.00010096465848619118,3.693472749866089e-10,0.0,0.0,3.6993792057037354,3.6993789672851562,2.600665330886841,2.600665330886841,0.6465502977371216,0.0,0.0,0.0,0.0,0.2929138243198395,0.12577630579471588,0.007362802978605032,0.8117419481277466,0.5655525326728821,0.0600183866918087,2.595064878463745,2.6117539405822754,2.600665330886841,2.608346700668335,2.730999708175659,0.20045630633831024,0.08961469680070877,1.0,2.5562734603881836,2.58742618560791,2.572784900665283,0.0,0.0,0.0,0.0,0.0,0.0,0.0,,,,,,,,,,,,,,,,,0.0005
10,3080,train,0.06271667033433914,0.13311797380447388,0.1391528695821762,0.0,0.006251525599509478,0.006251525599509478,0.0,3.0882909297943115,9.999999747378752e-05,0.029999999329447746,0.029999999329447746,0.029999999329447746,0.0010000000474974513,0.0010000000474974513,0.11350879073143005,0.012217819690704346,0.0,0.0,0.0,0.0,-1.647566318511963,-1.647566318511963,1.0,-1.647566318511963,0.0,-4.300786018371582,2.612295627593994,1.0,0.11350879073143005,1.0,0.0,0.0,0.11350879073143005,0.0,0.0,0.012217819690704346,0.0,0.3122178316116333,0.06556107848882675,0.12846674025058746,0.5551563501358032,0.5782331824302673,0.0,0.0,0.0,0.0,0.0,0.0,0.0,0.0,1.0,0.0,0.14498955011367798,0.2525498867034912,0.4171677231788635,0.03687853738665581,0.0,0.1391528695821762,0.13311797380447388,0.13311797380447388,0.16068843007087708,0.043759141117334366,-2.9209112906158907e-10,0.0,0.0,3.7881686687469482,3.7881686687469482,2.554705858230591,2.554705858230591,0.6097607612609863,0.0,0.0,0.0,0.0,0.3122178316116333,0.13320374488830566,0.01940983533859253,0.8107097148895264,0.5782331824302673,0.10071998089551926,2.5607876777648926,2.5621039867401123,2.554705858230591,2.4751553535461426,2.612295627593994,0.19294968247413635,0.08174661546945572,1.0,2.4952144622802734,2.6393136978149414,2.6015069484710693,0.0,0.0,0.0,0.0,0.0,0.0,0.0,,,,,,,,,,,,,,,,,0.0005
10,3100,train,0.057830192148685455,0.12963005900382996,0.13328710198402405,0.0,0.005694704595953226,0.005694704595953226,0.0,3.108459711074829,9.999999747378752e-05,0.029999999329447746,0.029999999329447746,0.029999999329447746,0.0010000000474974513,0.0010000000474974513,0.1233425959944725,0.016754895448684692,0.0,0.0,0.0,0.0,-1.6513179540634155,-1.6513179540634155,1.0,-1.6513179540634155,0.0,-4.2860612869262695,2.6377413272857666,1.0,0.1233425959944725,1.0,0.0,0.0,0.1233425959944725,0.0,0.0,0.016754895448684692,0.0,0.28324514627456665,0.07378353178501129,0.09515789151191711,0.5082919001579285,0.555172860622406,0.0,0.0,0.0,0.0,0.0,0.0,0.0,0.0,1.0,0.0,0.15254101157188416,0.2594558894634247,0.4107401669025421,0.03585891053080559,0.0,0.13328710198402405,0.12963005900382996,0.12963005900382996,0.16306544840335846,0.07929792255163193,9.983772142341252e-11,0.0,0.0,3.9539005756378174,3.9539005756378174,2.520848274230957,2.520848274230957,0.661095917224884,0.0,0.0,0.0,0.0,0.28324511647224426,0.1260630339384079,0.0029724454507231712,0.7787027359008789,0.555172860622406,0.05824142321944237,2.504648208618164,2.529346227645874,2.520848274230957,2.5183095932006836,2.6377413272857666,0.1832094043493271,0.07549227029085159,1.0,2.6842408180236816,2.6025936603546143,2.585972547531128,0.0,0.0,0.0,0.0,0.0,0.0,0.0,,,,,,,,,,,,,,,,,0.0005
10,3120,train,0.043745916336774826,0.1163671612739563,0.11966652423143387,0.0,0.006157296244055033,0.006157296244055033,0.0,3.1143531799316406,9.999999747378752e-05,0.029999999329447746,0.029999999329447746,0.029999999329447746,0.0010000000474974513,0.0010000000474974513,0.0960678905248642,0.01032361388206482,0.0,0.0,0.0,0.0,-1.619284987449646,-1.619284987449646,1.0,-1.619284987449646,0.0,-4.20780611038208,2.650067090988159,1.0,0.0960678905248642,1.0,0.0,0.0,0.0960678905248642,0.0,0.0,0.01032361388206482,0.0,0.2896764278411865,0.06358879059553146,0.10282136499881744,0.5274373888969421,0.5599523782730103,0.0,0.0,0.0,0.0,0.0,0.0,0.0,0.0,1.0,0.0,0.14979533851146698,0.2812184691429138,0.41888099908828735,0.03622190281748772,0.0,0.11966652423143387,0.1163671612739563,0.1163671612739563,0.1578676551580429,0.0355384536087513,2.2209721561861073e-10,0.0,0.0,3.7611751556396484,3.7611751556396484,2.5182409286499023,2.5182409286499023,0.6025328040122986,0.0,0.0,0.0,0.0,0.28967639803886414,0.12811271846294403,0.003516123164445162,0.7666791081428528,0.5599523782730103,0.06490502506494522,2.526517391204834,2.5447750091552734,2.5182409286499023,2.494065999984741,2.650067090988159,0.1954134851694107,0.08688920736312866,1.0,2.60302996635437,2.613677978515625,2.5972938537597656,0.0,0.0,0.0,0.0,0.0,0.0,0.0,,,,,,,,,,,,,,,,,0.0005
10,3140,train,0.06493397802114487,0.13464543223381042,0.13856443762779236,0.0,0.005419697612524033,0.005419697612524033,0.0,3.0620384216308594,9.999999747378752e-05,0.029999999329447746,0.029999999329447746,0.029999999329447746,0.0010000000474974513,0.0010000000474974513,0.10839670896530151,0.010646969079971313,0.0,0.0,0.0,0.0,-1.6335362195968628,-1.6335362195968628,1.0,-1.6335362195968628,0.0,-4.253884315490723,2.698655605316162,1.0,0.10839670896530151,1.0,0.0,0.0,0.10839670896530151,0.0,0.0,0.010646969079971313,0.0,0.28935304284095764,0.05379875749349594,0.1281806230545044,0.5167763829231262,0.5645195245742798,0.0,0.0,0.0,0.0,0.0,0.0,0.0,0.0,1.0,0.0,0.16007456183433533,0.26664847135543823,0.4132426679134369,0.03767373412847519,0.0,0.13856443762779236,0.13464543223381042,0.13464543223381042,0.1690720021724701,0.04517499729990959,-1.4705454909336169e-10,0.0,0.0,3.7457144260406494,3.7457146644592285,2.572218179702759,2.572218179702759,0.6323853731155396,0.0,0.0,0.0,0.0,0.28935304284095764,0.12220575660467148,0.005246264394372702,0.8528841137886047,0.5645195245742798,0.05750612914562225,2.5770576000213623,2.5769498348236084,2.572218179702759,2.5961241722106934,2.698655605316162,0.19190335273742676,0.07925203442573547,1.0,2.6326351165771484,2.6235768795013428,2.603832244873047,0.0,0.0,0.0,0.0,0.0,0.0,0.0,,,,,,,,,,,,,,,,,0.0005
10,3160,train,0.044236455112695694,0.11670711636543274,0.11961544305086136,0.0,0.0055596958845853806,0.0055596958845853806,0.0,3.0535390377044678,9.999999747378752e-05,0.029999999329447746,0.029999999329447746,0.029999999329447746,0.0010000000474974513,0.0010000000474974513,0.1206856369972229,0.005946367979049683,0.0,0.0,0.0,0.0,-1.616542100906372,-1.616542100906372,1.0,-1.616542100906372,0.0,-4.213408946990967,2.8230068683624268,1.0,0.1206856369972229,1.0,0.0,0.0,0.1206856369972229,0.0,0.0,0.005946367979049683,0.0,0.2940536439418793,0.07502144575119019,0.10474221408367157,0.5712748765945435,0.5652902722358704,0.0,0.0,0.0,0.0,0.0,0.0,0.0,0.0,1.0,0.0,0.1613023728132248,0.26904550194740295,0.4315905272960663,0.03891286253929138,0.0,0.11961544305086136,0.11670711636543274,0.11670711636543274,0.1726120114326477,0.01330571435391903,-1.288934098342409e-10,0.0,0.0,3.7893078327178955,3.7893078327178955,2.692291259765625,2.692291259765625,0.6572138071060181,0.0,0.0,0.0,0.0,0.2940536439418793,0.12814173102378845,0.00642106868326664,0.842640221118927,0.5652902722358704,0.06848958879709244,2.676685333251953,2.69913649559021,2.692291259765625,2.6915841102600098,2.8230068683624268,0.2051541954278946,0.08832507580518723,1.0,2.7097558975219727,2.5788257122039795,2.607823371887207,0.0,0.0,0.0,0.0,0.0,0.0,0.0,,,,,,,,,,,,,,,,,0.0005
10,3180,train,0.06488225609064102,0.13465973734855652,0.13881051540374756,0.0,0.005120411515235901,0.005120411515235901,0.0,3.1176745891571045,9.999999747378752e-05,0.029999999329447746,0.029999999329447746,0.029999999329447746,0.0010000000474974513,0.0010000000474974513,0.13191786408424377,0.013433605432510376,0.0,0.0,0.0,0.0,-1.635838508605957,-1.635838508605957,1.0,-1.635838508605957,0.0,-4.250636577606201,2.7067062854766846,1.0,0.13191786408424377,1.0,0.0,0.0,0.13191786408424377,0.0,0.0,0.013433605432510376,0.0,0.31343361735343933,0.06919615715742111,0.11067717522382736,0.5701645612716675,0.5855458378791809,0.0,0.0,0.0,0.0,0.0,0.0,0.0,0.0,1.0,0.0,0.16510353982448578,0.2589220106601715,0.4105983376502991,0.03542888164520264,0.0,0.13881051540374756,0.13465973734855652,0.13465973734855652,0.1528303623199463,0.09743810445070267,7.010087649250707e-11,0.0,0.0,3.858322858810425,3.858322858810425,2.522462844848633,2.522462844848633,0.6058046221733093,0.0,0.0,0.0,0.0,0.31343361735343933,0.12270219624042511,0.022320538759231567,0.7544213533401489,0.5855458378791809,0.07748162001371384,2.530268907546997,2.524653911590576,2.522462844848633,2.53442645072937,2.7067062854766846,0.1838012933731079,0.07473734766244888,1.0,2.460489273071289,2.5052332878112793,2.5651838779449463,0.0,0.0,0.0,0.0,0.0,0.0,0.0,,,,,,,,,,,,,,,,,0.0005
10,3200,train,0.06916096806526184,0.13839760422706604,0.14281624555587769,0.0,0.005601284559816122,0.005601284559816122,0.0,3.1719417572021484,9.999999747378752e-05,0.029999999329447746,0.029999999329447746,0.029999999329447746,0.0010000000474974513,0.0010000000474974513,0.11446329206228256,0.01128271222114563,0.0,0.0,0.0,0.0,-1.640181064605713,-1.640181064605713,1.0,-1.640181064605713,0.0,-4.262042045593262,2.6916980743408203,1.0,0.11446329206228256,1.0,0.0,0.0,0.11446329206228256,0.0,0.0,0.01128271222114563,0.0,0.3112827241420746,0.05645305663347244,0.15430031716823578,0.4978426694869995,0.5820360779762268,0.0,0.0,0.0,0.0,0.0,0.0,0.0,0.0,1.0,0.0,0.1586044430732727,0.26112163066864014,0.42126044631004333,0.033936358988285065,0.0,0.14281624555587769,0.13839760422706604,0.13839760422706604,0.180953249335289,0.0829763114452362,2.3947918648126176e-10,0.0,0.0,3.8621890544891357,3.8621890544891357,2.558138608932495,2.558138608932495,0.703018069267273,0.0,0.0,0.0,0.0,0.3112827241420746,0.12567277252674103,0.012009109370410442,0.8409734964370728,0.5820360779762268,0.08161765336990356,2.578139066696167,2.5623395442962646,2.558138608932495,2.5736067295074463,2.6916980743408203,0.18670736253261566,0.07835283875465393,1.0,2.6342341899871826,2.6128787994384766,2.590942859649658,0.0,0.0,0.0,0.0,0.0,0.0,0.0,,,,,,,,,,,,,,,,,0.0005
10,3220,train,0.06423832476139069,0.1362428516149521,0.13926157355308533,0.0,0.005507574882358313,0.005507574882358313,0.0,3.1560754776000977,9.999999747378752e-05,0.029999999329447746,0.029999999329447746,0.029999999329447746,0.0010000000474974513,0.0010000000474974513,0.12059806287288666,0.021947264671325684,0.0,0.0,0.0,0.0,-1.6746702194213867,-1.6746702194213867,1.0,-1.6746702194213867,0.0,-4.317716121673584,2.6350390911102295,1.0,0.12059806287288666,1.0,0.0,0.0,0.12059806287288666,0.0,0.0,0.021947264671325684,0.0,0.32194724678993225,0.06601984053850174,0.13797332346439362,0.570710301399231,0.5915655493736267,0.0,0.0,0.0,0.0,0.0,0.0,0.0,0.0,1.0,0.0,0.1527046114206314,0.24346624314785004,0.4110010266304016,0.034255314618349075,0.0,0.13926157355308533,0.1362428516149521,0.1362428516149521,0.14949043095111847,0.07312098890542984,-1.4075716286976458e-11,0.0,0.0,3.9827120304107666,3.9827120304107666,2.5396785736083984,2.5396785736083984,0.6021468639373779,0.0,0.0,0.0,0.0,0.32194727659225464,0.12476851046085358,0.0029042595997452736,0.8092074990272522,0.5915655493736267,0.08846507966518402,2.5563735961914062,2.5372443199157715,2.5396785736083984,2.5269272327423096,2.6350390911102295,0.1840175837278366,0.07490114122629166,1.0,2.662029981613159,2.550056219100952,2.5192136764526367,0.0,0.0,0.0,0.0,0.0,0.0,0.0,,,,,,,,,,,,,,,,,0.0005
10,3240,train,0.053073566406965256,0.12565182149410248,0.12981685996055603,0.0,0.005399559158831835,0.005399559158831835,0.0,2.9952032566070557,9.999999747378752e-05,0.029999999329447746,0.029999999329447746,0.029999999329447746,0.0010000000474974513,0.0010000000474974513,0.11360219120979309,0.03637191653251648,0.0,0.0,0.0,0.0,-1.6525518894195557,-1.6525518894195557,1.0,-1.6525518894195557,0.0,-4.309253215789795,2.528973340988159,1.0,0.11360219120979309,1.0,0.0,0.0,0.11360219120979309,0.0,0.0,0.03637191653251648,0.0,0.2636280953884125,0.08035192638635635,0.07275451719760895,0.521844744682312,0.5321965217590332,0.0,0.0,0.0,0.0,0.0,0.0,0.0,0.0,1.0,0.0,0.1462707221508026,0.25687921047210693,0.3960016965866089,0.04018835350871086,0.0,0.12981685996055603,0.12565182149410248,0.12565182149410248,0.15430603921413422,0.0699746161699295,1.4796565361852032e-10,0.0,0.0,3.7749433517456055,3.7749433517456055,2.446430206298828,2.446430206298828,0.5921506285667419,0.0,0.0,0.0,0.0,0.2636280953884125,0.12742288410663605,0.003761307569220662,0.795575737953186,0.5321965217590332,0.04465380311012268,2.441883087158203,2.4592068195343018,2.446430206298828,2.405752182006836,2.528973340988159,0.18246623873710632,0.07658322900533676,1.0,2.572697162628174,2.5958354473114014,2.5584611892700195,0.0,0.0,0.0,0.0,0.0,0.0,0.0,,,,,,,,,,,,,,,,,0.0005
10,3260,train,0.03811406344175339,0.11087479442358017,0.11473602801561356,0.0,0.005614163354039192,0.005614163354039192,0.0,3.1354541778564453,9.999999747378752e-05,0.029999999329447746,0.029999999329447746,0.029999999329447746,0.0010000000474974513,0.0010000000474974513,0.10187952220439911,0.013441413640975952,0.0,0.0,0.0,0.0,-1.6050870418548584,-1.6050870418548584,1.0,-1.6050870418548584,0.0,-4.186289310455322,2.735244035720825,1.0,0.10187952220439911,1.0,0.0,0.0,0.10187952220439911,0.0,0.0,0.013441413640975952,0.0,0.2865585684776306,0.054044898599386215,0.12433920800685883,0.5053077936172485,0.5618008971214294,0.0,0.0,0.0,0.0,0.0,0.0,0.0,0.0,1.0,0.0,0.14856624603271484,0.26779118180274963,0.42523035407066345,0.03587577864527702,0.0,0.11473602801561356,0.11087479442358017,0.11087479442358017,0.17409752309322357,0.010711629875004292,-2.660407172339063e-10,0.0,0.0,3.539916753768921,3.539916753768921,2.6082940101623535,2.6082940101623535,0.6225088238716125,0.0,0.0,0.0,0.0,0.286558598279953,0.12125342339277267,0.007728894241154194,0.8038065433502197,0.5618008971214294,0.053691793233156204,2.6214845180511475,2.615327835083008,2.6082940101623535,2.5651426315307617,2.735244035720825,0.2034023553133011,0.09112632274627686,1.0,2.3961610794067383,2.6144418716430664,2.5855960845947266,0.0,0.0,0.0,0.0,0.0,0.0,0.0,,,,,,,,,,,,,,,,,0.0005
10,3280,train,0.05387895554304123,0.12660562992095947,0.13111890852451324,0.0,0.0059952023439109325,0.0059952023439109325,0.0,3.0991618633270264,9.999999747378752e-05,0.029999999329447746,0.029999999329447746,0.029999999329447746,0.0010000000474974513,0.0010000000474974513,0.1180974543094635,0.012308984994888306,0.0,0.0,0.0,0.0,-1.659510612487793,-1.659510612487793,1.0,-1.659510612487793,0.0,-4.293863296508789,2.675323247909546,1.0,0.1180974543094635,1.0,0.0,0.0,0.1180974543094635,0.0,0.0,0.012308984994888306,0.0,0.28769105672836304,0.0681011974811554,0.11095421016216278,0.502383828163147,0.5601292848587036,0.0,0.0,0.0,0.0,0.0,0.0,0.0,0.0,1.0,0.0,0.15937365591526031,0.2692500054836273,0.41202330589294434,0.036715731024742126,0.0,0.13111890852451324,0.12660562992095947,0.12660562992095947,0.17160135507583618,0.04902824014425278,-3.6184469309752387e-10,0.0,0.0,3.8388094902038574,3.8388094902038574,2.5619518756866455,2.5619518756866455,0.6703641414642334,0.0,0.0,0.0,0.0,0.28769102692604065,0.12597475945949554,0.0036207495722919703,0.8452638983726501,0.5601292848587036,0.05802696570754051,2.563213586807251,2.5698320865631104,2.5619518756866455,2.575899124145508,2.675323247909546,0.1905873566865921,0.07839186489582062,1.0,2.617447853088379,2.611025094985962,2.582554340362549,0.0,0.0,0.0,0.0,0.0,0.0,0.0,,,,,,,,,,,,,,,,,0.0005
10,3300,train,0.057751402258872986,0.12828578054904938,0.13235335052013397,0.0,0.005504982080310583,0.005504982080310583,0.0,3.1324076652526855,9.999999747378752e-05,0.029999999329447746,0.029999999329447746,0.029999999329447746,0.0010000000474974513,0.0010000000474974513,0.12368254363536835,0.013241231441497803,0.0,0.0,0.0,0.0,-1.62700617313385,-1.62700617313385,1.0,-1.62700617313385,0.0,-4.2365570068359375,2.7025649547576904,1.0,0.12368254363536835,1.0,0.0,0.0,0.12368254363536835,0.0,0.0,0.013241231441497803,0.0,0.31324124336242676,0.06898670643568039,0.1402597874403,0.5755443572998047,0.5803220868110657,0.0,0.0,0.0,0.0,0.0,0.0,0.0,0.0,1.0,0.0,0.17394758760929108,0.26864534616470337,0.4186367094516754,0.035683006048202515,0.0,0.13235335052013397,0.12828578054904938,0.12828578054904938,0.16113461554050446,0.06413982808589935,4.811830378592674e-10,0.0,0.0,3.9298946857452393,3.92989444732666,2.599172592163086,2.599172592163086,0.646303117275238,0.0,0.0,0.0,0.0,0.31324124336242676,0.1314210444688797,0.010751449503004551,0.820257842540741,0.5803220868110657,0.08583027124404907,2.6200850009918213,2.597280502319336,2.599172592163086,2.579408645629883,2.7025649547576904,0.19203105568885803,0.0808446854352951,1.0,2.680081367492676,2.608318328857422,2.6211774349212646,0.0,0.0,0.0,0.0,0.0,0.0,0.0,,,,,,,,,,,,,,,,,0.0005
10,3320,train,0.038212887942790985,0.11131343990564346,0.11704190075397491,0.0,0.005098092369735241,0.005098092369735241,0.0,3.138050079345703,9.999999747378752e-05,0.029999999329447746,0.029999999329447746,0.029999999329447746,0.0010000000474974513,0.0010000000474974513,0.10917484760284424,0.003844529390335083,0.0,0.0,0.0,0.0,-1.6181448698043823,-1.6181448698043823,1.0,-1.6181448698043823,0.0,-4.19964599609375,2.762840986251831,1.0,0.10917484760284424,1.0,0.0,0.0,0.10917484760284424,0.0,0.0,0.003844529390335083,0.0,0.29615551233291626,0.05443575978279114,0.11000418663024902,0.5201744437217712,0.5755400061607361,0.0,0.0,0.0,0.0,0.0,0.0,0.0,0.0,1.0,0.0,0.16977781057357788,0.26504623889923096,0.4380124807357788,0.03603825345635414,0.0,0.11704190075397491,0.11131343990564346,0.11131343990564346,0.1614108830690384,-0.013001978397369385,-6.991845991066725e-11,0.0,0.0,3.7552871704101562,3.7552871704101562,2.719033718109131,2.719033718109131,0.6042258739471436,0.0,0.0,0.0,0.0,0.29615548253059387,0.11348431557416916,0.014695366844534874,0.7894251942634583,0.5755400061607361,0.042754292488098145,2.7206623554229736,2.73016095161438,2.719033718109131,2.600498676300049,2.762840986251831,0.20930762588977814,0.09546259045600891,1.0,2.4647879600524902,2.5344345569610596,2.5373265743255615,0.0,0.0,0.0,0.0,0.0,0.0,0.0,,,,,,,,,,,,,,,,,0.0005
10,3340,train,0.04627737030386925,0.12029191851615906,0.12550972402095795,0.0,0.005586296785622835,0.005586296785622835,0.0,3.167468786239624,9.999999747378752e-05,0.029999999329447746,0.029999999329447746,0.029999999329447746,0.0010000000474974513,0.0010000000474974513,0.11381220817565918,0.022703826427459717,0.0,0.0,0.0,0.0,-1.6622891426086426,-1.6622891426086426,1.0,-1.6622891426086426,0.0,-4.290948867797852,2.662802219390869,1.0,0.11381220817565918,1.0,0.0,0.0,0.11381220817565918,0.0,0.0,0.022703826427459717,0.0,0.32270383834838867,0.05628759413957596,0.1263972967863083,0.5372940301895142,0.593997597694397,0.0,0.0,0.0,0.0,0.0,0.0,0.0,0.0,1.0,0.0,0.15262022614479065,0.2620980143547058,0.41437721252441406,0.03416970372200012,0.0,0.12550972402095795,0.12029191851615906,0.12029191851615906,0.15419870615005493,0.042158715426921844,3.817582361342886e-10,0.0,0.0,3.816141366958618,3.816141366958618,2.554136037826538,2.554136037826538,0.5911291241645813,0.0,0.0,0.0,0.0,0.32270383834838867,0.12130970507860184,0.012592760846018791,0.8764290809631348,0.593997597694397,0.07947304099798203,2.572279214859009,2.5553526878356934,2.554136037826538,2.533918619155884,2.662802219390869,0.19005092978477478,0.08110698312520981,1.0,2.5052125453948975,2.549123764038086,2.5517311096191406,0.0,0.0,0.0,0.0,0.0,0.0,0.0,,,,,,,,,,,,,,,,,0.0005
10,3340,train_epoch,0.05368813411695158,0.12518687905397957,0.12903978738063823,0.0,0.005726575158525281,0.005726575158525281,0.0,3.110107730248731,9.999999747378752e-05,0.029999999329447746,0.029999999329447746,0.029999999329447746,0.0010000000474974513,0.0010000000474974513,0.11304189577074109,0.009522975472632996,0.0,0.0,0.0,0.0,-1.6318679541170955,-1.6318679541170955,1.0,-1.6318679541170955,0.0,-4.24519747031663,2.685456511503208,1.0,0.11304189577074109,1.0,0.0,0.0,0.11304189577074109,0.0,0.0,0.009522975472632996,0.0,0.3002090133771211,0.06977633337774676,0.10905855163530319,0.5472559041962652,0.5699590840739405,0.0,0.0,0.0,0.0,0.0,0.0,0.0,0.0,1.0,0.0,0.15828188812125943,0.2693638711453912,0.41506023687159943,0.03612231793339381,0.0,0.12903978738063823,0.12518687905397957,0.12518687905397957,0.16424192242815108,0.04320915427304575,1.2796620014671888e-11,0.0,0.0,3.79141750021609,3.7914175030714024,2.5590539099927434,2.5590539099927434,0.6275366253838568,0.0,0.0,0.0,0.0,0.30020900998643774,0.12834561685334422,0.008519131471723607,0.8313434404170442,0.5699590840739405,0.07313365429015217,2.5707090586245416,2.563397572426025,2.5590539099927434,2.5532875046758594,2.685456511503208,0.19243808791130604,0.08210751873825839,1.0,2.595175396896408,2.594780965479548,2.5955077716690336,0.0,0.0,0.0,0.0,0.0,0.0,0.0,,,,,,,,,,,,,,,,,0.0005
10,3340,val,,,,,,,,,,,,,,,,,,,,,,,,,,,,,,,,,,,,,,,,,,,,,,,,,,,,,,,,,,,,,,,,,,,,,,,,,,,,,,,,,,,,,,,,,,,,,,,,,,,17.69009767996298,803.642695246516,28.348592473816332,12.008283653774777,16.053252890303327,25.506643186359277,10.64686190545022,17.698126625370335,28.32968197347191,12.081629778887775,20.434120203997637,32.53427461195708,14.072192995397895,17.69009767996298,28.348592473816332,12.008283653774777,0.0005
10,3340,test,,,,,,,,,,,,,,,,,,,,,,,,,,,,,,,,,,,,,,,,,,,,,,,,,,,,,,,,,,,,,,,,,,,,,,,,,,,,,,,,,,,,,,,,,,,,,,,,,,,17.039222502493644,722.7554135709196,26.88411080119481,10.898339301616222,15.497652646657583,24.2670301809899,9.847862548656291,16.993224848498095,26.831433036216822,10.981188331638371,19.64589601379257,30.728037071464833,12.40346503472543,17.039222502493644,26.88411080119481,10.898339301616222,0.0005
11,3360,train,0.05238332971930504,0.12513518333435059,0.12901587784290314,0.0,0.005202434025704861,0.005202434025704861,0.0,3.189866542816162,9.999999747378752e-05,0.029999999329447746,0.029999999329447746,0.029999999329447746,0.0010000000474974513,0.0010000000474974513,0.11340511590242386,0.00805807113647461,0.0,0.0,0.0,0.0,-1.6525260210037231,-1.6525260210037231,1.0,-1.6525260210037231,0.0,-4.296998500823975,2.6235837936401367,1.0,0.11340511590242386,1.0,0.0,0.0,0.11340511590242386,0.0,0.0,0.00805807113647461,0.0,0.30805808305740356,0.08096381276845932,0.07837442308664322,0.5587491989135742,0.5702462196350098,0.0,0.0,0.0,0.0,0.0,0.0,0.0,0.0,1.0,0.0,0.17778398096561432,0.27283450961112976,0.41555777192115784,0.03383735567331314,0.0,0.12901587784290314,0.12513518333435059,0.12513518333435059,0.15127071738243103,0.04805212840437889,2.0095548836085442e-10,0.0,0.0,3.8568625450134277,3.8568625450134277,2.5949254035949707,2.5949254035949707,0.5893916487693787,0.0,0.0,0.0,0.0,0.30805808305740356,0.13796555995941162,0.002097067888826132,0.8781813979148865,0.5702462196350098,0.08428309112787247,2.6088240146636963,2.59922194480896,2.5949254035949707,2.5448732376098633,2.6235837936401367,0.1909317523241043,0.08073853701353073,1.0,2.6023240089416504,2.586752414703369,2.521010160446167,0.0,0.0,0.0,0.0,0.0,0.0,0.0,,,,,,,,,,,,,,,,,0.0005
11,3380,train,0.06463168561458588,0.13420650362968445,0.13734593987464905,0.0,0.006335321348160505,0.006335321348160505,0.0,3.0857930183410645,9.999999747378752e-05,0.029999999329447746,0.029999999329447746,0.029999999329447746,0.0010000000474974513,0.0010000000474974513,0.12299981713294983,0.0010948777198791504,0.0,0.0,0.0,0.0,-1.6277790069580078,-1.6277790069580078,1.0,-1.6277790069580078,0.0,-4.2531538009643555,2.676008701324463,1.0,0.12299981713294983,1.0,0.0,0.0,0.12299981713294983,0.0,0.0,0.0010948777198791504,0.0,0.3010949194431305,0.056225452572107315,0.14176636934280396,0.5785375833511353,0.5740963220596313,0.0,0.0,0.0,0.0,0.0,0.0,0.0,0.0,1.0,0.0,0.1651546061038971,0.2653127610683441,0.4124077558517456,0.037098467350006104,0.0,0.13734593987464905,0.13420650362968445,0.13420650362968445,0.15897677838802338,0.05225703492760658,1.3276987842480992e-10,0.0,0.0,3.9308128356933594,3.9308128356933594,2.579008102416992,2.579008102416992,0.6351506114006042,0.0,0.0,0.0,0.0,0.3010948896408081,0.12395620346069336,0.008640484884381294,0.8672246932983398,0.5740963220596313,0.06047794595360756,2.5646674633026123,2.5892927646636963,2.579008102416992,2.5652310848236084,2.676008701324463,0.18623746931552887,0.07709025591611862,1.0,2.5738205909729004,2.5767016410827637,2.586663246154785,0.0,0.0,0.0,0.0,0.0,0.0,0.0,,,,,,,,,,,,,,,,,0.0005
11,3400,train,0.05712532252073288,0.12850753962993622,0.13271379470825195,0.0,0.00593396183103323,0.00593396183103323,0.0,3.1294682025909424,9.999999747378752e-05,0.029999999329447746,0.029999999329447746,0.029999999329447746,0.0010000000474974513,0.0010000000474974513,0.1126059889793396,0.009198486804962158,0.0,0.0,0.0,0.0,-1.6422955989837646,-1.6422955989837646,1.0,-1.6422955989837646,0.0,-4.268899917602539,2.7037503719329834,1.0,0.1126059889793396,1.0,0.0,0.0,0.1126059889793396,0.0,0.0,0.009198486804962158,0.0,0.2908015549182892,0.06319674104452133,0.10493534803390503,0.5576758980751038,0.5663086771965027,0.0,0.0,0.0,0.0,0.0,0.0,0.0,0.0,1.0,0.0,0.16249960660934448,0.2656700313091278,0.41428789496421814,0.03571765497326851,0.0,0.13271379470825195,0.12850753962993622,0.12850753962993622,0.15785686671733856,0.040578149259090424,2.659423237183489e-10,0.0,0.0,3.887080669403076,3.887080669403076,2.590787649154663,2.590787649154663,0.6095197796821594,0.0,0.0,0.0,0.0,0.2908015251159668,0.12095730751752853,0.006020111031830311,0.8188002109527588,0.5663086771965027,0.05327818915247917,2.60444974899292,2.5902318954467773,2.590787649154663,2.586256980895996,2.7037503719329834,0.19139166176319122,0.08157958835363388,1.0,2.599140167236328,2.5733418464660645,2.5862226486206055,0.0,0.0,0.0,0.0,0.0,0.0,0.0,,,,,,,,,,,,,,,,,0.0005
11,3420,train,0.029794126749038696,0.10663788765668869,0.11036328226327896,0.0,0.004831589758396149,0.004831589758396149,0.0,3.191950798034668,9.999999747378752e-05,0.029999999329447746,0.029999999329447746,0.029999999329447746,0.0010000000474974513,0.0010000000474974513,0.1187044084072113,0.006672173738479614,0.0,0.0,0.0,0.0,-1.6584322452545166,-1.6584322452545166,1.0,-1.6584322452545166,0.0,-4.280340194702148,2.7519423961639404,1.0,0.1187044084072113,1.0,0.0,0.0,0.1187044084072113,0.0,0.0,0.006672173738479614,0.0,0.30667218565940857,0.07399160414934158,0.09865327924489975,0.5810257792472839,0.5803448557853699,0.0,0.0,0.0,0.0,0.0,0.0,0.0,0.0,1.0,0.0,0.1748906821012497,0.2761133313179016,0.4195016324520111,0.03361763432621956,0.0,0.11036328226327896,0.10663788765668869,0.10663788765668869,0.156523197889328,0.002747616730630398,4.438343095825026e-11,0.0,0.0,3.856414794921875,3.856414794921875,2.6208653450012207,2.6208653450012207,0.610235869884491,0.0,0.0,0.0,0.0,0.30667218565940857,0.12092109024524689,0.005862322170287371,0.7862576246261597,0.5803448557853699,0.0652267187833786,2.6477034091949463,2.621741771697998,2.6208653450012207,2.6323277950286865,2.7519423961639404,0.199955016374588,0.08655976504087448,1.0,2.6231017112731934,2.53790020942688,2.496673107147217,0.0,0.0,0.0,0.0,0.0,0.0,0.0,,,,,,,,,,,,,,,,,0.0005
11,3440,train,0.051854297518730164,0.12273899465799332,0.12641553580760956,0.0,0.005835090763866901,0.005835090763866901,0.0,3.170241594314575,9.999999747378752e-05,0.029999999329447746,0.029999999329447746,0.029999999329447746,0.0010000000474974513,0.0010000000474974513,0.10739865899085999,0.00386694073677063,0.0,0.0,0.0,0.0,-1.6128524541854858,-1.6128524541854858,1.0,-1.6128524541854858,0.0,-4.200689792633057,2.7238283157348633,1.0,0.10739865899085999,1.0,0.0,0.0,0.10739865899085999,0.0,0.0,0.00386694073677063,0.0,0.3038669526576996,0.07482904940843582,0.09180741012096405,0.5941891670227051,0.5767314434051514,0.0,0.0,0.0,0.0,0.0,0.0,0.0,0.0,1.0,0.0,0.16371004283428192,0.2804162800312042,0.4198542833328247,0.03455548360943794,0.0,0.12641553580760956,0.12273899465799332,0.12273899465799332,0.1701744943857193,0.021757163107395172,-2.0569811132187255e-10,0.0,0.0,3.78865909576416,3.78865909576416,2.5740768909454346,2.5740768909454346,0.6532688736915588,0.0,0.0,0.0,0.0,0.3038669526576996,0.12332510948181152,0.010565881617367268,0.7846308350563049,0.5767314434051514,0.06439951062202454,2.5990514755249023,2.579066276550293,2.5740768909454346,2.6005592346191406,2.7238283157348633,0.19613836705684662,0.0850943997502327,1.0,2.607689619064331,2.612091064453125,2.6033129692077637,0.0,0.0,0.0,0.0,0.0,0.0,0.0,,,,,,,,,,,,,,,,,0.0005
11,3460,train,0.06285391002893448,0.13257481157779694,0.1367177814245224,0.0,0.005896412301808596,0.005896412301808596,0.0,3.1235179901123047,9.999999747378752e-05,0.029999999329447746,0.029999999329447746,0.029999999329447746,0.0010000000474974513,0.0010000000474974513,0.11476611346006393,0.0063530802726745605,0.0,0.0,0.0,0.0,-1.6279137134552002,-1.6279137134552002,1.0,-1.6279137134552002,0.0,-4.225488662719727,2.6918325424194336,1.0,0.11476611346006393,1.0,0.0,0.0,0.11476611346006393,0.0,0.0,0.0063530802726745605,0.0,0.3063531219959259,0.06515703350305557,0.11756642907857895,0.5148436427116394,0.5828496813774109,0.0,0.0,0.0,0.0,0.0,0.0,0.0,0.0,1.0,0.0,0.17598265409469604,0.2722614109516144,0.42460551857948303,0.036247942596673965,0.0,0.1367177814245224,0.13257481157779694,0.13257481157779694,0.1778741478919983,0.06033838167786598,-3.570514162110072e-10,0.0,0.0,3.899430751800537,3.899430751800537,2.6167469024658203,2.6167469024658203,0.7010684609413147,0.0,0.0,0.0,0.0,0.3063530921936035,0.11658082157373428,0.00859854370355606,0.7785459160804749,0.5828496813774109,0.0545649528503418,2.6230990886688232,2.6167354583740234,2.6167469024658203,2.58374285697937,2.6918325424194336,0.19048158824443817,0.07969912886619568,1.0,2.6610236167907715,2.579176664352417,2.555997371673584,0.0,0.0,0.0,0.0,0.0,0.0,0.0,,,,,,,,,,,,,,,,,0.0005
11,3480,train,0.04096956178545952,0.11617603898048401,0.11894233524799347,0.0,0.004915744066238403,0.004915744066238403,0.0,3.14840030670166,9.999999747378752e-05,0.029999999329447746,0.029999999329447746,0.029999999329447746,0.0010000000474974513,0.0010000000474974513,0.10660484433174133,0.002174675464630127,0.0,0.0,0.0,0.0,-1.6594339609146118,-1.6594339609146118,1.0,-1.6594339609146118,0.0,-4.290229320526123,2.647646903991699,1.0,0.10660484433174133,1.0,0.0,0.0,0.10660484433174133,0.0,0.0,0.002174675464630127,0.0,0.3021746873855591,0.0727943554520607,0.08021750301122665,0.6045122146606445,0.571692168712616,0.0,0.0,0.0,0.0,0.0,0.0,0.0,0.0,1.0,0.0,0.16762393712997437,0.2605512738227844,0.415239155292511,0.03497329726815224,0.0,0.11894233524799347,0.11617603898048401,0.11617603898048401,0.14548639953136444,0.009278637357056141,-2.7914806577378215e-10,0.0,0.0,3.7217838764190674,3.7217838764190674,2.5965421199798584,2.5965421199798584,0.5458004474639893,0.0,0.0,0.0,0.0,0.3021746873855591,0.12848849594593048,0.004834027495235205,0.827579915523529,0.571692168712616,0.06620711088180542,2.5858800411224365,2.6034345626831055,2.5965421199798584,2.5735790729522705,2.647646903991699,0.19717347621917725,0.08258244395256042,1.0,2.4544448852539062,2.5465328693389893,2.539254665374756,0.0,0.0,0.0,0.0,0.0,0.0,0.0,,,,,,,,,,,,,,,,,0.0005
11,3500,train,0.04853270575404167,0.11971715837717056,0.12502047419548035,0.0,0.005644997116178274,0.005644997116178274,0.0,3.1116783618927,9.999999747378752e-05,0.029999999329447746,0.029999999329447746,0.029999999329447746,0.0010000000474974513,0.0010000000474974513,0.09739043563604355,0.018866270780563354,0.0,0.0,0.0,0.0,-1.6130887269973755,-1.6130887269973755,1.0,-1.6130887269973755,0.0,-4.195242404937744,2.688389778137207,1.0,0.09739043563604355,1.0,0.0,0.0,0.09739043563604355,0.0,0.0,0.018866270780563354,0.0,0.2811337411403656,0.0590544231235981,0.10527101159095764,0.5705379843711853,0.5549038052558899,0.0,0.0,0.0,0.0,0.0,0.0,0.0,0.0,1.0,0.0,0.15131399035453796,0.27292928099632263,0.42518723011016846,0.036668695509433746,0.0,0.12502047419548035,0.11971715837717056,0.11971715837717056,0.16647253930568695,0.020923785865306854,-1.7895364010089843e-11,0.0,0.0,3.7183680534362793,3.7183680534362793,2.587378740310669,2.587378740310669,0.6210808753967285,0.0,0.0,0.0,0.0,0.2811337411403656,0.12415167689323425,0.005308013875037432,0.8332880735397339,0.5549038052558899,0.06027880311012268,2.6139438152313232,2.593776226043701,2.587378740310669,2.5437161922454834,2.688389778137207,0.20047882199287415,0.08869890123605728,1.0,2.5356507301330566,2.601675033569336,2.6066787242889404,0.0,0.0,0.0,0.0,0.0,0.0,0.0,,,,,,,,,,,,,,,,,0.0005
11,3520,train,0.04752855747938156,0.12117421627044678,0.125812366604805,0.0,0.004823294933885336,0.004823294933885336,0.0,3.164454698562622,9.999999747378752e-05,0.029999999329447746,0.029999999329447746,0.029999999329447746,0.0010000000474974513,0.0010000000474974513,0.11343914270401001,0.002310723066329956,0.0,0.0,0.0,0.0,-1.6564171314239502,-1.6564171314239502,1.0,-1.6564171314239502,0.0,-4.277453422546387,2.6695456504821777,1.0,0.11343914270401001,1.0,0.0,0.0,0.11343914270401001,0.0,0.0,0.002310723066329956,0.0,0.3023107647895813,0.064267598092556,0.12438821792602539,0.5564746260643005,0.5729159116744995,0.0,0.0,0.0,0.0,0.0,0.0,0.0,0.0,1.0,0.0,0.16636846959590912,0.26806268095970154,0.4116063117980957,0.03431272506713867,0.0,0.125812366604805,0.12117421627044678,0.12117421627044678,0.15021944046020508,0.03154342249035835,5.481821663266828e-10,0.0,0.0,3.6922760009765625,3.6922760009765625,2.57785964012146,2.57785964012146,0.5568035244941711,0.0,0.0,0.0,0.0,0.3023107349872589,0.12743346393108368,0.0033095176331698895,0.8536710739135742,0.5729159116744995,0.06884191930294037,2.560652732849121,2.590243339538574,2.57785964012146,2.5362818241119385,2.6695456504821777,0.18938419222831726,0.0803031176328659,1.0,2.364328384399414,2.5051112174987793,2.466900587081909,0.0,0.0,0.0,0.0,0.0,0.0,0.0,,,,,,,,,,,,,,,,,0.0005
11,3540,train,0.053333040326833725,0.1254287213087082,0.1309536248445511,0.0,0.005679359659552574,0.005679359659552574,0.0,3.100217580795288,9.999999747378752e-05,0.029999999329447746,0.029999999329447746,0.029999999329447746,0.0010000000474974513,0.0010000000474974513,0.11643683910369873,0.0006781816482543945,0.0,0.0,0.0,0.0,-1.648065447807312,-1.648065447807312,1.0,-1.648065447807312,0.0,-4.285200119018555,2.6567723751068115,1.0,0.11643683910369873,1.0,0.0,0.0,0.11643683910369873,0.0,0.0,0.0006781816482543945,0.0,0.29932183027267456,0.06403188407421112,0.13172125816345215,0.5420138835906982,0.5692340135574341,0.0,0.0,0.0,0.0,0.0,0.0,0.0,0.0,1.0,0.0,0.15952636301517487,0.2718282639980316,0.41454142332077026,0.03666826710104942,0.0,0.1309536248445511,0.1254287213087082,0.1254287213087082,0.16627918183803558,0.0643983706831932,-1.1779849318216407e-10,0.0,0.0,3.7918686866760254,3.7918686866760254,2.5605921745300293,2.5605921745300293,0.6391714215278625,0.0,0.0,0.0,0.0,0.29932183027267456,0.12923984229564667,0.003465701825916767,0.8208820223808289,0.5692340135574341,0.06878063827753067,2.5396294593811035,2.576923131942749,2.5605921745300293,2.5705373287200928,2.6567723751068115,0.1853313446044922,0.07696399092674255,1.0,2.5697858333587646,2.566589832305908,2.565150737762451,0.0,0.0,0.0,0.0,0.0,0.0,0.0,,,,,,,,,,,,,,,,,0.0005
11,3560,train,0.05738947167992592,0.12987227737903595,0.13261772692203522,0.0,0.005896158050745726,0.005896158050745726,0.0,3.106138229370117,9.999999747378752e-05,0.029999999329447746,0.029999999329447746,0.029999999329447746,0.0010000000474974513,0.0010000000474974513,0.10576099157333374,0.0019587576389312744,0.0,0.0,0.0,0.0,-1.6600263118743896,-1.6600263118743896,1.0,-1.6600263118743896,0.0,-4.296054363250732,2.593432664871216,1.0,0.10576099157333374,1.0,0.0,0.0,0.10576099157333374,0.0,0.0,0.0019587576389312744,0.0,0.2980412542819977,0.062329888343811035,0.10423856228590012,0.5223720073699951,0.5696640014648438,0.0,0.0,0.0,0.0,0.0,0.0,0.0,0.0,1.0,0.0,0.15014199912548065,0.260610431432724,0.39785870909690857,0.03584738075733185,0.0,0.13261772692203522,0.12987227737903595,0.12987227737903595,0.1565864086151123,0.05830327793955803,2.4282714727874577e-10,0.0,0.0,3.831991195678711,3.831991195678711,2.476888656616211,2.476888656616211,0.6104239821434021,0.0,0.0,0.0,0.0,0.2980412542819977,0.12672780454158783,0.0024594806600362062,0.9041522741317749,0.5696640014648438,0.06695772707462311,2.454097032546997,2.490558624267578,2.476888656616211,2.500917673110962,2.593432664871216,0.179422989487648,0.07419779151678085,1.0,2.5548136234283447,2.5368270874023438,2.5411972999572754,0.0,0.0,0.0,0.0,0.0,0.0,0.0,,,,,,,,,,,,,,,,,0.0005
11,3580,train,0.041782546788454056,0.11531072854995728,0.11837688088417053,0.0,0.005786057561635971,0.005786057561635971,0.0,3.1931660175323486,9.999999747378752e-05,0.029999999329447746,0.029999999329447746,0.029999999329447746,0.0010000000474974513,0.0010000000474974513,0.10293354839086533,0.0034522712230682373,0.0,0.0,0.0,0.0,-1.6300474405288696,-1.6300474405288696,1.0,-1.6300474405288696,0.0,-4.218875408172607,2.7192249298095703,1.0,0.10293354839086533,1.0,0.0,0.0,0.10293354839086533,0.0,0.0,0.0034522712230682373,0.0,0.3034522831439972,0.06922789663076401,0.0742807537317276,0.5393293499946594,0.5733299255371094,0.0,0.0,0.0,0.0,0.0,0.0,0.0,0.0,1.0,0.0,0.1568223387002945,0.2733762264251709,0.4191659092903137,0.033616382628679276,0.0,0.11837688088417053,0.11531072854995728,0.11531072854995728,0.1604345142841339,0.025707777589559555,4.151148036424246e-10,0.0,0.0,3.698789358139038,3.698789358139038,2.5908455848693848,2.5908455848693848,0.6017673015594482,0.0,0.0,0.0,0.0,0.3034522831439972,0.1281822919845581,0.005171527154743671,0.8043048977851868,0.5733299255371094,0.07556679099798203,2.583224296569824,2.602517604827881,2.5908455848693848,2.5549094676971436,2.7192249298095703,0.19735926389694214,0.08735315501689911,1.0,2.5163092613220215,2.607362747192383,2.59093976020813,0.0,0.0,0.0,0.0,0.0,0.0,0.0,,,,,,,,,,,,,,,,,0.0005
11,3600,train,0.05465067923069,0.12705248594284058,0.13089551031589508,0.0,0.006073147524148226,0.006073147524148226,0.0,3.1831798553466797,9.999999747378752e-05,0.029999999329447746,0.029999999329447746,0.029999999329447746,0.0010000000474974513,0.0010000000474974513,0.11067827045917511,0.002084106206893921,0.0,0.0,0.0,0.0,-1.6532363891601562,-1.6532363891601562,1.0,-1.6532363891601562,0.0,-4.249803066253662,2.6632957458496094,1.0,0.11067827045917511,1.0,0.0,0.0,0.11067827045917511,0.0,0.0,0.002084106206893921,0.0,0.3020841181278229,0.06467032432556152,0.13062462210655212,0.5958287715911865,0.5766929388046265,0.0,0.0,0.0,0.0,0.0,0.0,0.0,0.0,1.0,0.0,0.1631443202495575,0.2697753608226776,0.4148924648761749,0.0335993692278862,0.0,0.13089551031589508,0.12705248594284058,0.12705248594284058,0.17927445471286774,0.08521895855665207,-3.2926039672531715e-10,0.0,0.0,3.8695220947265625,3.8695220947265625,2.5683045387268066,2.5683045387268066,0.7191392183303833,0.0,0.0,0.0,0.0,0.3020841181278229,0.12096408754587173,0.004044868052005768,0.8360786437988281,0.5766929388046265,0.056908704340457916,2.565483331680298,2.575056314468384,2.5683045387268066,2.552183151245117,2.6632957458496094,0.18378974497318268,0.0775371715426445,1.0,2.5336804389953613,2.5233218669891357,2.507493734359741,0.0,0.0,0.0,0.0,0.0,0.0,0.0,,,,,,,,,,,,,,,,,0.0005
11,3620,train,0.0528467558324337,0.12360478192567825,0.12825436890125275,0.0,0.005040823016315699,0.005040823016315699,0.0,3.218153238296509,9.999999747378752e-05,0.029999999329447746,0.029999999329447746,0.029999999329447746,0.0010000000474974513,0.0010000000474974513,0.10490130633115768,0.005272328853607178,0.0,0.0,0.0,0.0,-1.6165354251861572,-1.6165354251861572,1.0,-1.6165354251861572,0.0,-4.213057518005371,2.727463960647583,1.0,0.10490130633115768,1.0,0.0,0.0,0.10490130633115768,0.0,0.0,0.005272328853607178,0.0,0.2947276532649994,0.07082575559616089,0.07836299389600754,0.5116135478019714,0.571107029914856,0.0,0.0,0.0,0.0,0.0,0.0,0.0,0.0,1.0,0.0,0.17913055419921875,0.2725116014480591,0.43126678466796875,0.033093858510255814,0.0,0.12825436890125275,0.12360478192567825,0.12360478192567825,0.1672607958316803,0.037862058728933334,-5.97805693836051e-10,0.0,0.0,3.743335723876953,3.743335723876953,2.6710667610168457,2.6710667610168457,0.6324615478515625,0.0,0.0,0.0,0.0,0.2947276830673218,0.11761819571256638,0.0024606368970125914,0.8203814029693604,0.571107029914856,0.04938725754618645,2.689070701599121,2.6743927001953125,2.6710667610168457,2.6002285480499268,2.727463960647583,0.20371663570404053,0.0897577553987503,1.0,2.5668654441833496,2.555408477783203,2.525940418243408,0.0,0.0,0.0,0.0,0.0,0.0,0.0,,,,,,,,,,,,,,,,,0.0005
11,3640,train,0.058061327785253525,0.12898123264312744,0.1329452246427536,0.0,0.006202037446200848,0.006202037446200848,0.0,3.199892997741699,9.999999747378752e-05,0.029999999329447746,0.029999999329447746,0.029999999329447746,0.0010000000474974513,0.0010000000474974513,0.1015598401427269,0.006854414939880371,0.0,0.0,0.0,0.0,-1.635390281677246,-1.635390281677246,1.0,-1.635390281677246,0.0,-4.277614116668701,2.707601308822632,1.0,0.1015598401427269,1.0,0.0,0.0,0.1015598401427269,0.0,0.0,0.006854414939880371,0.0,0.3068544566631317,0.08212465047836304,0.11044468730688095,0.590672492980957,0.5714851021766663,0.0,0.0,0.0,0.0,0.0,0.0,0.0,0.0,1.0,0.0,0.1592017263174057,0.27592578530311584,0.41651564836502075,0.03314857929944992,0.0,0.1329452246427536,0.12898123264312744,0.12898123264312744,0.1540311574935913,0.029542895033955574,3.596674624795071e-10,0.0,0.0,3.7128634452819824,3.712862968444824,2.5903892517089844,2.5903892517089844,0.5789076685905457,0.0,0.0,0.0,0.0,0.3068544268608093,0.1363205760717392,0.004731935914605856,0.8761729598045349,0.5714851021766663,0.09252451360225677,2.5468039512634277,2.6139206886291504,2.5903892517089844,2.6088905334472656,2.707601308822632,0.1898268759250641,0.0795079842209816,1.0,2.599794387817383,2.5530459880828857,2.5360000133514404,0.0,0.0,0.0,0.0,0.0,0.0,0.0,,,,,,,,,,,,,,,,,0.0005
11,3660,train,0.05794765427708626,0.13084113597869873,0.1350690722465515,0.0,0.005851342808455229,0.005851342808455229,0.0,3.108842372894287,9.999999747378752e-05,0.029999999329447746,0.029999999329447746,0.029999999329447746,0.0010000000474974513,0.0010000000474974513,0.10966157168149948,0.0020124316215515137,0.0,0.0,0.0,0.0,-1.6750898361206055,-1.6750898361206055,1.0,-1.6750898361206055,0.0,-4.31381368637085,2.546851634979248,1.0,0.10966157168149948,1.0,0.0,0.0,0.10966157168149948,0.0,0.0,0.0020124316215515137,0.0,0.29798755049705505,0.05738320201635361,0.1374627947807312,0.5117804408073425,0.5745588541030884,0.0,0.0,0.0,0.0,0.0,0.0,0.0,0.0,1.0,0.0,0.13949356973171234,0.2509154975414276,0.39799070358276367,0.035942193120718,0.0,0.1350690722465515,0.13084113597869873,0.13084113597869873,0.17460106313228607,0.07969144731760025,-2.451857883389863e-10,0.0,0.0,3.842076539993286,3.842076539993286,2.475983142852783,2.475983142852783,0.6832937002182007,0.0,0.0,0.0,0.0,0.29798758029937744,0.1182757169008255,0.014059793204069138,0.794251561164856,0.5745588541030884,0.05405943840742111,2.461810827255249,2.4858739376068115,2.475983142852783,2.463369607925415,2.546851634979248,0.18109938502311707,0.07480035722255707,1.0,2.616584300994873,2.6000852584838867,2.5349478721618652,0.0,0.0,0.0,0.0,0.0,0.0,0.0,,,,,,,,,,,,,,,,,0.0005
11,3674,train_epoch,0.052419548753849764,0.12424812088915688,0.12806253264585654,0.0,0.005684214330440063,0.005684214330440063,0.0,3.150351263805778,9.999999747378752e-05,0.029999999329447746,0.029999999329447746,0.029999999329447746,0.0010000000474974513,0.0010000000474974513,0.10928267300753536,0.00909220708344511,0.0,0.0,0.0,0.0,-1.6340836240145975,-1.6340836240145975,1.0,-1.6340836240145975,0.0,-4.250554367453752,2.6895013398039125,1.0,0.10928267300753536,1.0,0.0,0.0,0.10928267300753536,0.0,0.0,0.00909220708344511,0.0,0.30006571917119856,0.06916398113359234,0.10958773775505805,0.5599941843284104,0.5721084421980167,0.0,0.0,0.0,0.0,0.0,0.0,0.0,0.0,1.0,0.0,0.16238036814207088,0.2706670440331905,0.41489779975956786,0.034900581809931885,0.0,0.12806253264585654,0.12424812088915688,0.12424812088915688,0.1626735298398012,0.04230520286076928,3.5890611606071344e-12,0.0,0.0,3.79443178205433,3.7944317841958144,2.576719140578173,2.576719140578173,0.6261787105820136,0.0,0.0,0.0,0.0,0.30006571462054454,0.12463341336585805,0.008163814064502872,0.8268897859993095,0.5721084421980167,0.0659084443649846,2.5805184748358356,2.583412747183246,2.576719140578173,2.570698361196918,2.6895013398039125,0.191902739202191,0.0822491373442961,1.0,2.5567800484731524,2.556158302072993,2.556224860117107,0.0,0.0,0.0,0.0,0.0,0.0,0.0,,,,,,,,,,,,,,,,,0.0005
11,3674,val,,,,,,,,,,,,,,,,,,,,,,,,,,,,,,,,,,,,,,,,,,,,,,,,,,,,,,,,,,,,,,,,,,,,,,,,,,,,,,,,,,,,,,,,,,,,,,,,,,,17.64962998811189,800.5197862504839,28.29345836497341,11.471100837260753,16.171811657982904,25.607914612845242,10.269953504338995,17.56912800213238,28.25367684057212,11.288943376627055,20.341290774646104,32.34867629807017,13.655024777661573,17.64962998811189,28.29345836497341,11.471100837260753,0.0005
11,3674,test,,,,,,,,,,,,,,,,,,,,,,,,,,,,,,,,,,,,,,,,,,,,,,,,,,,,,,,,,,,,,,,,,,,,,,,,,,,,,,,,,,,,,,,,,,,,,,,,,,,16.99425509598878,719.2848289421013,26.81948599324941,10.395810165920773,15.632942680840019,24.383835437704732,9.541174416069511,16.87793849395202,26.758310792043186,10.270737690968556,19.493673685434704,30.489838743738186,11.976237778191093,16.99425509598878,26.81948599324941,10.395810165920773,0.0005
12,3680,train,0.046203888952732086,0.12003549933433533,0.12394578009843826,0.0,0.00574954180046916,0.00574954180046916,0.0,3.167510747909546,9.999999747378752e-05,0.029999999329447746,0.029999999329447746,0.029999999329447746,0.0010000000474974513,0.0010000000474974513,0.1119912788271904,0.002176940441131592,0.0,0.0,0.0,0.0,-1.6537361145019531,-1.6537361145019531,1.0,-1.6537361145019531,0.0,-4.274998188018799,2.661858320236206,1.0,0.1119912788271904,1.0,0.0,0.0,0.1119912788271904,0.0,0.0,0.002176940441131592,0.0,0.297823041677475,0.07231227308511734,0.04686490446329117,0.5284472703933716,0.5736214518547058,0.0,0.0,0.0,0.0,0.0,0.0,0.0,0.0,1.0,0.0,0.15713438391685486,0.259537011384964,0.41624292731285095,0.03407244384288788,0.0,0.12394578009843826,0.12003549933433533,0.12003549933433533,0.151488795876503,0.03942294046282768,-4.925360466701001e-11,0.0,0.0,3.809185266494751,3.809185266494751,2.6117334365844727,2.6117334365844727,0.5891693830490112,0.0,0.0,0.0,0.0,0.29782307147979736,0.11869031190872192,0.003910918720066547,0.7824918031692505,0.5736214518547058,0.05275735631585121,2.584089994430542,2.622640609741211,2.6117334365844727,2.541295051574707,2.661858320236206,0.18844977021217346,0.08092779666185379,1.0,2.463529109954834,2.5434303283691406,2.523104190826416,0.0,0.0,0.0,0.0,0.0,0.0,0.0,,,,,,,,,,,,,,,,,0.0005
12,3700,train,0.04910275712609291,0.1232922151684761,0.12716972827911377,0.0,0.005462924018502235,0.005462924018502235,0.0,3.117462396621704,9.999999747378752e-05,0.029999999329447746,0.029999999329447746,0.029999999329447746,0.0010000000474974513,0.0010000000474974513,0.11497066915035248,0.0009427070617675781,0.0,0.0,0.0,0.0,-1.6702492237091064,-1.6702492237091064,1.0,-1.6702492237091064,0.0,-4.328100204467773,2.6405954360961914,1.0,0.11497066915035248,1.0,0.0,0.0,0.11497066915035248,0.0,0.0,0.0009427070617675781,0.0,0.30094271898269653,0.05351976677775383,0.14000003039836884,0.5566285252571106,0.5835408568382263,0.0,0.0,0.0,0.0,0.0,0.0,0.0,0.0,1.0,0.0,0.15531130135059357,0.25455212593078613,0.40663281083106995,0.035653188824653625,0.0,0.12716972827911377,0.1232922151684761,0.1232922151684761,0.14947234094142914,0.021045008674263954,-2.957128292235822e-11,0.0,0.0,3.7555506229400635,3.7555506229400635,2.542661190032959,2.542661190032959,0.5638890266418457,0.0,0.0,0.0,0.0,0.30094271898269653,0.10791866481304169,0.027251873165369034,0.8095110058784485,0.5835408568382263,0.046109072864055634,2.532674789428711,2.551792621612549,2.542661190032959,2.5562965869903564,2.6405954360961914,0.18693016469478607,0.0776047483086586,1.0,2.4608311653137207,2.4785842895507812,2.445072650909424,0.0,0.0,0.0,0.0,0.0,0.0,0.0,,,,,,,,,,,,,,,,,0.0005
12,3720,train,0.039053499698638916,0.1145530566573143,0.11853696405887604,0.0,0.0053453631699085236,0.0053453631699085236,0.0,3.167651653289795,9.999999747378752e-05,0.029999999329447746,0.029999999329447746,0.029999999329447746,0.0010000000474974513,0.0010000000474974513,0.09860724955797195,0.0057708024978637695,0.0,0.0,0.0,0.0,-1.663141131401062,-1.663141131401062,1.0,-1.663141131401062,0.0,-4.272787570953369,2.5967071056365967,1.0,0.09860724955797195,1.0,0.0,0.0,0.09860724955797195,0.0,0.0,0.0057708024978637695,0.0,0.2942292094230652,0.07144709676504135,0.10879703611135483,0.5618953704833984,0.5649994015693665,0.0,0.0,0.0,0.0,0.0,0.0,0.0,0.0,1.0,0.0,0.1583300679922104,0.26994800567626953,0.40252041816711426,0.033722128719091415,0.0,0.11853696405887604,0.1145530566573143,0.1145530566573143,0.1628541648387909,0.04682617262005806,1.1646598963022115e-10,0.0,0.0,3.8120555877685547,3.8120555877685547,2.4969379901885986,2.4969379901885986,0.6266859173774719,0.0,0.0,0.0,0.0,0.2942292094230652,0.12592291831970215,0.005653521977365017,0.83807772397995,0.5649994015693665,0.04905024915933609,2.5015947818756104,2.509660482406616,2.4969379901885986,2.466855049133301,2.5967071056365967,0.18923604488372803,0.08121148496866226,1.0,2.546940565109253,2.5408759117126465,2.5280041694641113,0.0,0.0,0.0,0.0,0.0,0.0,0.0,,,,,,,,,,,,,,,,,0.0005
12,3740,train,0.051626771688461304,0.12285364419221878,0.1278177946805954,0.0,0.006161287426948547,0.006161287426948547,0.0,3.156569480895996,9.999999747378752e-05,0.029999999329447746,0.029999999329447746,0.029999999329447746,0.0010000000474974513,0.0010000000474974513,0.10638847947120667,0.012587487697601318,0.0,0.0,0.0,0.0,-1.6234984397888184,-1.6234984397888184,1.0,-1.6234984397888184,0.0,-4.220524311065674,2.7115607261657715,1.0,0.10638847947120667,1.0,0.0,0.0,0.10638847947120667,0.0,0.0,0.012587487697601318,0.0,0.28741252422332764,0.060683880001306534,0.0898900255560875,0.5258702039718628,0.5631625652313232,0.0,0.0,0.0,0.0,0.0,0.0,0.0,0.0,1.0,0.0,0.16485203802585602,0.2882862687110901,0.41738468408584595,0.03460666537284851,0.0,0.1278177946805954,0.12285364419221878,0.12285364419221878,0.1816588193178177,0.04475550726056099,3.0317559573944663e-10,0.0,0.0,3.7874908447265625,3.7874908447265625,2.6008682250976562,2.6008682250976562,0.7003576755523682,0.0,0.0,0.0,0.0,0.28741252422332764,0.12019406259059906,0.003739143256098032,0.8112020492553711,0.5631625652313232,0.05519301816821098,2.596576690673828,2.613255739212036,2.6008682250976562,2.6154391765594482,2.7115607261657715,0.19125056266784668,0.08280952274799347,1.0,2.545651435852051,2.5667123794555664,2.5691933631896973,0.0,0.0,0.0,0.0,0.0,0.0,0.0,,,,,,,,,,,,,,,,,0.0005
12,3760,train,0.04503485560417175,0.11747807264328003,0.12132954597473145,0.0,0.005367260426282883,0.005367260426282883,0.0,3.224825859069824,9.999999747378752e-05,0.029999999329447746,0.029999999329447746,0.029999999329447746,0.0010000000474974513,0.0010000000474974513,0.10372360050678253,0.007151126861572266,0.0,0.0,0.0,0.0,-1.6217252016067505,-1.6217252016067505,1.0,-1.6217252016067505,0.0,-4.2192463874816895,2.7861502170562744,1.0,0.10372360050678253,1.0,0.0,0.0,0.10372360050678253,0.0,0.0,0.007151126861572266,0.0,0.30715110898017883,0.07088598608970642,0.09505371749401093,0.5258409380912781,0.5805544257164001,0.0,0.0,0.0,0.0,0.0,0.0,0.0,0.0,1.0,0.0,0.17272937297821045,0.2704899311065674,0.4271339178085327,0.03274049982428551,0.0,0.12132954597473145,0.11747807264328003,0.11747807264328003,0.1659058928489685,0.016399357467889786,4.7426167160136146e-11,0.0,0.0,3.8040239810943604,3.8040239810943604,2.6709980964660645,2.6709980964660645,0.6367425322532654,0.0,0.0,0.0,0.0,0.3071511387825012,0.1209685206413269,0.007600033190101385,0.7614758014678955,0.5805544257164001,0.06332720816135406,2.652905225753784,2.685152292251587,2.6709980964660645,2.6616194248199463,2.7861502170562744,0.1970950961112976,0.08534513413906097,1.0,2.5130796432495117,2.501004934310913,2.562950611114502,0.0,0.0,0.0,0.0,0.0,0.0,0.0,,,,,,,,,,,,,,,,,0.0005
12,3780,train,0.046042781323194504,0.11964951455593109,0.1223301962018013,0.0,0.005984182935208082,0.005984182935208082,0.0,3.172877073287964,9.999999747378752e-05,0.029999999329447746,0.029999999329447746,0.029999999329447746,0.0010000000474974513,0.0010000000474974513,0.0976698100566864,0.02599462866783142,0.0,0.0,0.0,0.0,-1.6448874473571777,-1.6448874473571777,1.0,-1.6448874473571777,0.0,-4.263586044311523,2.6942901611328125,1.0,0.0976698100566864,1.0,0.0,0.0,0.0976698100566864,0.0,0.0,0.02599462866783142,0.0,0.3259946405887604,0.08199992030858994,0.11294291913509369,0.5881754755973816,0.5920218825340271,0.0,0.0,0.0,0.0,0.0,0.0,0.0,0.0,1.0,0.0,0.15813986957073212,0.28406426310539246,0.4079171121120453,0.033942922949790955,0.0,0.1223301962018013,0.11964951455593109,0.11964951455593109,0.16624240577220917,0.01923959329724312,3.366344147881506e-10,0.0,0.0,3.7638227939605713,3.7638227939605713,2.54372239112854,2.54372239112854,0.6320467591285706,0.0,0.0,0.0,0.0,0.3259946405887604,0.12972155213356018,0.0037670759484171867,0.8310118317604065,0.5920218825340271,0.10712316632270813,2.547034740447998,2.5476512908935547,2.54372239112854,2.6114628314971924,2.6942901611328125,0.1905146986246109,0.08095789700746536,1.0,2.590339422225952,2.5049633979797363,2.4967503547668457,0.0,0.0,0.0,0.0,0.0,0.0,0.0,,,,,,,,,,,,,,,,,0.0005
12,3800,train,0.04502786323428154,0.11874566227197647,0.12298461049795151,0.0,0.005473160184919834,0.005473160184919834,0.0,3.1735966205596924,9.999999747378752e-05,0.029999999329447746,0.029999999329447746,0.029999999329447746,0.0010000000474974513,0.0010000000474974513,0.09895886480808258,0.012199640274047852,0.0,0.0,0.0,0.0,-1.6484572887420654,-1.6484572887420654,1.0,-1.6484572887420654,0.0,-4.260866165161133,2.6661455631256104,1.0,0.09895886480808258,1.0,0.0,0.0,0.09895886480808258,0.0,0.0,0.012199640274047852,0.0,0.2878003716468811,0.0698312297463417,0.11001551151275635,0.5559238791465759,0.5636737942695618,0.0,0.0,0.0,0.0,0.0,0.0,0.0,0.0,1.0,0.0,0.155595064163208,0.2706257700920105,0.41163331270217896,0.03390047699213028,0.0,0.12298461049795151,0.11874566227197647,0.11874566227197647,0.16424866020679474,0.036122675985097885,2.3148492844793367e-10,0.0,0.0,3.7063369750976562,3.7063369750976562,2.5528669357299805,2.5528669357299805,0.6188057065010071,0.0,0.0,0.0,0.0,0.2878003716468811,0.12091308832168579,0.012595441192388535,0.8692834377288818,0.5636737942695618,0.05314032360911369,2.5654048919677734,2.5584609508514404,2.5528669357299805,2.548630952835083,2.6661455631256104,0.19172707200050354,0.08349674940109253,1.0,2.453444480895996,2.508197784423828,2.4948737621307373,0.0,0.0,0.0,0.0,0.0,0.0,0.0,,,,,,,,,,,,,,,,,0.0005
12,3820,train,0.04771435633301735,0.12032471597194672,0.12509723007678986,0.0,0.00558478431776166,0.00558478431776166,0.0,3.1598873138427734,9.999999747378752e-05,0.029999999329447746,0.029999999329447746,0.029999999329447746,0.0010000000474974513,0.0010000000474974513,0.10191957652568817,0.004736810922622681,0.0,0.0,0.0,0.0,-1.6370000839233398,-1.6370000839233398,1.0,-1.6370000839233398,0.0,-4.259923934936523,2.638305902481079,1.0,0.10191957652568817,1.0,0.0,0.0,0.10191957652568817,0.0,0.0,0.004736810922622681,0.0,0.2952632009983063,0.09382849931716919,0.060697004199028015,0.5715534090995789,0.5627299547195435,0.0,0.0,0.0,0.0,0.0,0.0,0.0,0.0,1.0,0.0,0.1645716279745102,0.2729439437389374,0.4130536913871765,0.03437897190451622,0.0,0.12509723007678986,0.12032471597194672,0.12032471597194672,0.1548551470041275,0.045884620398283005,-3.048592767118663e-10,0.0,0.0,3.8127334117889404,3.8127334117889404,2.573164939880371,2.573164939880371,0.6110933423042297,0.0,0.0,0.0,0.0,0.2952632009983063,0.13061660528182983,0.0019111825386062264,0.8238233327865601,0.5627299547195435,0.061994489282369614,2.563817262649536,2.5806424617767334,2.573164939880371,2.519564628601074,2.638305902481079,0.19148483872413635,0.08057881891727448,1.0,2.597074508666992,2.5515942573547363,2.576606273651123,0.0,0.0,0.0,0.0,0.0,0.0,0.0,,,,,,,,,,,,,,,,,0.0005
12,3840,train,0.05321549251675606,0.12523885071277618,0.12836706638336182,0.0,0.006128422915935516,0.006128422915935516,0.0,3.076781988143921,9.999999747378752e-05,0.029999999329447746,0.029999999329447746,0.029999999329447746,0.0010000000474974513,0.0010000000474974513,0.10287579894065857,0.011801213026046753,0.0,0.0,0.0,0.0,-1.638383150100708,-1.638383150100708,1.0,-1.638383150100708,0.0,-4.259527683258057,2.6830458641052246,1.0,0.10287579894065857,1.0,0.0,0.0,0.10287579894065857,0.0,0.0,0.011801213026046753,0.0,0.3118011951446533,0.07636880874633789,0.11509932577610016,0.5821371674537659,0.5798594951629639,0.0,0.0,0.0,0.0,0.0,0.0,0.0,0.0,1.0,0.0,0.15288914740085602,0.26846346259117126,0.4072737991809845,0.03696476295590401,0.0,0.12836706638336182,0.12523885071277618,0.12523885071277618,0.1602533906698227,0.021211041137576103,2.57118354385355e-10,0.0,0.0,3.7375423908233643,3.7375423908233643,2.5448029041290283,2.5448029041290283,0.6076681613922119,0.0,0.0,0.0,0.0,0.3118012249469757,0.12935660779476166,0.004205991048365831,0.9036543369293213,0.5798594951629639,0.07480086386203766,2.529961109161377,2.5560224056243896,2.5448029041290283,2.6104495525360107,2.6830458641052246,0.18849880993366241,0.07684685289859772,1.0,2.5741019248962402,2.583134412765503,2.597255229949951,0.0,0.0,0.0,0.0,0.0,0.0,0.0,,,,,,,,,,,,,,,,,0.0005
12,3860,train,0.043654121458530426,0.11737065017223358,0.11986695975065231,0.0,0.0059931231662631035,0.0059931231662631035,0.0,3.1499791145324707,9.999999747378752e-05,0.029999999329447746,0.029999999329447746,0.029999999329447746,0.0010000000474974513,0.0010000000474974513,0.10754676163196564,0.00954011082649231,0.0,0.0,0.0,0.0,-1.6383633613586426,-1.6383633613586426,1.0,-1.6383633613586426,0.0,-4.251631259918213,2.7596993446350098,1.0,0.10754676163196564,1.0,0.0,0.0,0.10754676163196564,0.0,0.0,0.00954011082649231,0.0,0.30954015254974365,0.07591903954744339,0.13849160075187683,0.5908151268959045,0.5835350155830383,0.0,0.0,0.0,0.0,0.0,0.0,0.0,0.0,1.0,0.0,0.16474950313568115,0.26869842410087585,0.4161452651023865,0.03467867523431778,0.0,0.11986695975065231,0.11737065017223358,0.11737065017223358,0.1673060655593872,0.0005665374337695539,3.334438281044072e-11,0.0,0.0,3.754753589630127,3.754753589630127,2.638899803161621,2.638899803161621,0.6405580639839172,0.0,0.0,0.0,0.0,0.30954012274742126,0.12154063582420349,0.0030750788282603025,0.8499662280082703,0.5835350155830383,0.06735600531101227,2.618128538131714,2.6486339569091797,2.638899803161621,2.693697929382324,2.7596993446350098,0.19604110717773438,0.08441456407308578,1.0,2.5432751178741455,2.546982765197754,2.5486080646514893,0.0,0.0,0.0,0.0,0.0,0.0,0.0,,,,,,,,,,,,,,,,,0.0005
12,3880,train,0.05436369404196739,0.12484757602214813,0.12975716590881348,0.0,0.006128983572125435,0.006128983572125435,0.0,3.186570167541504,9.999999747378752e-05,0.029999999329447746,0.029999999329447746,0.029999999329447746,0.0010000000474974513,0.0010000000474974513,0.09921451658010483,0.001170516014099121,0.0,0.0,0.0,0.0,-1.617303729057312,-1.617303729057312,1.0,-1.617303729057312,0.0,-4.237080097198486,2.7519800662994385,1.0,0.09921451658010483,1.0,0.0,0.0,0.09921451658010483,0.0,0.0,0.001170516014099121,0.0,0.30117055773735046,0.06916748732328415,0.1234058141708374,0.5251946449279785,0.5730658173561096,0.0,0.0,0.0,0.0,0.0,0.0,0.0,0.0,1.0,0.0,0.17224355041980743,0.2812846601009369,0.41973814368247986,0.03355537727475166,0.0,0.12975716590881348,0.12484757602214813,0.12484757602214813,0.15991149842739105,0.009932693094015121,1.919323866506062e-10,0.0,0.0,3.8547470569610596,3.8547470569610596,2.620684862136841,2.620684862136841,0.6158539056777954,0.0,0.0,0.0,0.0,0.3011705279350281,0.12370254844427109,0.004420042037963867,0.7824100852012634,0.5730658173561096,0.05488664656877518,2.6451516151428223,2.631074905395508,2.620684862136841,2.644066095352173,2.7519800662994385,0.1978016346693039,0.08635549992322922,1.0,2.5497078895568848,2.5485167503356934,2.5607383251190186,0.0,0.0,0.0,0.0,0.0,0.0,0.0,,,,,,,,,,,,,,,,,0.0005
12,3900,train,0.04538211598992348,0.11918963491916656,0.12345544993877411,0.0,0.0058584497310221195,0.0058584497310221195,0.0,3.163024425506592,9.999999747378752e-05,0.029999999329447746,0.029999999329447746,0.029999999329447746,0.0010000000474974513,0.0010000000474974513,0.10749232023954391,0.012403339147567749,0.0,0.0,0.0,0.0,-1.651842713356018,-1.651842713356018,1.0,-1.651842713356018,0.0,-4.274124622344971,2.6440939903259277,1.0,0.10749232023954391,1.0,0.0,0.0,0.10749232023954391,0.0,0.0,0.012403339147567749,0.0,0.2875966429710388,0.05778928101062775,0.11183059215545654,0.48403143882751465,0.5654503107070923,0.0,0.0,0.0,0.0,0.0,0.0,0.0,0.0,1.0,0.0,0.1634008288383484,0.27164962887763977,0.4136059582233429,0.03427794948220253,0.0,0.12345544993877411,0.11918963491916656,0.11918963491916656,0.15857858955860138,0.046019505709409714,-1.4871992526366284e-10,0.0,0.0,3.8238985538482666,3.8238985538482666,2.5640788078308105,2.5640788078308105,0.6278415322303772,0.0,0.0,0.0,0.0,0.2875966727733612,0.11635880917310715,0.0029603084549307823,0.8466141819953918,0.5654503107070923,0.0429687537252903,2.5894908905029297,2.5702059268951416,2.5640788078308105,2.5023980140686035,2.6440939903259277,0.19029918313026428,0.08078696578741074,1.0,2.4882116317749023,2.485929250717163,2.5072543621063232,0.0,0.0,0.0,0.0,0.0,0.0,0.0,,,,,,,,,,,,,,,,,0.0005
12,3920,train,0.056158751249313354,0.12741512060165405,0.13297022879123688,0.0,0.00607238570228219,0.00607238570228219,0.0,3.1153321266174316,9.999999747378752e-05,0.029999999329447746,0.029999999329447746,0.029999999329447746,0.0010000000474974513,0.0010000000474974513,0.10582561790943146,0.0021046102046966553,0.0,0.0,0.0,0.0,-1.6408674716949463,-1.6408674716949463,1.0,-1.6408674716949463,0.0,-4.244626998901367,2.627960205078125,1.0,0.10582561790943146,1.0,0.0,0.0,0.10582561790943146,0.0,0.0,0.0021046102046966553,0.0,0.2978954017162323,0.07070579379796982,0.13233761489391327,0.6202908754348755,0.5652375221252441,0.0,0.0,0.0,0.0,0.0,0.0,0.0,0.0,1.0,0.0,0.15305449068546295,0.27540189027786255,0.41213923692703247,0.0359395407140255,0.0,0.13297022879123688,0.12741512060165405,0.12741512060165405,0.1804523766040802,0.08080663532018661,1.0873122541221747e-10,0.0,0.0,3.7962992191314697,3.7962992191314697,2.5423786640167236,2.5423786640167236,0.6998379230499268,0.0,0.0,0.0,0.0,0.2978954017162323,0.13315297663211823,0.01276860386133194,0.8646854162216187,0.5652375221252441,0.07257965952157974,2.519197940826416,2.5611143112182617,2.5423786640167236,2.544325113296509,2.627960205078125,0.18361809849739075,0.07764589041471481,1.0,2.5284175872802734,2.535936117172241,2.513514995574951,0.0,0.0,0.0,0.0,0.0,0.0,0.0,,,,,,,,,,,,,,,,,0.0005
12,3940,train,0.03257593512535095,0.10785715281963348,0.11194448918104172,0.0,0.0045922440476715565,0.0045922440476715565,0.0,3.1704583168029785,9.999999747378752e-05,0.029999999329447746,0.029999999329447746,0.029999999329447746,0.0010000000474974513,0.0010000000474974513,0.10253700613975525,0.008832812309265137,0.0,0.0,0.0,0.0,-1.637271523475647,-1.637271523475647,1.0,-1.637271523475647,0.0,-4.238653182983398,2.6892201900482178,1.0,0.10253700613975525,1.0,0.0,0.0,0.10253700613975525,0.0,0.0,0.008832812309265137,0.0,0.3088328540325165,0.06563340127468109,0.1136506050825119,0.5518102645874023,0.5827047228813171,0.0,0.0,0.0,0.0,0.0,0.0,0.0,0.0,1.0,0.0,0.17138324677944183,0.2752479314804077,0.4176442325115204,0.03402674198150635,0.0,0.11194448918104172,0.10785715281963348,0.10785715281963348,0.16234570741653442,0.030572768300771713,-7.814210389867071e-11,0.0,0.0,3.7650840282440186,3.7650840282440186,2.6378986835479736,2.6378986835479736,0.6202280521392822,0.0,0.0,0.0,0.0,0.3088328242301941,0.12129458039999008,0.01045447401702404,0.8325029015541077,0.5827047228813171,0.0678308829665184,2.5961949825286865,2.655289649963379,2.6378986835479736,2.5774362087249756,2.6892201900482178,0.19782710075378418,0.08619081974029541,1.0,2.596538782119751,2.5500221252441406,2.4965646266937256,0.0,0.0,0.0,0.0,0.0,0.0,0.0,,,,,,,,,,,,,,,,,0.0005
12,3960,train,0.0426914319396019,0.11497365683317184,0.1196473017334938,0.0,0.005560825113207102,0.005560825113207102,0.0,3.166447877883911,9.999999747378752e-05,0.029999999329447746,0.029999999329447746,0.029999999329447746,0.0010000000474974513,0.0010000000474974513,0.10957016050815582,0.0080452561378479,0.0,0.0,0.0,0.0,-1.6135462522506714,-1.6135462522506714,1.0,-1.6135462522506714,0.0,-4.20004415512085,2.716503143310547,1.0,0.10957016050815582,1.0,0.0,0.0,0.10957016050815582,0.0,0.0,0.0080452561378479,0.0,0.29195475578308105,0.08034898340702057,0.09792962670326233,0.6005973815917969,0.5631584525108337,0.0,0.0,0.0,0.0,0.0,0.0,0.0,0.0,1.0,0.0,0.165671706199646,0.28098705410957336,0.4243108630180359,0.03454197198152542,0.0,0.1196473017334938,0.11497365683317184,0.11497365683317184,0.16932618618011475,0.002401255303993821,5.395324742529795e-10,0.0,0.0,3.7017080783843994,3.7017080783843994,2.662381172180176,2.662381172180176,0.6284875273704529,0.0,0.0,0.0,0.0,0.29195475578308105,0.12845176458358765,0.007764561101794243,0.8346866965293884,0.5631584525108337,0.06594669818878174,2.6289403438568115,2.6781020164489746,2.662381172180176,2.5999813079833984,2.716503143310547,0.19818730652332306,0.08643998950719833,1.0,2.5088651180267334,2.513523817062378,2.5368804931640625,0.0,0.0,0.0,0.0,0.0,0.0,0.0,,,,,,,,,,,,,,,,,0.0005
12,3980,train,0.05262371152639389,0.1251257359981537,0.12809957563877106,0.0,0.0055989413522183895,0.0055989413522183895,0.0,3.2002692222595215,9.999999747378752e-05,0.029999999329447746,0.029999999329447746,0.029999999329447746,0.0010000000474974513,0.0010000000474974513,0.10277238488197327,0.02626699209213257,0.0,0.0,0.0,0.0,-1.6456496715545654,-1.6456496715545654,1.0,-1.6456496715545654,0.0,-4.274605751037598,2.6789345741271973,1.0,0.10277238488197327,1.0,0.0,0.0,0.10277238488197327,0.0,0.0,0.02626699209213257,0.0,0.3262670040130615,0.06369726359844208,0.15285465121269226,0.5932677984237671,0.5983148813247681,0.0,0.0,0.0,0.0,0.0,0.0,0.0,0.0,1.0,0.0,0.16166824102401733,0.27092626690864563,0.41495177149772644,0.03309284523129463,0.0,0.12809957563877106,0.1251257359981537,0.1251257359981537,0.16607123613357544,0.058759018778800964,-2.3434807913669253e-11,0.0,0.0,3.8326337337493896,3.8326337337493896,2.5896129608154297,2.5896129608154297,0.6523566842079163,0.0,0.0,0.0,0.0,0.3262670040130615,0.11864867061376572,0.015112732537090778,0.8251031041145325,0.5983148813247681,0.07591912150382996,2.572755813598633,2.6061222553253174,2.5896129608154297,2.582735300064087,2.6789345741271973,0.18715816736221313,0.07867147028446198,1.0,2.5608925819396973,2.5346827507019043,2.483090877532959,0.0,0.0,0.0,0.0,0.0,0.0,0.0,,,,,,,,,,,,,,,,,0.0005
12,4000,train,0.046837229281663895,0.12175551056861877,0.12537895143032074,0.0,0.005487966351211071,0.005487966351211071,0.0,3.246720552444458,9.999999747378752e-05,0.029999999329447746,0.029999999329447746,0.029999999329447746,0.0010000000474974513,0.0010000000474974513,0.10738633573055267,0.002174943685531616,0.0,0.0,0.0,0.0,-1.6765491962432861,-1.6765491962432861,1.0,-1.6765491962432861,0.0,-4.3341875076293945,2.689020872116089,1.0,0.10738633573055267,1.0,0.0,0.0,0.10738633573055267,0.0,0.0,0.002174943685531616,0.0,0.30217495560646057,0.06059672310948372,0.12229593098163605,0.5219948887825012,0.5821119546890259,0.0,0.0,0.0,0.0,0.0,0.0,0.0,0.0,1.0,0.0,0.17831280827522278,0.27697429060935974,0.4184296429157257,0.03166947513818741,0.0,0.12537895143032074,0.12175551056861877,0.12175551056861877,0.16774652898311615,0.035181235522031784,3.5612962578923657e-10,0.0,0.0,3.870060443878174,3.870060443878174,2.6442315578460693,2.6442315578460693,0.6589826941490173,0.0,0.0,0.0,0.0,0.30217495560646057,0.11207302659749985,0.008939406834542751,0.7674393653869629,0.5821119546890259,0.04852941632270813,2.6434245109558105,2.6468422412872314,2.6442315578460693,2.633955478668213,2.689020872116089,0.19065363705158234,0.0825091302394867,1.0,2.534022331237793,2.560955047607422,2.4636361598968506,0.0,0.0,0.0,0.0,0.0,0.0,0.0,,,,,,,,,,,,,,,,,0.0005
12,4008,train_epoch,0.05088158829617286,0.12319581293149623,0.1270036319504955,0.0,0.005697132155165344,0.005697132155165344,0.0,3.165188737972054,9.999999747378752e-05,0.029999999329447746,0.029999999329447746,0.029999999329447746,0.0010000000474974513,0.0010000000474974513,0.1055231881355811,0.008603346651185772,0.0,0.0,0.0,0.0,-1.6386085356067042,-1.6386085356067042,1.0,-1.6386085356067042,0.0,-4.260012592384201,2.6804081115893976,1.0,0.1055231881355811,1.0,0.0,0.0,0.1055231881355811,0.0,0.0,0.008603346651185772,0.0,0.301156724462966,0.06960096477926848,0.10851292903284113,0.5618016543145665,0.5740371814031087,0.0,0.0,0.0,0.0,0.0,0.0,0.0,0.0,1.0,0.0,0.16319810728470008,0.2726709399662332,0.4132677502260951,0.03419783150966831,0.0,0.1270036319504955,0.12319581293149623,0.12319581293149623,0.16379231571437355,0.04053155912961138,-1.3535660416177554e-11,0.0,0.0,3.7992911859900653,3.799291173854988,2.5803961254165557,2.5803961254165557,0.6341875311500298,0.0,0.0,0.0,0.0,0.3011567209830541,0.12287688143774421,0.008151842252641336,0.8222780563160331,0.5740371814031087,0.06264053142913979,2.579599626050024,2.588180626223901,2.5803961254165557,2.573734585396544,2.6804081115893976,0.19045642241389452,0.08149227725263841,1.0,2.5248653453267265,2.5239203490183026,2.524899168642695,0.0,0.0,0.0,0.0,0.0,0.0,0.0,,,,,,,,,,,,,,,,,0.0005
12,4008,val,,,,,,,,,,,,,,,,,,,,,,,,,,,,,,,,,,,,,,,,,,,,,,,,,,,,,,,,,,,,,,,,,,,,,,,,,,,,,,,,,,,,,,,,,,,,,,,,,,,17.530833321648675,791.7159028611742,28.137446630090196,12.21391741434733,16.01966481165843,25.401523735050997,11.47335958051252,17.51890703579327,28.112621322046767,12.604426177772316,20.158988050512367,32.1876171928387,13.699509848345507,17.530833321648675,28.137446630090196,12.21391741434733,0.0005
12,4008,test,,,,,,,,,,,,,,,,,,,,,,,,,,,,,,,,,,,,,,,,,,,,,,,,,,,,,,,,,,,,,,,,,,,,,,,,,,,,,,,,,,,,,,,,,,,,,,,,,,,16.895380939449275,711.2061527011631,26.668448636941054,11.134475961461797,15.495796199317452,24.178690687559484,10.71309842290105,16.841372442675066,26.619893082857732,11.514308134714762,19.342720787804407,30.351953129279984,12.029710387324428,16.895380939449275,26.668448636941054,11.134475961461797,0.0005
13,4020,train,0.043545059859752655,0.11625656485557556,0.12064871937036514,0.0,0.0055826823227107525,0.0055826823227107525,0.0,3.261718988418579,9.999999747378752e-05,0.029999999329447746,0.029999999329447746,0.029999999329447746,0.0010000000474974513,0.0010000000474974513,0.10766550898551941,0.010085046291351318,0.0,0.0,0.0,0.0,-1.6242109537124634,-1.6242109537124634,1.0,-1.6242109537124634,0.0,-4.23581600189209,2.7367045879364014,1.0,0.10766550898551941,1.0,0.0,0.0,0.10766550898551941,0.0,0.0,0.010085046291351318,0.0,0.28991493582725525,0.09240679442882538,0.07653215527534485,0.6321041584014893,0.5563898086547852,0.0,0.0,0.0,0.0,0.0,0.0,0.0,0.0,1.0,0.0,0.18123406171798706,0.28938236832618713,0.4243822395801544,0.0314791277050972,0.0,0.12064871937036514,0.11625656485557556,0.11625656485557556,0.17091520130634308,0.020689673721790314,-2.1623761115030504e-10,0.0,0.0,3.7472198009490967,3.7472193241119385,2.680271625518799,2.680271625518799,0.655399739742279,0.0,0.0,0.0,0.0,0.28991496562957764,0.13486365973949432,0.0053953854367136955,0.8520413041114807,0.5563898086547852,0.07561274617910385,2.6628692150115967,2.691561222076416,2.680271625518799,2.604564666748047,2.7367045879364014,0.20330694317817688,0.09058286249637604,1.0,2.5440802574157715,2.511320114135742,2.5280864238739014,0.0,0.0,0.0,0.0,0.0,0.0,0.0,,,,,,,,,,,,,,,,,0.0005
13,4040,train,0.0490536093711853,0.123580202460289,0.12757056951522827,0.0,0.004999324679374695,0.004999324679374695,0.0,3.1942174434661865,9.999999747378752e-05,0.029999999329447746,0.029999999329447746,0.029999999329447746,0.0010000000474974513,0.0010000000474974513,0.1006874367594719,0.0017418861389160156,0.0,0.0,0.0,0.0,-1.6768755912780762,-1.6768755912780762,1.0,-1.6768755912780762,0.0,-4.320833683013916,2.5931551456451416,1.0,0.1006874367594719,1.0,0.0,0.0,0.1006874367594719,0.0,0.0,0.0017418861389160156,0.0,0.29825812578201294,0.07106303423643112,0.09905318915843964,0.5473665595054626,0.5699724555015564,0.0,0.0,0.0,0.0,0.0,0.0,0.0,0.0,1.0,0.0,0.15867625176906586,0.2561584711074829,0.40435782074928284,0.03299202769994736,0.0,0.12757056951522827,0.123580202460289,0.123580202460289,0.1552669256925583,0.044413864612579346,7.691834365622374e-13,0.0,0.0,3.781097173690796,3.781097173690796,2.5394515991210938,2.5394515991210938,0.6056303977966309,0.0,0.0,0.0,0.0,0.29825812578201294,0.12590986490249634,0.0028568394482135773,0.8221784830093384,0.5699724555015564,0.06349571794271469,2.5153021812438965,2.552539825439453,2.5394515991210938,2.489457845687866,2.5931551456451416,0.18670648336410522,0.0778554156422615,1.0,2.5166969299316406,2.5024232864379883,2.490692138671875,0.0,0.0,0.0,0.0,0.0,0.0,0.0,,,,,,,,,,,,,,,,,0.0005
13,4060,train,0.05537278577685356,0.12690243124961853,0.13084161281585693,0.0,0.005229839123785496,0.005229839123785496,0.0,3.138051748275757,9.999999747378752e-05,0.029999999329447746,0.029999999329447746,0.029999999329447746,0.0010000000474974513,0.0010000000474974513,0.10022227466106415,0.02594354748725891,0.0,0.0,0.0,0.0,-1.6382471323013306,-1.6382471323013306,1.0,-1.6382471323013306,0.0,-4.287969589233398,2.6186256408691406,1.0,0.10022227466106415,1.0,0.0,0.0,0.10022227466106415,0.0,0.0,0.02594354748725891,0.0,0.32594355940818787,0.06172331050038338,0.13502243161201477,0.5644951462745667,0.5941702723503113,0.0,0.0,0.0,0.0,0.0,0.0,0.0,0.0,1.0,0.0,0.1629018932580948,0.26666587591171265,0.40554332733154297,0.03505004569888115,0.0,0.13084161281585693,0.12690243124961853,0.12690243124961853,0.15808254480361938,0.05642101168632507,8.1794671036306e-10,0.0,0.0,3.872127056121826,3.872127056121826,2.529581308364868,2.529581308364868,0.6269022226333618,0.0,0.0,0.0,0.0,0.32594355940818787,0.1246657520532608,0.008861130103468895,0.8391134738922119,0.5941702723503113,0.08671875298023224,2.538017749786377,2.53371524810791,2.529581308364868,2.5131990909576416,2.6186256408691406,0.18387092649936676,0.07822113484144211,1.0,2.5966615676879883,2.515268564224243,2.541872501373291,0.0,0.0,0.0,0.0,0.0,0.0,0.0,,,,,,,,,,,,,,,,,0.0005
13,4080,train,0.04934616759419441,0.12160242348909378,0.12570475041866302,0.0,0.005358649417757988,0.005358649417757988,0.0,3.1983389854431152,9.999999747378752e-05,0.029999999329447746,0.029999999329447746,0.029999999329447746,0.0010000000474974513,0.0010000000474974513,0.1027800664305687,0.007341831922531128,0.0,0.0,0.0,0.0,-1.6331321001052856,-1.6331321001052856,1.0,-1.6331321001052856,0.0,-4.2489237785339355,2.6703085899353027,1.0,0.1027800664305687,1.0,0.0,0.0,0.1027800664305687,0.0,0.0,0.007341831922531128,0.0,0.3073418438434601,0.0677257850766182,0.11949004232883453,0.5731454491615295,0.5761812329292297,0.0,0.0,0.0,0.0,0.0,0.0,0.0,0.0,1.0,0.0,0.1657438725233078,0.2788883149623871,0.4032715857028961,0.03295721486210823,0.0,0.12570475041866302,0.12160242348909378,0.12160242348909378,0.1551397740840912,0.03444451838731766,-2.2396787549561203e-11,0.0,0.0,3.869753837585449,3.869753837585449,2.5368990898132324,2.5368990898132324,0.6124505400657654,0.0,0.0,0.0,0.0,0.3073418438434601,0.1298663169145584,0.01536733191460371,0.8320544958114624,0.5761812329292297,0.08219975978136063,2.5541555881500244,2.540004014968872,2.5368990898132324,2.5646090507507324,2.6703085899353027,0.18715457618236542,0.08005086332559586,1.0,2.5593421459198,2.5139665603637695,2.5560708045959473,0.0,0.0,0.0,0.0,0.0,0.0,0.0,,,,,,,,,,,,,,,,,0.0005
13,4100,train,0.04088037461042404,0.11491725593805313,0.11806952208280563,0.0,0.005574941635131836,0.005574941635131836,0.0,3.2065622806549072,9.999999747378752e-05,0.029999999329447746,0.029999999329447746,0.029999999329447746,0.0010000000474974513,0.0010000000474974513,0.09853668510913849,0.01047620177268982,0.0,0.0,0.0,0.0,-1.63746178150177,-1.63746178150177,1.0,-1.63746178150177,0.0,-4.251397609710693,2.7187492847442627,1.0,0.09853668510913849,1.0,0.0,0.0,0.09853668510913849,0.0,0.0,0.01047620177268982,0.0,0.3104761838912964,0.08001656085252762,0.11759552359580994,0.6243916749954224,0.5826067924499512,0.0,0.0,0.0,0.0,0.0,0.0,0.0,0.0,1.0,0.0,0.16305015981197357,0.27215903997421265,0.415967732667923,0.03303169831633568,0.0,0.11806952208280563,0.11491725593805313,0.11491725593805313,0.15492111444473267,-0.002592626493424177,2.413224620134713e-10,0.0,0.0,3.793376922607422,3.793376922607422,2.59261155128479,2.59261155128479,0.5960306525230408,0.0,0.0,0.0,0.0,0.3104762136936188,0.12441512942314148,0.009328524582087994,0.9166543483734131,0.5826067924499512,0.07542892545461655,2.599013090133667,2.599457263946533,2.59261155128479,2.5961754322052,2.7187492847442627,0.19851922988891602,0.08500679582357407,1.0,2.466107130050659,2.5031490325927734,2.5275797843933105,0.0,0.0,0.0,0.0,0.0,0.0,0.0,,,,,,,,,,,,,,,,,0.0005
13,4120,train,0.048425476998090744,0.12140481919050217,0.12339244037866592,0.0,0.005629473831504583,0.005629473831504583,0.0,3.23797607421875,9.999999747378752e-05,0.029999999329447746,0.029999999329447746,0.029999999329447746,0.0010000000474974513,0.0010000000474974513,0.09262629598379135,0.02619895339012146,0.0,0.0,0.0,0.0,-1.6378223896026611,-1.6378223896026611,1.0,-1.6378223896026611,0.0,-4.237785339355469,2.7528512477874756,1.0,0.09262629598379135,1.0,0.0,0.0,0.09262629598379135,0.0,0.0,0.02619895339012146,0.0,0.3261989653110504,0.09615384787321091,0.07494521141052246,0.6402912735939026,0.5824359059333801,0.0,0.0,0.0,0.0,0.0,0.0,0.0,0.0,1.0,0.0,0.16325542330741882,0.27308112382888794,0.4107191860675812,0.0318564735352993,0.0,0.12339244037866592,0.12140481919050217,0.12140481919050217,0.15638305246829987,0.010265948250889778,-8.022262021345483e-11,0.0,0.0,3.7679150104522705,3.7679150104522705,2.598386526107788,2.598386526107788,0.5997770428657532,0.0,0.0,0.0,0.0,0.3261989653110504,0.14401476085186005,0.004026009701192379,0.8796616196632385,0.5824359059333801,0.12308517843484879,2.5702457427978516,2.613060712814331,2.598386526107788,2.6608452796936035,2.7528512477874756,0.18896780908107758,0.07943522185087204,1.0,2.578063726425171,2.484623670578003,2.5462021827697754,0.0,0.0,0.0,0.0,0.0,0.0,0.0,,,,,,,,,,,,,,,,,0.0005
13,4140,train,0.05131139978766441,0.12327262759208679,0.12653914093971252,0.0,0.005795571953058243,0.005795571953058243,0.0,3.2088820934295654,9.999999747378752e-05,0.029999999329447746,0.029999999329447746,0.029999999329447746,0.0010000000474974513,0.0010000000474974513,0.09961983561515808,0.003217637538909912,0.0,0.0,0.0,0.0,-1.6311109066009521,-1.6311109066009521,1.0,-1.6311109066009521,0.0,-4.261810779571533,2.6703460216522217,1.0,0.09961983561515808,1.0,0.0,0.0,0.09961983561515808,0.0,0.0,0.003217637538909912,0.0,0.30321764945983887,0.07843810319900513,0.11908348649740219,0.6123369932174683,0.5700090527534485,0.0,0.0,0.0,0.0,0.0,0.0,0.0,0.0,1.0,0.0,0.1727086752653122,0.27745047211647034,0.4216383099555969,0.033468008041381836,0.0,0.12653914093971252,0.12327262759208679,0.12327262759208679,0.16900691390037537,0.050755929201841354,-8.152262753746697e-10,0.0,0.0,3.8977479934692383,3.8977479934692383,2.630275011062622,2.630275011062622,0.6780900359153748,0.0,0.0,0.0,0.0,0.30321764945983887,0.13266047835350037,0.0030276637990027666,0.8908551335334778,0.5700090527534485,0.07997855544090271,2.625890016555786,2.6413426399230957,2.630275011062622,2.579887628555298,2.6703460216522217,0.19034507870674133,0.08164631575345993,1.0,2.601396322250366,2.5033416748046875,2.515533208847046,0.0,0.0,0.0,0.0,0.0,0.0,0.0,,,,,,,,,,,,,,,,,0.0005
13,4160,train,0.041315943002700806,0.1145983412861824,0.11624103784561157,0.0,0.005938441958278418,0.005938441958278418,0.0,3.189748764038086,9.999999747378752e-05,0.029999999329447746,0.029999999329447746,0.029999999329447746,0.0010000000474974513,0.0010000000474974513,0.10178853571414948,0.004399240016937256,0.0,0.0,0.0,0.0,-1.6188987493515015,-1.6188987493515015,1.0,-1.6188987493515015,0.0,-4.218920707702637,2.696406602859497,1.0,0.10178853571414948,1.0,0.0,0.0,0.10178853571414948,0.0,0.0,0.004399240016937256,0.0,0.2956007719039917,0.07057976722717285,0.10062339901924133,0.5594267845153809,0.5705210566520691,0.0,0.0,0.0,0.0,0.0,0.0,0.0,0.0,1.0,0.0,0.16237476468086243,0.2850000858306885,0.4258900582790375,0.03414910286664963,0.0,0.11624103784561157,0.1145983412861824,0.1145983412861824,0.16515012085437775,0.05291089415550232,-8.833465209301394e-11,0.0,0.0,3.7959694862365723,3.7959694862365723,2.6690714359283447,2.6690714359283447,0.6406155824661255,0.0,0.0,0.0,0.0,0.2956007719039917,0.11949170380830765,0.004176780115813017,0.8149532675743103,0.5705210566520691,0.04603247717022896,2.644322633743286,2.6847646236419678,2.6690714359283447,2.5897231101989746,2.696406602859497,0.19596001505851746,0.08480419218540192,1.0,2.5031161308288574,2.5481138229370117,2.484592914581299,0.0,0.0,0.0,0.0,0.0,0.0,0.0,,,,,,,,,,,,,,,,,0.0005
13,4180,train,0.06023164838552475,0.13220764696598053,0.13519836962223053,0.0,0.0066301715560257435,0.0066301715560257435,0.0,3.172377347946167,9.999999747378752e-05,0.029999999329447746,0.029999999329447746,0.029999999329447746,0.0010000000474974513,0.0010000000474974513,0.09470484405755997,0.006571650505065918,0.0,0.0,0.0,0.0,-1.6605515480041504,-1.6605515480041504,1.0,-1.6605515480041504,0.0,-4.302366256713867,2.5589499473571777,1.0,0.09470484405755997,1.0,0.0,0.0,0.09470484405755997,0.0,0.0,0.006571650505065918,0.0,0.3065716624259949,0.06625328958034515,0.12244060635566711,0.5472316145896912,0.5791751742362976,0.0,0.0,0.0,0.0,0.0,0.0,0.0,0.0,1.0,0.0,0.13843287527561188,0.2712906002998352,0.393074095249176,0.03351162374019623,0.0,0.13519836962223053,0.13220764696598053,0.13220764696598053,0.16518133878707886,0.08341921120882034,9.09663039339037e-11,0.0,0.0,3.806504249572754,3.806504249572754,2.4461705684661865,2.4461705684661865,0.6476535797119141,0.0,0.0,0.0,0.0,0.3065716624259949,0.12310399115085602,0.00336759677156806,0.7709309458732605,0.5791751742362976,0.06508885324001312,2.443140745162964,2.4582760334014893,2.4461705684661865,2.488661766052246,2.5589499473571777,0.17671965062618256,0.073332279920578,1.0,2.556014060974121,2.5003201961517334,2.4673123359680176,0.0,0.0,0.0,0.0,0.0,0.0,0.0,,,,,,,,,,,,,,,,,0.0005
13,4200,train,0.05079229548573494,0.12229651212692261,0.1265677660703659,0.0,0.006227242760360241,0.006227242760360241,0.0,3.2158420085906982,9.999999747378752e-05,0.029999999329447746,0.029999999329447746,0.029999999329447746,0.0010000000474974513,0.0010000000474974513,0.09348217397928238,0.02836906909942627,0.0,0.0,0.0,0.0,-1.624133825302124,-1.624133825302124,1.0,-1.624133825302124,0.0,-4.228781223297119,2.6578264236450195,1.0,0.09348217397928238,1.0,0.0,0.0,0.09348217397928238,0.0,0.0,0.02836906909942627,0.0,0.2716309428215027,0.06238377094268799,0.08861328661441803,0.4664698839187622,0.5474085211753845,0.0,0.0,0.0,0.0,0.0,0.0,0.0,0.0,1.0,0.0,0.15224818885326385,0.2692095935344696,0.4169178307056427,0.03264850378036499,0.0,0.1265677660703659,0.12229651212692261,0.12229651212692261,0.15971170365810394,0.034006450325250626,3.3167527058175494e-10,0.0,0.0,3.7400803565979004,3.7400803565979004,2.591594696044922,2.591594696044922,0.6052024960517883,0.0,0.0,0.0,0.0,0.2716309428215027,0.12013886123895645,0.0035485951229929924,0.8833354115486145,0.5474085211753845,0.0390012264251709,2.5589137077331543,2.6060149669647217,2.591594696044922,2.549058675765991,2.6578264236450195,0.18829341232776642,0.08067145943641663,1.0,2.4706993103027344,2.495680332183838,2.521930456161499,0.0,0.0,0.0,0.0,0.0,0.0,0.0,,,,,,,,,,,,,,,,,0.0005
13,4220,train,0.05015166848897934,0.12392543256282806,0.12732923030853271,0.0,0.005157073028385639,0.005157073028385639,0.0,3.183065891265869,9.999999747378752e-05,0.029999999329447746,0.029999999329447746,0.029999999329447746,0.0010000000474974513,0.0010000000474974513,0.10595519840717316,0.006237804889678955,0.0,0.0,0.0,0.0,-1.6637470722198486,-1.6637470722198486,1.0,-1.6637470722198486,0.0,-4.292690277099609,2.601670980453491,1.0,0.10595519840717316,1.0,0.0,0.0,0.10595519840717316,0.0,0.0,0.006237804889678955,0.0,0.3062378168106079,0.07296266406774521,0.09906280040740967,0.5614547729492188,0.5747702717781067,0.0,0.0,0.0,0.0,0.0,0.0,0.0,0.0,1.0,0.0,0.1724756807088852,0.26134490966796875,0.401436984539032,0.03322822228074074,0.0,0.12732923030853271,0.12392543256282806,0.12392543256282806,0.15563414990901947,0.08488066494464874,2.9814975488484663e-10,0.0,0.0,3.857225179672241,3.857225179672241,2.503337860107422,2.503337860107422,0.6237413287162781,0.0,0.0,0.0,0.0,0.3062378168106079,0.12844057381153107,0.007881615310907364,0.8440976738929749,0.5747702717781067,0.0701899528503418,2.5371644496917725,2.5002520084381104,2.503337860107422,2.5023789405822754,2.601670980453491,0.17738021910190582,0.07286234945058823,1.0,2.4963622093200684,2.4743216037750244,2.4837331771850586,0.0,0.0,0.0,0.0,0.0,0.0,0.0,,,,,,,,,,,,,,,,,0.0005
13,4240,train,0.044309139251708984,0.11634945124387741,0.1203562542796135,0.0,0.005974253639578819,0.005974253639578819,0.0,3.1667516231536865,9.999999747378752e-05,0.029999999329447746,0.029999999329447746,0.029999999329447746,0.0010000000474974513,0.0010000000474974513,0.09646138548851013,0.021232694387435913,0.0,0.0,0.0,0.0,-1.6120861768722534,-1.6120861768722534,1.0,-1.6120861768722534,0.0,-4.213603496551514,2.7448129653930664,1.0,0.09646138548851013,1.0,0.0,0.0,0.09646138548851013,0.0,0.0,0.021232694387435913,0.0,0.27876731753349304,0.07718396931886673,0.08340446650981903,0.5316057205200195,0.557241678237915,0.0,0.0,0.0,0.0,0.0,0.0,0.0,0.0,1.0,0.0,0.16163404285907745,0.286089688539505,0.41401711106300354,0.03425876051187515,0.0,0.1203562542796135,0.11634945124387741,0.11634945124387741,0.17792318761348724,0.04047843813896179,-1.854668502110357e-10,0.0,0.0,3.7495195865631104,3.7495195865631104,2.639789342880249,2.639789342880249,0.6782357096672058,0.0,0.0,0.0,0.0,0.27876731753349304,0.11527739465236664,0.005334909539669752,0.7187458872795105,0.557241678237915,0.03553921729326248,2.606736421585083,2.6512670516967773,2.639789342880249,2.642883777618408,2.7448129653930664,0.19312551617622375,0.08364275842905045,1.0,2.5934982299804688,2.5182907581329346,2.537377119064331,0.0,0.0,0.0,0.0,0.0,0.0,0.0,,,,,,,,,,,,,,,,,0.0005
13,4260,train,0.03783483803272247,0.11209572106599808,0.11661389470100403,0.0,0.00610007531940937,0.00610007531940937,0.0,3.2417209148406982,9.999999747378752e-05,0.029999999329447746,0.029999999329447746,0.029999999329447746,0.0010000000474974513,0.0010000000474974513,0.09739328920841217,0.000598520040512085,0.0,0.0,0.0,0.0,-1.6364805698394775,-1.6364805698394775,1.0,-1.6364805698394775,0.0,-4.234168529510498,2.660322904586792,1.0,0.09739328920841217,1.0,0.0,0.0,0.09739328920841217,0.0,0.0,0.000598520040512085,0.0,0.3005985617637634,0.07068277150392532,0.08477680385112762,0.6141330003738403,0.5773593187332153,0.0,0.0,0.0,0.0,0.0,0.0,0.0,0.0,1.0,0.0,0.15433882176876068,0.2814580500125885,0.4179655611515045,0.03195100277662277,0.0,0.11661389470100403,0.11209572106599808,0.11209572106599808,0.16572797298431396,0.04043826088309288,4.5407861498647506e-13,0.0,0.0,3.722355365753174,3.722355365753174,2.6106128692626953,2.6106128692626953,0.6246951818466187,0.0,0.0,0.0,0.0,0.30059853196144104,0.11792723089456558,0.011804990470409393,0.8521037101745605,0.5773593187332153,0.05572916939854622,2.5944108963012695,2.6199684143066406,2.6106128692626953,2.5390708446502686,2.660322904586792,0.1928233653306961,0.08452390134334564,1.0,2.48392391204834,2.5198521614074707,2.4872772693634033,0.0,0.0,0.0,0.0,0.0,0.0,0.0,,,,,,,,,,,,,,,,,0.0005
13,4280,train,0.044881101697683334,0.11832619458436966,0.12146257609128952,0.0,0.005085623357445002,0.005085623357445002,0.0,3.231020927429199,9.999999747378752e-05,0.029999999329447746,0.029999999329447746,0.029999999329447746,0.0010000000474974513,0.0010000000474974513,0.1055377870798111,0.01817464828491211,0.0,0.0,0.0,0.0,-1.6389501094818115,-1.6389501094818115,1.0,-1.6389501094818115,0.0,-4.2582902908325195,2.754124164581299,1.0,0.1055377870798111,1.0,0.0,0.0,0.1055377870798111,0.0,0.0,0.01817464828491211,0.0,0.31817466020584106,0.06092691048979759,0.13342107832431793,0.5702707767486572,0.5933268666267395,0.0,0.0,0.0,0.0,0.0,0.0,0.0,0.0,1.0,0.0,0.17020320892333984,0.28228312730789185,0.4178081154823303,0.03207266703248024,0.0,0.12146257609128952,0.11832619458436966,0.11832619458436966,0.16646446287631989,0.01670253835618496,-5.75786585077509e-10,0.0,0.0,3.831173896789551,3.831173896789551,2.640528440475464,2.640528440475464,0.6529008746147156,0.0,0.0,0.0,0.0,0.31817466020584106,0.11724268645048141,0.016884999349713326,0.8597461581230164,0.5933268666267395,0.06856618076562881,2.618100166320801,2.6562912464141846,2.640528440475464,2.7027835845947266,2.754124164581299,0.19004976749420166,0.07984934747219086,1.0,2.5489866733551025,2.5320773124694824,2.526562213897705,0.0,0.0,0.0,0.0,0.0,0.0,0.0,,,,,,,,,,,,,,,,,0.0005
13,4300,train,0.05473088473081589,0.12749630212783813,0.13001203536987305,0.0,0.006356792990118265,0.006356792990118265,0.0,3.2448976039886475,9.999999747378752e-05,0.029999999329447746,0.029999999329447746,0.029999999329447746,0.0010000000474974513,0.0010000000474974513,0.10410523414611816,0.010425955057144165,0.0,0.0,0.0,0.0,-1.6566259860992432,-1.6566259860992432,1.0,-1.6566259860992432,0.0,-4.2874226570129395,2.6640243530273438,1.0,0.10410523414611816,1.0,0.0,0.0,0.10410523414611816,0.0,0.0,0.010425955057144165,0.0,0.31042593717575073,0.06446967273950577,0.11106093972921371,0.5141974687576294,0.5859518051147461,0.0,0.0,0.0,0.0,0.0,0.0,0.0,0.0,1.0,0.0,0.1535351276397705,0.2680586874485016,0.41020044684410095,0.03157232329249382,0.0,0.13001203536987305,0.12749630212783813,0.12749630212783813,0.16748329997062683,0.07160232216119766,-3.238460498031226e-12,0.0,0.0,3.908578634262085,3.908578634262085,2.556710958480835,2.556710958480835,0.6756024956703186,0.0,0.0,0.0,0.0,0.3104259669780731,0.1163330227136612,0.0034182341769337654,0.7122862339019775,0.5859518051147461,0.05828738212585449,2.556849241256714,2.5597996711730957,2.556710958480835,2.5834100246429443,2.6640243530273438,0.17655031383037567,0.07374902814626694,1.0,2.5420563220977783,2.450228452682495,2.4710774421691895,0.0,0.0,0.0,0.0,0.0,0.0,0.0,,,,,,,,,,,,,,,,,0.0005
13,4320,train,0.05581628531217575,0.12813489139080048,0.1307905912399292,0.0,0.005816192366182804,0.005816192366182804,0.0,3.22735595703125,9.999999747378752e-05,0.029999999329447746,0.029999999329447746,0.029999999329447746,0.0010000000474974513,0.0010000000474974513,0.1098690778017044,0.0007672309875488281,0.0,0.0,0.0,0.0,-1.6514098644256592,-1.6514098644256592,1.0,-1.6514098644256592,0.0,-4.293220043182373,2.6513993740081787,1.0,0.1098690778017044,1.0,0.0,0.0,0.1098690778017044,0.0,0.0,0.0007672309875488281,0.0,0.2992327809333801,0.06777768582105637,0.11919837445020676,0.547309935092926,0.5716648697853088,0.0,0.0,0.0,0.0,0.0,0.0,0.0,0.0,1.0,0.0,0.16289585828781128,0.27295535802841187,0.40927809476852417,0.031927891075611115,0.0,0.1307905912399292,0.12813489139080048,0.12813489139080048,0.17360326647758484,0.0617503859102726,-4.672029429997338e-10,0.0,0.0,3.832270860671997,3.832270860671997,2.590749740600586,2.590749740600586,0.6886440515518188,0.0,0.0,0.0,0.0,0.2992327809333801,0.1247980147600174,0.0055693998001515865,0.8412087559700012,0.5716648697853088,0.06009497866034508,2.5712192058563232,2.598269462585449,2.590749740600586,2.5968501567840576,2.6513993740081787,0.18241330981254578,0.0754307210445404,1.0,2.4574527740478516,2.500302314758301,2.4694929122924805,0.0,0.0,0.0,0.0,0.0,0.0,0.0,,,,,,,,,,,,,,,,,0.0005
13,4340,train,0.049777138978242874,0.12365498393774033,0.12644121050834656,0.0,0.005921580363065004,0.005921580363065004,0.0,3.1686320304870605,9.999999747378752e-05,0.029999999329447746,0.029999999329447746,0.029999999329447746,0.0010000000474974513,0.0010000000474974513,0.09689389169216156,0.008059203624725342,0.0,0.0,0.0,0.0,-1.6627593040466309,-1.6627593040466309,1.0,-1.6627593040466309,0.0,-4.302391529083252,2.6313023567199707,1.0,0.09689389169216156,1.0,0.0,0.0,0.09689389169216156,0.0,0.0,0.008059203624725342,0.0,0.2919408082962036,0.06007930263876915,0.13146398961544037,0.5644862651824951,0.57342529296875,0.0,0.0,0.0,0.0,0.0,0.0,0.0,0.0,1.0,0.0,0.15300233662128448,0.26974204182624817,0.40567952394485474,0.03405942767858505,0.0,0.12644121050834656,0.12365498393774033,0.12365498393774033,0.15914592146873474,0.020039014518260956,2.9567592818580124e-10,0.0,0.0,3.8762106895446777,3.876211166381836,2.560407876968384,2.560407876968384,0.618439793586731,0.0,0.0,0.0,0.0,0.2919408082962036,0.11032132804393768,0.008621875196695328,0.816738486289978,0.57342529296875,0.03723958507180214,2.5367112159729004,2.5714030265808105,2.560407876968384,2.549391508102417,2.6313023567199707,0.1837005466222763,0.07775343209505081,1.0,2.5997023582458496,2.52374267578125,2.4880740642547607,0.0,0.0,0.0,0.0,0.0,0.0,0.0,,,,,,,,,,,,,,,,,0.0005
13,4342,train_epoch,0.04980435099698113,0.12233450047359495,0.12610291216723218,0.0,0.005715390119400478,0.005715390119400478,0.0,3.209349222525865,9.999999747378752e-05,0.029999999329447746,0.029999999329447746,0.029999999329447746,0.0010000000474974513,0.0010000000474974513,0.10155520866998656,0.009020138643458932,0.0,0.0,0.0,0.0,-1.6392284463979527,-1.6392284463979527,1.0,-1.6392284463979527,0.0,-4.262083070720741,2.683726455637081,1.0,0.10155520866998656,1.0,0.0,0.0,0.10155520866998656,0.0,0.0,0.009020138643458932,0.0,0.3004690148159415,0.07027598990205519,0.1070239764309215,0.558942920612004,0.5741197829118032,0.0,0.0,0.0,0.0,0.0,0.0,0.0,0.0,1.0,0.0,0.16438780501931013,0.2748752240381555,0.41400229930877686,0.032895130423193204,0.0,0.12610291216723218,0.12233450047359495,0.12233450047359495,0.16200572573496197,0.038877342702271236,1.5586247002781892e-11,0.0,0.0,3.8133390056872796,3.8133390049734515,2.5938405897802936,2.5938405897802936,0.6315617852225275,0.0,0.0,0.0,0.0,0.30046901142525817,0.12152290252779058,0.0076739397475044215,0.8123755576367864,0.5741197829118032,0.0594801700556885,2.5905231972654423,2.602275266618786,2.5938405897802936,2.5870230747554115,2.683726455637081,0.18919485905570185,0.08070572490196028,1.0,2.502202731406617,2.5027979362510635,2.5027799713397454,0.0,0.0,0.0,0.0,0.0,0.0,0.0,,,,,,,,,,,,,,,,,0.0005
13,4342,val,,,,,,,,,,,,,,,,,,,,,,,,,,,,,,,,,,,,,,,,,,,,,,,,,,,,,,,,,,,,,,,,,,,,,,,,,,,,,,,,,,,,,,,,,,,,,,,,,,,17.543112028826464,789.1126080762159,28.091148215696272,11.459696103860667,16.053737335376912,25.47651270746106,10.301304267333434,17.544274059501856,28.133811083405465,11.33967654769485,20.06979596937025,31.931470578679917,13.473796200107884,17.543112028826464,28.091148215696272,11.459696103860667,0.0005
14,4360,train,0.04575948044657707,0.11887115985155106,0.12348786741495132,0.0,0.005760979373008013,0.005760979373008013,0.0,3.219696521759033,9.999999747378752e-05,0.029999999329447746,0.029999999329447746,0.029999999329447746,0.0010000000474974513,0.0010000000474974513,0.09486020356416702,0.0004964768886566162,0.0,0.0,0.0,0.0,-1.6399903297424316,-1.6399903297424316,1.0,-1.6399903297424316,0.0,-4.261350631713867,2.6658496856689453,1.0,0.09486020356416702,1.0,0.0,0.0,0.09486020356416702,0.0,0.0,0.0004964768886566162,0.0,0.30049648880958557,0.08516393601894379,0.07802329957485199,0.6240928769111633,0.5679196715354919,0.0,0.0,0.0,0.0,0.0,0.0,0.0,0.0,1.0,0.0,0.1653980016708374,0.28072088956832886,0.4127713441848755,0.03264131397008896,0.0,0.12348786741495132,0.11887115985155106,0.11887115985155106,0.1655542254447937,0.04032043367624283,-2.89775203832221e-10,0.0,0.0,3.8348453044891357,3.8348453044891357,2.573469400405884,2.573469400405884,0.6494606137275696,0.0,0.0,0.0,0.0,0.30049648880958557,0.13109365105628967,0.002443028846755624,0.8362529277801514,0.5679196715354919,0.0758884847164154,2.612460136413574,2.573726177215576,2.573469400405884,2.563307523727417,2.6658496856689453,0.19067367911338806,0.0817301943898201,1.0,2.5157361030578613,2.46651554107666,2.449221611022949,0.0,0.0,0.0,0.0,0.0,0.0,0.0,,,,,,,,,,,,,,,,,0.0005
14,4380,train,0.049765776842832565,0.12342966347932816,0.12662373483181,0.0,0.0055132596753537655,0.0055132596753537655,0.0,3.2186663150787354,9.999999747378752e-05,0.029999999329447746,0.029999999329447746,0.029999999329447746,0.0010000000474974513,0.0010000000474974513,0.10038244724273682,0.007516950368881226,0.0,0.0,0.0,0.0,-1.659730076789856,-1.659730076789856,1.0,-1.659730076789856,0.0,-4.273497104644775,2.659437417984009,1.0,0.10038244724273682,1.0,0.0,0.0,0.10038244724273682,0.0,0.0,0.007516950368881226,0.0,0.3075169622898102,0.06747924536466599,0.12431676685810089,0.5485658645629883,0.5844932198524475,0.0,0.0,0.0,0.0,0.0,0.0,0.0,0.0,1.0,0.0,0.15777923166751862,0.2694476544857025,0.41264650225639343,0.0325549952685833,0.0,0.12662373483181,0.12342966347932816,0.12342966347932816,0.1694425791501999,0.0606578066945076,-3.283918970087285e-10,0.0,0.0,3.8702433109283447,3.8702433109283447,2.591187000274658,2.591187000274658,0.6754490733146667,0.0,0.0,0.0,0.0,0.3075169622898102,0.11583621799945831,0.0044279699213802814,0.8168368339538574,0.5844932198524475,0.05698529630899429,2.5636332035064697,2.605567693710327,2.591187000274658,2.576582193374634,2.659437417984009,0.18109115958213806,0.07355386018753052,1.0,2.5689010620117188,2.4839999675750732,2.4896292686462402,0.0,0.0,0.0,0.0,0.0,0.0,0.0,,,,,,,,,,,,,,,,,0.0005
14,4400,train,0.0670795664191246,0.13540850579738617,0.1393406242132187,0.0,0.006325206253677607,0.006325206253677607,0.0,3.244344711303711,9.999999747378752e-05,0.029999999329447746,0.029999999329447746,0.029999999329447746,0.0010000000474974513,0.0010000000474974513,0.09937091171741486,0.0022791922092437744,0.0,0.0,0.0,0.0,-1.6135482788085938,-1.6135482788085938,1.0,-1.6135482788085938,0.0,-4.209588527679443,2.676840305328369,1.0,0.09937091171741486,1.0,0.0,0.0,0.09937091171741486,0.0,0.0,0.0022791922092437744,0.0,0.30227920413017273,0.07780011743307114,0.12399088591337204,0.6648845672607422,0.5695322155952454,0.0,0.0,0.0,0.0,0.0,0.0,0.0,0.0,1.0,0.0,0.1540539711713791,0.28031638264656067,0.4195334315299988,0.031981226056814194,0.0,0.1393406242132187,0.13540850579738617,0.13540850579738617,0.16481353342533112,0.06938330084085464,9.490981611737226e-11,0.0,0.0,3.896238088607788,3.896238088607788,2.575380325317383,2.575380325317383,0.6625657677650452,0.0,0.0,0.0,0.0,0.30227920413017273,0.1321466714143753,0.00860204454511404,0.839920699596405,0.5695322155952454,0.07189032435417175,2.561431646347046,2.5935981273651123,2.575380325317383,2.5565381050109863,2.676840305328369,0.1833609640598297,0.07755398005247116,1.0,2.57565975189209,2.515746593475342,2.511514186859131,0.0,0.0,0.0,0.0,0.0,0.0,0.0,,,,,,,,,,,,,,,,,0.0005
14,4420,train,0.052951350808143616,0.12584589421749115,0.12865041196346283,0.0,0.006088344845920801,0.006088344845920801,0.0,3.235623359680176,9.999999747378752e-05,0.029999999329447746,0.029999999329447746,0.029999999329447746,0.0010000000474974513,0.0010000000474974513,0.09620898962020874,0.00823962688446045,0.0,0.0,0.0,0.0,-1.6539216041564941,-1.6539216041564941,1.0,-1.6539216041564941,0.0,-4.288123607635498,2.6387054920196533,1.0,0.09620898962020874,1.0,0.0,0.0,0.09620898962020874,0.0,0.0,0.00823962688446045,0.0,0.3082396388053894,0.08164886385202408,0.10826709866523743,0.6243165731430054,0.5809692740440369,0.0,0.0,0.0,0.0,0.0,0.0,0.0,0.0,1.0,0.0,0.14589785039424896,0.2738831043243408,0.39933282136917114,0.03149030730128288,0.0,0.12865041196346283,0.12584589421749115,0.12584589421749115,0.16226956248283386,0.05209185928106308,-1.536153287906572e-10,0.0,0.0,3.806065559387207,3.806065559387207,2.503898859024048,2.503898859024048,0.6373363137245178,0.0,0.0,0.0,0.0,0.3082396388053894,0.12287238985300064,0.008062044158577919,0.8591673970222473,0.5809692740440369,0.06683517247438431,2.503774642944336,2.5099058151245117,2.503898859024048,2.562917709350586,2.6387054920196533,0.17980198562145233,0.07447966188192368,1.0,2.438358783721924,2.4749035835266113,2.502825975418091,0.0,0.0,0.0,0.0,0.0,0.0,0.0,,,,,,,,,,,,,,,,,0.0005
14,4440,train,0.03155577927827835,0.10529038310050964,0.10941135138273239,0.0,0.005099718924611807,0.005099718924611807,0.0,3.2718567848205566,9.999999747378752e-05,0.029999999329447746,0.029999999329447746,0.029999999329447746,0.0010000000474974513,0.0010000000474974513,0.08988843113183975,0.011263728141784668,0.0,0.0,0.0,0.0,-1.60330331325531,-1.60330331325531,1.0,-1.60330331325531,0.0,-4.1821513175964355,2.824826955795288,1.0,0.08988843113183975,1.0,0.0,0.0,0.08988843113183975,0.0,0.0,0.011263728141784668,0.0,0.2887362837791443,0.0782422125339508,0.08353516459465027,0.5608198642730713,0.561974048614502,0.0,0.0,0.0,0.0,0.0,0.0,0.0,0.0,1.0,0.0,0.17471157014369965,0.2839283347129822,0.43094125390052795,0.03135642781853676,0.0,0.10941135138273239,0.10529038310050964,0.10529038310050964,0.15552853047847748,-0.0027179308235645294,1.3269972620744142e-10,0.0,0.0,3.7370355129241943,3.7370355129241943,2.718921422958374,2.718921422958374,0.5899416208267212,0.0,0.0,0.0,0.0,0.2887362837791443,0.12297502160072327,0.005010911729186773,0.8060211539268494,0.561974048614502,0.046200983226299286,2.7241835594177246,2.7305314540863037,2.718921422958374,2.6617605686187744,2.824826955795288,0.20416712760925293,0.09047931432723999,1.0,2.4597856998443604,2.4289770126342773,2.4657318592071533,0.0,0.0,0.0,0.0,0.0,0.0,0.0,,,,,,,,,,,,,,,,,0.0005
14,4460,train,0.04058925062417984,0.11242777109146118,0.11613094061613083,0.0,0.0060922810807824135,0.0060922810807824135,0.0,3.2637600898742676,9.999999747378752e-05,0.029999999329447746,0.029999999329447746,0.029999999329447746,0.0010000000474974513,0.0010000000474974513,0.0937390998005867,0.020241528749465942,0.0,0.0,0.0,0.0,-1.5947972536087036,-1.5947972536087036,1.0,-1.5947972536087036,0.0,-4.181230068206787,2.813516855239868,1.0,0.0937390998005867,1.0,0.0,0.0,0.0937390998005867,0.0,0.0,0.020241528749465942,0.0,0.279758483171463,0.07212421298027039,0.08246847987174988,0.5398873090744019,0.5592040419578552,0.0,0.0,0.0,0.0,0.0,0.0,0.0,0.0,1.0,0.0,0.16281089186668396,0.28457409143447876,0.4347539246082306,0.03161514922976494,0.0,0.11613094061613083,0.11242777109146118,0.11242777109146118,0.17103615403175354,-0.011703419499099255,2.691984135605452e-11,0.0,0.0,3.7533531188964844,3.7533531188964844,2.741863250732422,2.741863250732422,0.6487596035003662,0.0,0.0,0.0,0.0,0.279758483171463,0.11353354901075363,0.005558795761317015,0.7860971093177795,0.5592040419578552,0.03328737989068031,2.7394790649414062,2.7479143142700195,2.741863250732422,2.6824252605438232,2.813516855239868,0.20569849014282227,0.09175306558609009,1.0,2.448756694793701,2.4726381301879883,2.517338275909424,0.0,0.0,0.0,0.0,0.0,0.0,0.0,,,,,,,,,,,,,,,,,0.0005
14,4480,train,0.045912403613328934,0.12126103788614273,0.12365440279245377,0.0,0.005905777681618929,0.005905777681618929,0.0,3.243150472640991,9.999999747378752e-05,0.029999999329447746,0.029999999329447746,0.029999999329447746,0.0010000000474974513,0.0010000000474974513,0.09260600805282593,0.012928962707519531,0.0,0.0,0.0,0.0,-1.678109049797058,-1.678109049797058,1.0,-1.678109049797058,0.0,-4.347639560699463,2.5817418098449707,1.0,0.09260600805282593,1.0,0.0,0.0,0.09260600805282593,0.0,0.0,0.012928962707519531,0.0,0.3129289746284485,0.09652360528707504,0.07788731902837753,0.6852684020996094,0.577468752861023,0.0,0.0,0.0,0.0,0.0,0.0,0.0,0.0,1.0,0.0,0.14145466685295105,0.265931099653244,0.3961697816848755,0.031206458806991577,0.0,0.12365440279245377,0.12126103788614273,0.12126103788614273,0.14640434086322784,0.023215871304273605,-3.301892925744454e-10,0.0,0.0,3.8060009479522705,3.8060009479522705,2.4749605655670166,2.4749605655670166,0.5676894187927246,0.0,0.0,0.0,0.0,0.3129289746284485,0.1350286304950714,0.00301503692753613,0.8525747060775757,0.577468752861023,0.08900123089551926,2.4508216381073,2.484947443008423,2.4749605655670166,2.4949324131011963,2.5817418098449707,0.17543622851371765,0.07306811213493347,1.0,2.4697413444519043,2.4567391872406006,2.4586758613586426,0.0,0.0,0.0,0.0,0.0,0.0,0.0,,,,,,,,,,,,,,,,,0.0005
14,4500,train,0.04368402808904648,0.11774882674217224,0.12123195827007294,0.0,0.005524412728846073,0.005524412728846073,0.0,3.1859261989593506,9.999999747378752e-05,0.029999999329447746,0.029999999329447746,0.029999999329447746,0.0010000000474974513,0.0010000000474974513,0.09548965096473694,0.002249389886856079,0.0,0.0,0.0,0.0,-1.6482210159301758,-1.6482210159301758,1.0,-1.6482210159301758,0.0,-4.283431053161621,2.668886184692383,1.0,0.09548965096473694,1.0,0.0,0.0,0.09548965096473694,0.0,0.0,0.002249389886856079,0.0,0.29775065183639526,0.08281966298818588,0.0758553296327591,0.5688602328300476,0.5699142813682556,0.0,0.0,0.0,0.0,0.0,0.0,0.0,0.0,1.0,0.0,0.15622808039188385,0.28431764245033264,0.4045223593711853,0.03348866105079651,0.0,0.12123195827007294,0.11774882674217224,0.11774882674217224,0.16876018047332764,0.01861104555428028,-4.691268484791067e-10,0.0,0.0,3.7502284049987793,3.7502284049987793,2.5702831745147705,2.5702831745147705,0.6438375115394592,0.0,0.0,0.0,0.0,0.2977506220340729,0.1259879469871521,0.00685923220589757,0.7948810458183289,0.5699142813682556,0.07032782584428787,2.564901351928711,2.573631525039673,2.5702831745147705,2.6177592277526855,2.668886184692383,0.18728777766227722,0.08037982881069183,1.0,2.4678001403808594,2.492962121963501,2.4667859077453613,0.0,0.0,0.0,0.0,0.0,0.0,0.0,,,,,,,,,,,,,,,,,0.0005
14,4520,train,0.05316914990544319,0.12638545036315918,0.1298343688249588,0.0,0.006631073076277971,0.006631073076277971,0.0,3.203878164291382,9.999999747378752e-05,0.029999999329447746,0.029999999329447746,0.029999999329447746,0.0010000000474974513,0.0010000000474974513,0.09769287705421448,0.012773394584655762,0.0,0.0,0.0,0.0,-1.6635491847991943,-1.6635491847991943,1.0,-1.6635491847991943,0.0,-4.299553394317627,2.6699159145355225,1.0,0.09769287705421448,1.0,0.0,0.0,0.09769287705421448,0.0,0.0,0.012773394584655762,0.0,0.3127734065055847,0.08299753069877625,0.09850333631038666,0.5399314165115356,0.5835322737693787,0.0,0.0,0.0,0.0,0.0,0.0,0.0,0.0,1.0,0.0,0.15708109736442566,0.27770310640335083,0.40733101963996887,0.03283780440688133,0.0,0.1298343688249588,0.12638545036315918,0.12638545036315918,0.1563768982887268,0.03506740927696228,1.3924369990370167e-10,0.0,0.0,3.856027364730835,3.856027364730835,2.5690982341766357,2.5690982341766357,0.6205464005470276,0.0,0.0,0.0,0.0,0.3127734065055847,0.12517790496349335,0.003216562094166875,0.7876189947128296,0.5835322737693787,0.08268995583057404,2.558314323425293,2.576622247695923,2.5690982341766357,2.609243869781494,2.6699159145355225,0.17843642830848694,0.07618027180433273,1.0,2.434433937072754,2.4599313735961914,2.47444224357605,0.0,0.0,0.0,0.0,0.0,0.0,0.0,,,,,,,,,,,,,,,,,0.0005
14,4540,train,0.03886984661221504,0.11548452079296112,0.11839090287685394,0.0,0.0055904630571603775,0.0055904630571603775,0.0,3.2896339893341064,9.999999747378752e-05,0.029999999329447746,0.029999999329447746,0.029999999329447746,0.0010000000474974513,0.0010000000474974513,0.10159748047590256,0.00797167420387268,0.0,0.0,0.0,0.0,-1.6816517114639282,-1.6816517114639282,1.0,-1.6816517114639282,0.0,-4.325831890106201,2.6470677852630615,1.0,0.10159748047590256,1.0,0.0,0.0,0.10159748047590256,0.0,0.0,0.00797167420387268,0.0,0.2920283377170563,0.06788481026887894,0.09072568267583847,0.5169293284416199,0.5714941024780273,0.0,0.0,0.0,0.0,0.0,0.0,0.0,0.0,1.0,0.0,0.16934877634048462,0.28144776821136475,0.4130355715751648,0.030126219615340233,0.0,0.11839090287685394,0.11548452079296112,0.11548452079296112,0.16211265325546265,0.027991315349936485,9.495172703655186e-11,0.0,0.0,3.832827568054199,3.832827568054199,2.6428873538970947,2.6428873538970947,0.6369009613990784,0.0,0.0,0.0,0.0,0.2920283377170563,0.11438502371311188,0.007372166961431503,0.7838805317878723,0.5714941024780273,0.04597120359539986,2.6043758392333984,2.6560797691345215,2.6428873538970947,2.5692570209503174,2.6470677852630615,0.18678203225135803,0.08240978419780731,1.0,2.3821966648101807,2.396552562713623,2.344801664352417,0.0,0.0,0.0,0.0,0.0,0.0,0.0,,,,,,,,,,,,,,,,,0.0005
14,4560,train,0.049115169793367386,0.12526537477970123,0.12824378907680511,0.0,0.00548796821385622,0.00548796821385622,0.0,3.21905255317688,9.999999747378752e-05,0.029999999329447746,0.029999999329447746,0.029999999329447746,0.0010000000474974513,0.0010000000474974513,0.09659488499164581,0.01032942533493042,0.0,0.0,0.0,0.0,-1.7065404653549194,-1.7065404653549194,1.0,-1.7065404653549194,0.0,-4.381984233856201,2.5544369220733643,1.0,0.09659488499164581,1.0,0.0,0.0,0.09659488499164581,0.0,0.0,0.01032942533493042,0.0,0.3103294372558594,0.0760367289185524,0.1030937060713768,0.5768940448760986,0.5840351581573486,0.0,0.0,0.0,0.0,0.0,0.0,0.0,0.0,1.0,0.0,0.1420765221118927,0.2678113281726837,0.38741540908813477,0.031743116676807404,0.0,0.12824378907680511,0.12526537477970123,0.12526537477970123,0.14095821976661682,0.033126894384622574,4.7913496087348406e-11,0.0,0.0,3.7713136672973633,3.7713136672973633,2.4421069622039795,2.4421069622039795,0.5447764992713928,0.0,0.0,0.0,0.0,0.3103294372558594,0.12098530679941177,0.013169948011636734,0.7859067320823669,0.5840351581573486,0.0728553980588913,2.419053077697754,2.456052780151367,2.4421069622039795,2.5158681869506836,2.5544369220733643,0.16874034702777863,0.06855004280805588,1.0,2.3731532096862793,2.4345614910125732,2.4284753799438477,0.0,0.0,0.0,0.0,0.0,0.0,0.0,,,,,,,,,,,,,,,,,0.0005
14,4580,train,0.047818005084991455,0.12059616297483444,0.12443101406097412,0.0,0.00592756737023592,0.00592756737023592,0.0,3.2389490604400635,9.999999747378752e-05,0.029999999329447746,0.029999999329447746,0.029999999329447746,0.0010000000474974513,0.0010000000474974513,0.09088800847530365,0.005578547716140747,0.0,0.0,0.0,0.0,-1.6377090215682983,-1.6377090215682983,1.0,-1.6377090215682983,0.0,-4.2486982345581055,2.6235575675964355,1.0,0.09088800847530365,1.0,0.0,0.0,0.09088800847530365,0.0,0.0,0.005578547716140747,0.0,0.3055785596370697,0.07129920274019241,0.12745080888271332,0.5688685178756714,0.5803502798080444,0.0,0.0,0.0,0.0,0.0,0.0,0.0,0.0,1.0,0.0,0.15594294667243958,0.28102317452430725,0.4089222252368927,0.03180187568068504,0.0,0.12443101406097412,0.12059616297483444,0.12059616297483444,0.15865543484687805,0.046584352850914,5.361311394835866e-11,0.0,0.0,3.7941508293151855,3.7941508293151855,2.5342962741851807,2.5342962741851807,0.6210094094276428,0.0,0.0,0.0,0.0,0.3055785596370697,0.11964637041091919,0.010502144694328308,0.8441033363342285,0.5803502798080444,0.055254291743040085,2.5476019382476807,2.5420210361480713,2.5342962741851807,2.4869072437286377,2.6235575675964355,0.17887911200523376,0.07668974995613098,1.0,2.3882389068603516,2.480130195617676,2.5423734188079834,0.0,0.0,0.0,0.0,0.0,0.0,0.0,,,,,,,,,,,,,,,,,0.0005
14,4600,train,0.049084752798080444,0.12054654210805893,0.12560945749282837,0.0,0.00530349463224411,0.00530349463224411,0.0,3.239731550216675,9.999999747378752e-05,0.029999999329447746,0.029999999329447746,0.029999999329447746,0.0010000000474974513,0.0010000000474974513,0.0949818342924118,0.01237449049949646,0.0,0.0,0.0,0.0,-1.6195685863494873,-1.6195685863494873,1.0,-1.6195685863494873,0.0,-4.2306413650512695,2.6428520679473877,1.0,0.0949818342924118,1.0,0.0,0.0,0.0949818342924118,0.0,0.0,0.01237449049949646,0.0,0.3123745024204254,0.07511699944734573,0.09976883977651596,0.5655531287193298,0.580352246761322,0.0,0.0,0.0,0.0,0.0,0.0,0.0,0.0,1.0,0.0,0.17494237422943115,0.275978684425354,0.41889578104019165,0.03209056705236435,0.0,0.12560945749282837,0.12054654210805893,0.12054654210805893,0.1608947068452835,0.05141746997833252,-3.319335917240096e-10,0.0,0.0,3.885319948196411,3.885319948196411,2.569700002670288,2.569700002670288,0.636593759059906,0.0,0.0,0.0,0.0,0.3123745024204254,0.12683717906475067,0.006090076174587011,0.7885259389877319,0.580352246761322,0.06810662150382996,2.652453660964966,2.5665664672851562,2.569700002670288,2.4792892932891846,2.6428520679473877,0.18712250888347626,0.0805855318903923,1.0,2.419957399368286,2.4584224224090576,2.4851186275482178,0.0,0.0,0.0,0.0,0.0,0.0,0.0,,,,,,,,,,,,,,,,,0.0005
14,4620,train,0.04735063016414642,0.12392004579305649,0.12758706510066986,0.0,0.006204551085829735,0.006204551085829735,0.0,3.2145447731018066,9.999999747378752e-05,0.029999999329447746,0.029999999329447746,0.029999999329447746,0.0010000000474974513,0.0010000000474974513,0.10192246735095978,0.0008154511451721191,0.0,0.0,0.0,0.0,-1.711619257926941,-1.711619257926941,1.0,-1.711619257926941,0.0,-4.373861789703369,2.548377513885498,1.0,0.10192246735095978,1.0,0.0,0.0,0.10192246735095978,0.0,0.0,0.0008154511451721191,0.0,0.2991845905780792,0.06798310577869415,0.10142272710800171,0.5481464266777039,0.5805866122245789,0.0,0.0,0.0,0.0,0.0,0.0,0.0,0.0,1.0,0.0,0.14055600762367249,0.26667094230651855,0.3817594647407532,0.03179487586021423,0.0,0.12758706510066986,0.12392004579305649,0.12392004579305649,0.15015338361263275,0.062413327395915985,5.839480565761335e-10,0.0,0.0,3.8700146675109863,3.8700146675109863,2.4164981842041016,2.4164981842041016,0.600425660610199,0.0,0.0,0.0,0.0,0.29918456077575684,0.10995849967002869,0.010053189471364021,0.7854899168014526,0.5805866122245789,0.04578737914562225,2.4352872371673584,2.412503719329834,2.4164981842041016,2.463287353515625,2.548377513885498,0.16559454798698425,0.06786514073610306,1.0,2.3965349197387695,2.3811731338500977,2.386852741241455,0.0,0.0,0.0,0.0,0.0,0.0,0.0,,,,,,,,,,,,,,,,,0.0005
14,4640,train,0.06335931271314621,0.13556291162967682,0.13925257325172424,0.0,0.006065542344003916,0.006065542344003916,0.0,3.2460033893585205,9.999999747378752e-05,0.029999999329447746,0.029999999329447746,0.029999999329447746,0.0010000000474974513,0.0010000000474974513,0.10334330797195435,0.023527681827545166,0.0,0.0,0.0,0.0,-1.6781258583068848,-1.6781258583068848,1.0,-1.6781258583068848,0.0,-4.3239359855651855,2.576470136642456,1.0,0.10334330797195435,1.0,0.0,0.0,0.10334330797195435,0.0,0.0,0.023527681827545166,0.0,0.3235276937484741,0.06669733673334122,0.11368678510189056,0.5560187697410583,0.5927948951721191,0.0,0.0,0.0,0.0,0.0,0.0,0.0,0.0,1.0,0.0,0.14319853484630585,0.24927707016468048,0.4007575809955597,0.03111686185002327,0.0,0.13925257325172424,0.13556291162967682,0.13556291162967682,0.16266822814941406,0.08405636250972748,2.637021156992603e-10,0.0,0.0,3.8460190296173096,3.8460190296173096,2.5076727867126465,2.5076727867126465,0.6528278589248657,0.0,0.0,0.0,0.0,0.3235276937484741,0.12453639507293701,0.021329499781131744,0.8193837404251099,0.5927948951721191,0.08573836088180542,2.5089542865753174,2.5087246894836426,2.5076727867126465,2.5104212760925293,2.576470136642456,0.16992107033729553,0.06942898780107498,1.0,2.403409481048584,2.4420218467712402,2.4398579597473145,0.0,0.0,0.0,0.0,0.0,0.0,0.0,,,,,,,,,,,,,,,,,0.0005
14,4660,train,0.05702022835612297,0.12799490988254547,0.13203534483909607,0.0,0.005994121078401804,0.005994121078401804,0.0,3.284377336502075,9.999999747378752e-05,0.029999999329447746,0.029999999329447746,0.029999999329447746,0.0010000000474974513,0.0010000000474974513,0.1064634844660759,0.015603810548782349,0.0,0.0,0.0,0.0,-1.6335346698760986,-1.6335346698760986,1.0,-1.6335346698760986,0.0,-4.265618324279785,2.677769184112549,1.0,0.1064634844660759,1.0,0.0,0.0,0.1064634844660759,0.0,0.0,0.015603810548782349,0.0,0.3156037926673889,0.07328242808580399,0.08575202524662018,0.4979390501976013,0.5864814519882202,0.0,0.0,0.0,0.0,0.0,0.0,0.0,0.0,1.0,0.0,0.159842386841774,0.27172592282295227,0.41075149178504944,0.030277473852038383,0.0,0.13203534483909607,0.12799490988254547,0.12799490988254547,0.16423016786575317,0.08460752665996552,3.033155324128067e-11,0.0,0.0,3.940894603729248,3.940894603729248,2.5539495944976807,2.5539495944976807,0.67386794090271,0.0,0.0,0.0,0.0,0.3156038224697113,0.12135811150074005,0.004088665824383497,0.774398922920227,0.5864814519882202,0.06034007668495178,2.6013412475585938,2.545498847961426,2.5539495944976807,2.533252239227295,2.677769184112549,0.17629876732826233,0.07646380364894867,1.0,2.40852689743042,2.406015634536743,2.4596481323242188,0.0,0.0,0.0,0.0,0.0,0.0,0.0,,,,,,,,,,,,,,,,,0.0005
14,4676,train_epoch,0.04874799752462945,0.1215960678984662,0.12519360697287285,0.0,0.005817386194851673,0.005817386194851673,0.0,3.232370022528186,9.999999747378752e-05,0.029999999329447746,0.029999999329447746,0.029999999329447746,0.0010000000474974513,0.0010000000474974513,0.0978496987930315,0.010069327261633503,0.0,0.0,0.0,0.0,-1.641541185850155,-1.641541185850155,1.0,-1.641541185850155,0.0,-4.266904015740948,2.6805543578313498,1.0,0.0978496987930315,1.0,0.0,0.0,0.0978496987930315,0.0,0.0,0.010069327261633503,0.0,0.30029155965336785,0.07155548087404874,0.10393829470846111,0.5584720854987641,0.5752255950502293,0.0,0.0,0.0,0.0,0.0,0.0,0.0,0.0,1.0,0.0,0.1600880797305507,0.27807148345216304,0.4136078819900216,0.03211801706584628,0.0,0.12519360697287285,0.1215960678984662,0.1215960678984662,0.1614189734626673,0.03546661110859766,3.062637648166088e-11,0.0,0.0,3.8267494183100625,3.826749414740922,2.597726830465351,2.597726830465351,0.6325436516436275,0.0,0.0,0.0,0.0,0.30029155537039937,0.11918998714871035,0.008309004818225937,0.8009656360763275,0.5752255950502293,0.054940122977166835,2.589647801336414,2.6071446156073472,2.597726830465351,2.5900646084083054,2.6805543578313498,0.1847572306137599,0.07903719485966032,1.0,2.4737370285445346,2.4707627239341505,2.4708782477293187,0.0,0.0,0.0,0.0,0.0,0.0,0.0,,,,,,,,,,,,,,,,,0.0005
14,4676,val,,,,,,,,,,,,,,,,,,,,,,,,,,,,,,,,,,,,,,,,,,,,,,,,,,,,,,,,,,,,,,,,,,,,,,,,,,,,,,,,,,,,,,,,,,,,,,,,,,,17.31023681915558,773.830714732677,27.817812903473865,11.901666319048083,15.894919528617516,25.24149331585481,11.006482944832191,17.26727380408897,27.801016577243583,11.82177902341963,19.786213836154424,31.669950493127356,13.438885641527605,17.31023681915558,27.817812903473865,11.901666319048083,0.0005
14,4676,test,,,,,,,,,,,,,,,,,,,,,,,,,,,,,,,,,,,,,,,,,,,,,,,,,,,,,,,,,,,,,,,,,,,,,,,,,,,,,,,,,,,,,,,,,,,,,,,,,,,16.71208616634747,695.7431033022768,26.37694264508828,10.852711479943078,15.388656306911159,24.026295633214726,10.268129056638426,16.626556413667696,26.34232330299246,10.808666246431368,19.028190818992822,29.87177474978221,11.768086429114815,16.71208616634747,26.37694264508828,10.852711479943078,0.0005
15,4680,train,0.056022439152002335,0.13006313145160675,0.1333298683166504,0.0,0.005541874561458826,0.005541874561458826,0.0,3.2142348289489746,9.999999747378752e-05,0.029999999329447746,0.029999999329447746,0.029999999329447746,0.0010000000474974513,0.0010000000474974513,0.10036782920360565,0.00957190990447998,0.0,0.0,0.0,0.0,-1.6884046792984009,-1.6884046792984009,1.0,-1.6884046792984009,0.0,-4.354602336883545,2.5907976627349854,1.0,0.10036782920360565,1.0,0.0,0.0,0.10036782920360565,0.0,0.0,0.00957190990447998,0.0,0.30957192182540894,0.06933373957872391,0.12842896580696106,0.5665652751922607,0.5869641304016113,0.0,0.0,0.0,0.0,0.0,0.0,0.0,0.0,1.0,0.0,0.15436916053295135,0.26062318682670593,0.39386606216430664,0.032072216272354126,0.0,0.1333298683166504,0.13006313145160675,0.13006313145160675,0.15881213545799255,0.04384862631559372,-1.1405722200041879e-10,0.0,0.0,3.8304221630096436,3.8304221630096436,2.491642475128174,2.491642475128174,0.6287647485733032,0.0,0.0,0.0,0.0,0.30957192182540894,0.11556553095579147,0.030029864981770515,0.8289492130279541,0.5869641304016113,0.06164215877652168,2.4849627017974854,2.4966962337493896,2.491642475128174,2.508699417114258,2.5907976627349854,0.17063552141189575,0.07175964117050171,1.0,2.469452381134033,2.4076766967773438,2.4288899898529053,0.0,0.0,0.0,0.0,0.0,0.0,0.0,,,,,,,,,,,,,,,,,0.0005
15,4700,train,0.05959254130721092,0.12945328652858734,0.13294921815395355,0.0,0.006321990862488747,0.006321990862488747,0.0,3.2772557735443115,9.999999747378752e-05,0.029999999329447746,0.029999999329447746,0.029999999329447746,0.0010000000474974513,0.0010000000474974513,0.09978931397199631,0.006662636995315552,0.0,0.0,0.0,0.0,-1.6179070472717285,-1.6179070472717285,1.0,-1.6179070472717285,0.0,-4.234974384307861,2.740022897720337,1.0,0.09978931397199631,1.0,0.0,0.0,0.09978931397199631,0.0,0.0,0.006662636995315552,0.0,0.3066626489162445,0.09196028113365173,0.11835670471191406,0.603460431098938,0.5757076144218445,0.0,0.0,0.0,0.0,0.0,0.0,0.0,0.0,1.0,0.0,0.1698726862668991,0.29330888390541077,0.4214134216308594,0.030848149210214615,0.0,0.13294921815395355,0.12945328652858734,0.12945328652858734,0.16377241909503937,0.030783353373408318,1.0911550135661585e-10,0.0,0.0,3.743248224258423,3.743248224258423,2.6656508445739746,2.6656508445739746,0.6318494081497192,0.0,0.0,0.0,0.0,0.3066626489162445,0.12846364080905914,0.006680267862975597,0.772799551486969,0.5757076144218445,0.07136949151754379,2.628849506378174,2.677647113800049,2.6656508445739746,2.679229497909546,2.740022897720337,0.18376831710338593,0.0802195593714714,1.0,2.3705549240112305,2.418360710144043,2.3956587314605713,0.0,0.0,0.0,0.0,0.0,0.0,0.0,,,,,,,,,,,,,,,,,0.0005
15,4720,train,0.04253971204161644,0.11656451970338821,0.120547354221344,0.0,0.005184057168662548,0.005184057168662548,0.0,3.2472054958343506,9.999999747378752e-05,0.029999999329447746,0.029999999329447746,0.029999999329447746,0.0010000000474974513,0.0010000000474974513,0.09085442125797272,0.00908765196800232,0.0,0.0,0.0,0.0,-1.6452412605285645,-1.6452412605285645,1.0,-1.6452412605285645,0.0,-4.273063659667969,2.6104183197021484,1.0,0.09085442125797272,1.0,0.0,0.0,0.09085442125797272,0.0,0.0,0.00908765196800232,0.0,0.29091235995292664,0.06526654213666916,0.10686306655406952,0.5209332704544067,0.5691033005714417,0.0,0.0,0.0,0.0,0.0,0.0,0.0,0.0,1.0,0.0,0.16019460558891296,0.2781951129436493,0.40754973888397217,0.03131718933582306,0.0,0.120547354221344,0.11656451970338821,0.11656451970338821,0.17262674868106842,0.06327273696660995,-2.585606728722212e-10,0.0,0.0,3.869687080383301,3.869687080383301,2.5631754398345947,2.5631754398345947,0.6809307336807251,0.0,0.0,0.0,0.0,0.29091235995292664,0.11515364795923233,0.008259516209363937,0.8376363515853882,0.5691033005714417,0.040379904210567474,2.525367259979248,2.5780575275421143,2.5631754398345947,2.532991409301758,2.6104183197021484,0.17799416184425354,0.07660643756389618,1.0,2.5486063957214355,2.501436710357666,2.486074209213257,0.0,0.0,0.0,0.0,0.0,0.0,0.0,,,,,,,,,,,,,,,,,0.0005
15,4740,train,0.05083991214632988,0.12373682856559753,0.1284269392490387,0.0,0.005583654623478651,0.005583654623478651,0.0,3.2552402019500732,9.999999747378752e-05,0.029999999329447746,0.029999999329447746,0.029999999329447746,0.0010000000474974513,0.0010000000474974513,0.09052671492099762,0.003745466470718384,0.0,0.0,0.0,0.0,-1.6528267860412598,-1.6528267860412598,1.0,-1.6528267860412598,0.0,-4.301667213439941,2.610748529434204,1.0,0.09052671492099762,1.0,0.0,0.0,0.09052671492099762,0.0,0.0,0.003745466470718384,0.0,0.29625454545021057,0.06539837270975113,0.09783414006233215,0.49196216464042664,0.570818305015564,0.0,0.0,0.0,0.0,0.0,0.0,0.0,0.0,1.0,0.0,0.15157924592494965,0.2700558304786682,0.41622069478034973,0.03158745914697647,0.0,0.1284269392490387,0.12373682856559753,0.12373682856559753,0.1614868938922882,0.03869888186454773,3.976015350293238e-11,0.0,0.0,3.8309316635131836,3.8309316635131836,2.5915944576263428,2.5915944576263428,0.6296951770782471,0.0,0.0,0.0,0.0,0.29625454545021057,0.12021932005882263,0.0037226455751806498,0.8799031972885132,0.570818305015564,0.047794122248888016,2.570136070251465,2.606931447982788,2.5915944576263428,2.508737325668335,2.610748529434204,0.18131227791309357,0.07683771103620529,1.0,2.484677314758301,2.456476926803589,2.421294927597046,0.0,0.0,0.0,0.0,0.0,0.0,0.0,,,,,,,,,,,,,,,,,0.0005
15,4760,train,0.050948917865753174,0.1260475218296051,0.12816885113716125,0.0,0.005578826181590557,0.005578826181590557,0.0,3.221403121948242,9.999999747378752e-05,0.029999999329447746,0.029999999329447746,0.029999999329447746,0.0010000000474974513,0.0010000000474974513,0.10813064873218536,0.018986523151397705,0.0,0.0,0.0,0.0,-1.6891499757766724,-1.6891499757766724,1.0,-1.6891499757766724,0.0,-4.357193946838379,2.568437099456787,1.0,0.10813064873218536,1.0,0.0,0.0,0.10813064873218536,0.0,0.0,0.018986523151397705,0.0,0.31898656487464905,0.06480050086975098,0.11899428069591522,0.5502840280532837,0.5926083326339722,0.0,0.0,0.0,0.0,0.0,0.0,0.0,0.0,1.0,0.0,0.15437743067741394,0.2613143026828766,0.3967726230621338,0.03203120082616806,0.0,0.12816885113716125,0.1260475218296051,0.1260475218296051,0.1523827463388443,0.04861927032470703,-7.080643016355026e-11,0.0,0.0,3.950141429901123,3.950141429901123,2.520601511001587,2.520601511001587,0.6219441294670105,0.0,0.0,0.0,0.0,0.31898653507232666,0.11891763657331467,0.013098789379000664,0.8399152159690857,0.5926083326339722,0.07925858348608017,2.5252139568328857,2.525963068008423,2.520601511001587,2.5102970600128174,2.568437099456787,0.17371632158756256,0.07137411832809448,1.0,2.459212303161621,2.4426932334899902,2.4525551795959473,0.0,0.0,0.0,0.0,0.0,0.0,0.0,,,,,,,,,,,,,,,,,0.0005
15,4780,train,0.051733873784542084,0.12453826516866684,0.12820085883140564,0.0,0.005758247338235378,0.005758247338235378,0.0,3.2587921619415283,9.999999747378752e-05,0.029999999329447746,0.029999999329447746,0.029999999329447746,0.0010000000474974513,0.0010000000474974513,0.09976542741060257,0.005718588829040527,0.0,0.0,0.0,0.0,-1.6508113145828247,-1.6508113145828247,1.0,-1.6508113145828247,0.0,-4.2878499031066895,2.6245481967926025,1.0,0.09976542741060257,1.0,0.0,0.0,0.09976542741060257,0.0,0.0,0.005718588829040527,0.0,0.3057186007499695,0.0698990523815155,0.13128429651260376,0.5607017874717712,0.5778672695159912,0.0,0.0,0.0,0.0,0.0,0.0,0.0,0.0,1.0,0.0,0.15867629647254944,0.2731635570526123,0.4054695963859558,0.031053967773914337,0.0,0.12820085883140564,0.12453826516866684,0.12453826516866684,0.15873393416404724,0.04833437502384186,-3.9533107343281415e-10,0.0,0.0,3.9036026000976562,3.9036026000976562,2.5580320358276367,2.5580320358276367,0.6408547759056091,0.0,0.0,0.0,0.0,0.3057186007499695,0.12391231209039688,0.0055065941996872425,0.8082907795906067,0.5778672695159912,0.061565566807985306,2.548755407333374,2.5695745944976807,2.5580320358276367,2.524035692214966,2.6245481967926025,0.17967113852500916,0.07504942268133163,1.0,2.543210029602051,2.4668333530426025,2.5021250247955322,0.0,0.0,0.0,0.0,0.0,0.0,0.0,,,,,,,,,,,,,,,,,0.0005
15,4800,train,0.04418701305985451,0.11518341302871704,0.12027674913406372,0.0,0.005622957833111286,0.005622957833111286,0.0,3.1885311603546143,9.999999747378752e-05,0.029999999329447746,0.029999999329447746,0.029999999329447746,0.0010000000474974513,0.0010000000474974513,0.09198897331953049,0.005178511142730713,0.0,0.0,0.0,0.0,-1.5939408540725708,-1.5939408540725708,1.0,-1.5939408540725708,0.0,-4.173202037811279,2.737844944000244,1.0,0.09198897331953049,1.0,0.0,0.0,0.09198897331953049,0.0,0.0,0.005178511142730713,0.0,0.30517852306365967,0.07718829810619354,0.08717823028564453,0.5916411876678467,0.5741139650344849,0.0,0.0,0.0,0.0,0.0,0.0,0.0,0.0,1.0,0.0,0.17130760848522186,0.29668495059013367,0.425326406955719,0.034084755927324295,0.0,0.12027674913406372,0.11518341302871704,0.11518341302871704,0.15824413299560547,0.02325352467596531,1.74675135466984e-11,0.0,0.0,3.8651390075683594,3.8651390075683594,2.6617538928985596,2.6617538928985596,0.6235836148262024,0.0,0.0,0.0,0.0,0.30517852306365967,0.1286228895187378,0.007723681163042784,0.8440839052200317,0.5741139650344849,0.06579350680112839,2.6788909435272217,2.673457384109497,2.6617538928985596,2.599062919616699,2.737844944000244,0.19252008199691772,0.08533447980880737,1.0,2.545830011367798,2.4631412029266357,2.4928364753723145,0.0,0.0,0.0,0.0,0.0,0.0,0.0,,,,,,,,,,,,,,,,,0.0005
15,4820,train,0.0558408759534359,0.12777407467365265,0.13109120726585388,0.0,0.0060039605014026165,0.0060039605014026165,0.0,3.2598447799682617,9.999999747378752e-05,0.029999999329447746,0.029999999329447746,0.029999999329447746,0.0010000000474974513,0.0010000000474974513,0.08728405833244324,0.008825242519378662,0.0,0.0,0.0,0.0,-1.645894169807434,-1.645894169807434,1.0,-1.645894169807434,0.0,-4.282533168792725,2.6671695709228516,1.0,0.08728405833244324,1.0,0.0,0.0,0.08728405833244324,0.0,0.0,0.008825242519378662,0.0,0.30882528424263,0.0691232979297638,0.10115163028240204,0.5680758357048035,0.5885759592056274,0.0,0.0,0.0,0.0,0.0,0.0,0.0,0.0,1.0,0.0,0.15025480091571808,0.2772544026374817,0.4048333764076233,0.03115156851708889,0.0,0.13109120726585388,0.12777407467365265,0.12777407467365265,0.16505829989910126,0.06317286193370819,-1.9815829532809914e-10,0.0,0.0,3.840557336807251,3.8405568599700928,2.5192127227783203,2.5192127227783203,0.6471288204193115,0.0,0.0,0.0,0.0,0.3088252544403076,0.1098373532295227,0.013943411409854889,0.7554583549499512,0.5885759592056274,0.04325980693101883,2.525435447692871,2.522918462753296,2.5192127227783203,2.574009895324707,2.6671695709228516,0.17605730891227722,0.07243978977203369,1.0,2.4755187034606934,2.501983642578125,2.447403907775879,0.0,0.0,0.0,0.0,0.0,0.0,0.0,,,,,,,,,,,,,,,,,0.0005
15,4840,train,0.0315379872918129,0.10731421411037445,0.11039898544549942,0.0,0.004470081068575382,0.004470081068575382,0.0,3.2745320796966553,9.999999747378752e-05,0.029999999329447746,0.029999999329447746,0.029999999329447746,0.0010000000474974513,0.0010000000474974513,0.1013207882642746,0.01058584451675415,0.0,0.0,0.0,0.0,-1.6404914855957031,-1.6404914855957031,1.0,-1.6404914855957031,0.0,-4.252273082733154,2.705625057220459,1.0,0.1013207882642746,1.0,0.0,0.0,0.1013207882642746,0.0,0.0,0.01058584451675415,0.0,0.2894141674041748,0.07728462666273117,0.06520500779151917,0.5723921060562134,0.559575080871582,0.0,0.0,0.0,0.0,0.0,0.0,0.0,0.0,1.0,0.0,0.18181385099887848,0.28506267070770264,0.4263417720794678,0.030926765874028206,0.0,0.11039898544549942,0.10731421411037445,0.10731421411037445,0.15496842563152313,0.03124004229903221,-4.1743780654357465e-10,0.0,0.0,3.882720947265625,3.882720947265625,2.7053604125976562,2.7053604125976562,0.6231806874275208,0.0,0.0,0.0,0.0,0.2894141674041748,0.12713122367858887,0.0019659288227558136,0.847694456577301,0.559575080871582,0.05674019828438759,2.682332992553711,2.7178444862365723,2.7053604125976562,2.6218068599700928,2.705625057220459,0.1911601424217224,0.08275284618139267,1.0,2.4678990840911865,2.49251651763916,2.4454474449157715,0.0,0.0,0.0,0.0,0.0,0.0,0.0,,,,,,,,,,,,,,,,,0.0005
15,4860,train,0.041275784373283386,0.11559539288282394,0.11768028140068054,0.0,0.005482348147779703,0.005482348147779703,0.0,3.2713146209716797,9.999999747378752e-05,0.029999999329447746,0.029999999329447746,0.029999999329447746,0.0010000000474974513,0.0010000000474974513,0.08740106225013733,0.007313460111618042,0.0,0.0,0.0,0.0,-1.6406999826431274,-1.6406999826431274,1.0,-1.6406999826431274,0.0,-4.280474662780762,2.723447322845459,1.0,0.08740106225013733,1.0,0.0,0.0,0.08740106225013733,0.0,0.0,0.007313460111618042,0.0,0.3073135018348694,0.08369861543178558,0.08923199027776718,0.5800836086273193,0.5803640484809875,0.0,0.0,0.0,0.0,0.0,0.0,0.0,0.0,1.0,0.0,0.16023224592208862,0.2794654369354248,0.4036131799221039,0.030661143362522125,0.0,0.11768028140068054,0.11559539288282394,0.11559539288282394,0.15600575506687164,0.02267829328775406,3.692946642930295e-11,0.0,0.0,3.7742295265197754,3.7742295265197754,2.565100908279419,2.565100908279419,0.606846272945404,0.0,0.0,0.0,0.0,0.307313472032547,0.12299332767724991,0.019581075757741928,0.7999885678291321,0.5803640484809875,0.06537990272045135,2.555406332015991,2.568878412246704,2.565100908279419,2.608246326446533,2.723447322845459,0.18029092252254486,0.07576978206634521,1.0,2.401965856552124,2.3912816047668457,2.460850238800049,0.0,0.0,0.0,0.0,0.0,0.0,0.0,,,,,,,,,,,,,,,,,0.0005
15,4880,train,0.042686402797698975,0.11632588505744934,0.11869350075721741,0.0,0.005975472740828991,0.005975472740828991,0.0,3.2935121059417725,9.999999747378752e-05,0.029999999329447746,0.029999999329447746,0.029999999329447746,0.0010000000474974513,0.0010000000474974513,0.09034806489944458,0.016869813203811646,0.0,0.0,0.0,0.0,-1.633233666419983,-1.633233666419983,1.0,-1.633233666419983,0.0,-4.254639625549316,2.6896817684173584,1.0,0.09034806489944458,1.0,0.0,0.0,0.09034806489944458,0.0,0.0,0.016869813203811646,0.0,0.3168698251247406,0.07094084471464157,0.12670783698558807,0.5761613249778748,0.5909970998764038,0.0,0.0,0.0,0.0,0.0,0.0,0.0,0.0,1.0,0.0,0.1545010507106781,0.2828746736049652,0.4190939664840698,0.03048686496913433,0.0,0.11869350075721741,0.11632588505744934,0.11632588505744934,0.16427168250083923,0.010731860995292664,5.332165264881894e-10,0.0,0.0,3.759627103805542,3.759627103805542,2.6400885581970215,2.6400885581970215,0.628124475479126,0.0,0.0,0.0,0.0,0.3168698251247406,0.11896996945142746,0.02556205354630947,0.7830412983894348,0.5909970998764038,0.07239583879709244,2.6204400062561035,2.6495728492736816,2.6400885581970215,2.591529369354248,2.6896817684173584,0.18968434631824493,0.0822860598564148,1.0,2.391326665878296,2.4438796043395996,2.45819091796875,0.0,0.0,0.0,0.0,0.0,0.0,0.0,,,,,,,,,,,,,,,,,0.0005
15,4900,train,0.05906451866030693,0.13056078553199768,0.13449542224407196,0.0,0.006594142876565456,0.006594142876565456,0.0,3.2177062034606934,9.999999747378752e-05,0.029999999329447746,0.029999999329447746,0.029999999329447746,0.0010000000474974513,0.0010000000474974513,0.08974950015544891,0.02019590139389038,0.0,0.0,0.0,0.0,-1.6504149436950684,-1.6504149436950684,1.0,-1.6504149436950684,0.0,-4.28168249130249,2.593327522277832,1.0,0.08974950015544891,1.0,0.0,0.0,0.08974950015544891,0.0,0.0,0.02019590139389038,0.0,0.27980414032936096,0.0741826593875885,0.07893233746290207,0.526600182056427,0.5521937012672424,0.0,0.0,0.0,0.0,0.0,0.0,0.0,0.0,1.0,0.0,0.1388467401266098,0.2830635607242584,0.3978457748889923,0.032409124076366425,0.0,0.13449542224407196,0.13056078553199768,0.13056078553199768,0.17961661517620087,0.06069529056549072,3.347040145040836e-10,0.0,0.0,3.7790462970733643,3.7790462970733643,2.4966952800750732,2.4966952800750732,0.6965190172195435,0.0,0.0,0.0,0.0,0.2798041105270386,0.12308258563280106,0.003937877248972654,0.8263093829154968,0.5521937012672424,0.03713235631585121,2.4804060459136963,2.509324789047241,2.4966952800750732,2.5120792388916016,2.593327522277832,0.17246806621551514,0.07207290828227997,1.0,2.3986454010009766,2.4520316123962402,2.4393150806427,0.0,0.0,0.0,0.0,0.0,0.0,0.0,,,,,,,,,,,,,,,,,0.0005
15,4920,train,0.049632638692855835,0.12445566803216934,0.1270827054977417,0.0,0.005695895757526159,0.005695895757526159,0.0,3.258585214614868,9.999999747378752e-05,0.029999999329447746,0.029999999329447746,0.029999999329447746,0.0010000000474974513,0.0010000000474974513,0.1038505956530571,0.004758954048156738,0.0,0.0,0.0,0.0,-1.6807485818862915,-1.6807485818862915,1.0,-1.6807485818862915,0.0,-4.330833911895752,2.633831262588501,1.0,0.1038505956530571,1.0,0.0,0.0,0.1038505956530571,0.0,0.0,0.004758954048156738,0.0,0.2952410578727722,0.06626573950052261,0.09886356443166733,0.5276249051094055,0.579617977142334,0.0,0.0,0.0,0.0,0.0,0.0,0.0,0.0,1.0,0.0,0.16126106679439545,0.27050334215164185,0.4050447344779968,0.031097296625375748,0.0,0.1270827054977417,0.12445566803216934,0.12445566803216934,0.1552879363298416,0.042227137833833694,-2.3800725279521373e-10,0.0,0.0,3.972216844558716,3.972216844558716,2.586130380630493,2.586130380630493,0.639138400554657,0.0,0.0,0.0,0.0,0.2952410578727722,0.10371960699558258,0.007586095482110977,0.7794529795646667,0.579617977142334,0.026960786432027817,2.594834566116333,2.582786798477173,2.586130380630493,2.575972080230713,2.633831262588501,0.17577260732650757,0.07379887998104095,1.0,2.4526846408843994,2.4305572509765625,2.4163174629211426,0.0,0.0,0.0,0.0,0.0,0.0,0.0,,,,,,,,,,,,,,,,,0.0005
15,4940,train,0.045009564608335495,0.11888717859983444,0.12277986854314804,0.0,0.006105001084506512,0.006105001084506512,0.0,3.2805521488189697,9.999999747378752e-05,0.029999999329447746,0.029999999329447746,0.029999999329447746,0.0010000000474974513,0.0010000000474974513,0.09417000412940979,0.005958050489425659,0.0,0.0,0.0,0.0,-1.6507488489151,-1.6507488489151,1.0,-1.6507488489151,0.0,-4.271878242492676,2.7207658290863037,1.0,0.09417000412940979,1.0,0.0,0.0,0.09417000412940979,0.0,0.0,0.005958050489425659,0.0,0.3059580624103546,0.0692535862326622,0.10275441408157349,0.5510530471801758,0.5877935290336609,0.0,0.0,0.0,0.0,0.0,0.0,0.0,0.0,1.0,0.0,0.15068960189819336,0.2784360945224762,0.4092673063278198,0.030500974506139755,0.0,0.12277986854314804,0.11888717859983444,0.11888717859983444,0.16783535480499268,0.010098070837557316,-7.746928792906616e-11,0.0,0.0,3.8447840213775635,3.8447840213775635,2.605072498321533,2.605072498321533,0.6511242985725403,0.0,0.0,0.0,0.0,0.3059580624103546,0.10791172087192535,0.011534770019352436,0.7849724292755127,0.5877935290336609,0.04970894753932953,2.5788261890411377,2.6144962310791016,2.605072498321533,2.6108012199401855,2.7207658290863037,0.1814158707857132,0.07754114270210266,1.0,2.4116687774658203,2.4392917156219482,2.4543867111206055,0.0,0.0,0.0,0.0,0.0,0.0,0.0,,,,,,,,,,,,,,,,,0.0005
15,4960,train,0.05029560625553131,0.12410949170589447,0.12782573699951172,0.0,0.00594553304836154,0.00594553304836154,0.0,3.2917208671569824,9.999999747378752e-05,0.029999999329447746,0.029999999329447746,0.029999999329447746,0.0010000000474974513,0.0010000000474974513,0.09168964624404907,0.024145454168319702,0.0,0.0,0.0,0.0,-1.6667066812515259,-1.6667066812515259,1.0,-1.6667066812515259,0.0,-4.304026126861572,2.5851640701293945,1.0,0.09168964624404907,1.0,0.0,0.0,0.09168964624404907,0.0,0.0,0.024145454168319702,0.0,0.32414546608924866,0.052462391555309296,0.12215377390384674,0.5557076334953308,0.6006352305412292,0.0,0.0,0.0,0.0,0.0,0.0,0.0,0.0,1.0,0.0,0.15125295519828796,0.27470478415489197,0.40021324157714844,0.029963133856654167,0.0,0.12782573699951172,0.12410949170589447,0.12410949170589447,0.17443807423114777,0.07429883629083633,-3.316625403135265e-12,0.0,0.0,3.9271719455718994,3.9271719455718994,2.5119576454162598,2.5119576454162598,0.7061209678649902,0.0,0.0,0.0,0.0,0.32414546608924866,0.11092499643564224,0.004825188312679529,0.8379642367362976,0.6006352305412292,0.05471814051270485,2.5131847858428955,2.5139520168304443,2.5119576454162598,2.5365376472473145,2.5851640701293945,0.1716989278793335,0.07194783538579941,1.0,2.412461280822754,2.483783483505249,2.4100985527038574,0.0,0.0,0.0,0.0,0.0,0.0,0.0,,,,,,,,,,,,,,,,,0.0005
15,4980,train,0.04599057883024216,0.11941833794116974,0.12192437797784805,0.0,0.005365452263504267,0.005365452263504267,0.0,3.289146900177002,9.999999747378752e-05,0.029999999329447746,0.029999999329447746,0.029999999329447746,0.0010000000474974513,0.0010000000474974513,0.10433217883110046,0.007051199674606323,0.0,0.0,0.0,0.0,-1.6402316093444824,-1.6402316093444824,1.0,-1.6402316093444824,0.0,-4.281334400177002,2.7800586223602295,1.0,0.10433217883110046,1.0,0.0,0.0,0.10433217883110046,0.0,0.0,0.007051199674606323,0.0,0.29294881224632263,0.05649283155798912,0.11738613247871399,0.5069795250892639,0.5808694958686829,0.0,0.0,0.0,0.0,0.0,0.0,0.0,0.0,1.0,0.0,0.1730237752199173,0.28476059436798096,0.4266777038574219,0.030832946300506592,0.0,0.12192437797784805,0.11941833794116974,0.11941833794116974,0.15877407789230347,-0.00601097010076046,4.3659281745433987e-10,0.0,0.0,3.888633966445923,3.888633966445923,2.7446272373199463,2.7446272373199463,0.6236184239387512,0.0,0.0,0.0,0.0,0.29294881224632263,0.09841997921466827,0.024021774530410767,0.7274569869041443,0.5808694958686829,0.02691482938826084,2.6924495697021484,2.7626986503601074,2.7446272373199463,2.7317566871643066,2.7800586223602295,0.1875687539577484,0.08067602664232254,1.0,2.3381667137145996,2.4468019008636475,2.4107959270477295,0.0,0.0,0.0,0.0,0.0,0.0,0.0,,,,,,,,,,,,,,,,,0.0005
15,5000,train,0.06140051782131195,0.13158009946346283,0.13522030413150787,0.0,0.006543480325490236,0.006543480325490236,0.0,3.237415313720703,9.999999747378752e-05,0.029999999329447746,0.029999999329447746,0.029999999329447746,0.0010000000474974513,0.0010000000474974513,0.1006634458899498,0.010260611772537231,0.0,0.0,0.0,0.0,-1.6309101581573486,-1.6309101581573486,1.0,-1.6309101581573486,0.0,-4.256707668304443,2.7430691719055176,1.0,0.1006634458899498,1.0,0.0,0.0,0.1006634458899498,0.0,0.0,0.010260611772537231,0.0,0.2897394001483917,0.0696646198630333,0.09369831532239914,0.5147650241851807,0.569416880607605,0.0,0.0,0.0,0.0,0.0,0.0,0.0,0.0,1.0,0.0,0.15317244827747345,0.2779727876186371,0.4133475720882416,0.032046426087617874,0.0,0.13522030413150787,0.13158009946346283,0.13158009946346283,0.1800813227891922,0.029819926247000694,4.3877257382973767e-10,0.0,0.0,3.8472506999969482,3.8472506999969482,2.624633550643921,2.624633550643921,0.7049832940101624,0.0,0.0,0.0,0.0,0.2897394001483917,0.11381639540195465,0.007351116742938757,0.7640089392662048,0.569416880607605,0.044148288667201996,2.626039505004883,2.629124641418457,2.624633550643921,2.6529955863952637,2.7430691719055176,0.18678994476795197,0.07875574380159378,1.0,2.512246608734131,2.4953081607818604,2.46956729888916,0.0,0.0,0.0,0.0,0.0,0.0,0.0,,,,,,,,,,,,,,,,,0.0005
15,5010,train_epoch,0.047434286002493546,0.12074775384839423,0.1242598741577414,0.0,0.0058528246542070795,0.0058528246542070795,0.0,3.2549292834219106,9.999999747378752e-05,0.029999999329447746,0.029999999329447746,0.029999999329447746,0.0010000000474974513,0.0010000000474974513,0.09441671553932264,0.009962655380814376,0.0,0.0,0.0,0.0,-1.6461817036845727,-1.6461817036845727,1.0,-1.6461817036845727,0.0,-4.27698885180993,2.6690336044677005,1.0,0.09441671553932264,1.0,0.0,0.0,0.09441671553932264,0.0,0.0,0.009962655380814376,0.0,0.3010222845805619,0.07325093550774865,0.09883956959147654,0.552904487013103,0.5763092026739063,0.0,0.0,0.0,0.0,0.0,0.0,0.0,0.0,1.0,0.0,0.1568877980737629,0.2796052630076151,0.4114262110101963,0.03142868274610913,0.0,0.1242598741577414,0.12074775384839423,0.12074775384839423,0.16168867564665343,0.03388897816530843,1.4120174889659504e-11,0.0,0.0,3.847955153373901,3.847955162653666,2.590461194158314,2.590461194158314,0.6376294850589272,0.0,0.0,0.0,0.0,0.30102227949453686,0.1183665950453567,0.009059536032389827,0.7965501932326905,0.5763092026739063,0.05349563138035243,2.5788952119336157,2.6005895744540735,2.590461194158314,2.5833929056179024,2.6690336044677005,0.18064344063133536,0.07738171102936396,1.0,2.458418460663207,2.4569661574449366,2.4573975009118727,0.0,0.0,0.0,0.0,0.0,0.0,0.0,,,,,,,,,,,,,,,,,0.0005
15,5010,val,,,,,,,,,,,,,,,,,,,,,,,,,,,,,,,,,,,,,,,,,,,,,,,,,,,,,,,,,,,,,,,,,,,,,,,,,,,,,,,,,,,,,,,,,,,,,,,,,,,17.284599549061543,769.667204160948,27.74287663817413,11.29028221508404,15.927983017655107,25.293141822003864,10.102387793429264,17.284167328396357,27.79598886355014,11.178282626040348,19.625968696834803,31.38332567694828,13.308758542344377,17.284599549061543,27.74287663817413,11.29028221508404,0.0005
15,5010,test,,,,,,,,,,,,,,,,,,,,,,,,,,,,,,,,,,,,,,,,,,,,,,,,,,,,,,,,,,,,,,,,,,,,,,,,,,,,,,,,,,,,,,,,,,,,,,,,,,,16.66132795488512,690.523426365208,26.277812434927075,10.197647988259256,15.405606085115725,24.072711670603226,9.366346582636103,16.624484302761317,26.32955831779291,10.153053782007715,18.84980428111446,29.53916946675679,11.580670489921227,16.66132795488512,26.277812434927075,10.197647988259256,0.0005
16,5020,train,0.049161944538354874,0.1233457401394844,0.1258692443370819,0.0,0.005839498247951269,0.005839498247951269,0.0,3.2246005535125732,9.999999747378752e-05,0.029999999329447746,0.029999999329447746,0.029999999329447746,0.0010000000474974513,0.0010000000474974513,0.09824233502149582,0.0004991590976715088,0.0,0.0,0.0,0.0,-1.6659005880355835,-1.6659005880355835,1.0,-1.6659005880355835,0.0,-4.325277805328369,2.5884015560150146,1.0,0.09824233502149582,1.0,0.0,0.0,0.09824233502149582,0.0,0.0,0.0004991590976715088,0.0,0.30049920082092285,0.07803504168987274,0.08395515382289886,0.5405983328819275,0.5723674297332764,0.0,0.0,0.0,0.0,0.0,0.0,0.0,0.0,1.0,0.0,0.14461283385753632,0.27564358711242676,0.3926483392715454,0.03177213668823242,0.0,0.1258692443370819,0.1233457401394844,0.1233457401394844,0.1528249979019165,0.04880332946777344,-1.6606983843647782e-10,0.0,0.0,3.8522439002990723,3.8522439002990723,2.473097085952759,2.473097085952759,0.6032537221908569,0.0,0.0,0.0,0.0,0.30049917101860046,0.12331181019544601,0.005434113554656506,0.8111061453819275,0.5723674297332764,0.0520220622420311,2.4855713844299316,2.4806067943573,2.473097085952759,2.511955499649048,2.5884015560150146,0.16974854469299316,0.07081770151853561,1.0,2.3029417991638184,2.440882921218872,2.4591071605682373,0.0,0.0,0.0,0.0,0.0,0.0,0.0,,,,,,,,,,,,,,,,,0.0005
16,5040,train,0.04163152724504471,0.1156124398112297,0.11882443726062775,0.0,0.00539972260594368,0.00539972260594368,0.0,3.202338218688965,9.999999747378752e-05,0.029999999329447746,0.029999999329447746,0.029999999329447746,0.0010000000474974513,0.0010000000474974513,0.08942605555057526,0.011066317558288574,0.0,0.0,0.0,0.0,-1.6388086080551147,-1.6388086080551147,1.0,-1.6388086080551147,0.0,-4.263587951660156,2.700204610824585,1.0,0.08942605555057526,1.0,0.0,0.0,0.08942605555057526,0.0,0.0,0.011066317558288574,0.0,0.2889336943626404,0.08167622238397598,0.0756881907582283,0.5672436952590942,0.5665147304534912,0.0,0.0,0.0,0.0,0.0,0.0,0.0,0.0,1.0,0.0,0.14602698385715485,0.2845904529094696,0.40625184774398804,0.03294985368847847,0.0,0.11882443726062775,0.1156124398112297,0.1156124398112297,0.16102753579616547,-0.002526727505028248,-4.4327447268344145e-10,0.0,0.0,3.681191921234131,3.681191921234131,2.5751054286956787,2.5751054286956787,0.6039178371429443,0.0,0.0,0.0,0.0,0.2889336943626404,0.11816348135471344,0.012141043320298195,0.805112898349762,0.5665147304534912,0.04777880012989044,2.535041093826294,2.5955634117126465,2.5751054286956787,2.622276782989502,2.700204610824585,0.18258869647979736,0.07887638360261917,1.0,2.4544553756713867,2.4478211402893066,2.4718942642211914,0.0,0.0,0.0,0.0,0.0,0.0,0.0,,,,,,,,,,,,,,,,,0.0005
16,5060,train,0.04816145822405815,0.1204666867852211,0.12453477084636688,0.0,0.005185373593121767,0.005185373593121767,0.0,3.2425975799560547,9.999999747378752e-05,0.029999999329447746,0.029999999329447746,0.029999999329447746,0.0010000000474974513,0.0010000000474974513,0.08547793328762054,0.004862159490585327,0.0,0.0,0.0,0.0,-1.629705786705017,-1.629705786705017,1.0,-1.629705786705017,0.0,-4.244928359985352,2.648869037628174,1.0,0.08547793328762054,1.0,0.0,0.0,0.08547793328762054,0.0,0.0,0.004862159490585327,0.0,0.29513785243034363,0.08896519243717194,0.06377525627613068,0.5396448969841003,0.5614744424819946,0.0,0.0,0.0,0.0,0.0,0.0,0.0,0.0,1.0,0.0,0.16564089059829712,0.29270294308662415,0.4132300615310669,0.031883854418992996,0.0,0.12453477084636688,0.1204666867852211,0.1204666867852211,0.16121721267700195,0.046448130160570145,1.8459478390298045e-10,0.0,0.0,3.8626468181610107,3.8626468181610107,2.576185703277588,2.576185703277588,0.6399117708206177,0.0,0.0,0.0,0.0,0.29513785243034363,0.1328352987766266,0.0034951430279761553,0.7822293639183044,0.5614744424819946,0.0714307650923729,2.6017918586730957,2.583122730255127,2.576185703277588,2.5634169578552246,2.648869037628174,0.1844966560602188,0.08051829785108566,1.0,2.5215601921081543,2.516098737716675,2.4710440635681152,0.0,0.0,0.0,0.0,0.0,0.0,0.0,,,,,,,,,,,,,,,,,0.0005
16,5080,train,0.050815559923648834,0.12297740578651428,0.1269771307706833,0.0,0.005910260137170553,0.005910260137170553,0.0,3.276262044906616,9.999999747378752e-05,0.029999999329447746,0.029999999329447746,0.029999999329447746,0.0010000000474974513,0.0010000000474974513,0.09387006610631943,0.011766284704208374,0.0,0.0,0.0,0.0,-1.636130690574646,-1.636130690574646,1.0,-1.636130690574646,0.0,-4.254247665405273,2.6175642013549805,1.0,0.09387006610631943,1.0,0.0,0.0,0.09387006610631943,0.0,0.0,0.011766284704208374,0.0,0.3117663264274597,0.0883503258228302,0.04010433703660965,0.5965144634246826,0.5765619874000549,0.0,0.0,0.0,0.0,0.0,0.0,0.0,0.0,1.0,0.0,0.14585553109645844,0.2785738408565521,0.4094252586364746,0.03084545023739338,0.0,0.1269771307706833,0.12297740578651428,0.12297740578651428,0.15693338215351105,0.06127055734395981,-2.460334436182876e-10,0.0,0.0,3.8820712566375732,3.8820712566375732,2.5594124794006348,2.5594124794006348,0.6306664347648621,0.0,0.0,0.0,0.0,0.31176629662513733,0.1317436397075653,0.0019037376623600721,0.7846373319625854,0.5765619874000549,0.07386642694473267,2.5293710231781006,2.577503204345703,2.5594124794006348,2.504774808883667,2.6175642013549805,0.1753646284341812,0.07316777110099792,1.0,2.592121124267578,2.4596986770629883,2.4548401832580566,0.0,0.0,0.0,0.0,0.0,0.0,0.0,,,,,,,,,,,,,,,,,0.0005
16,5100,train,0.05031818151473999,0.12392836064100266,0.12795375287532806,0.0,0.0059358724392950535,0.0059358724392950535,0.0,3.3239974975585938,9.999999747378752e-05,0.029999999329447746,0.029999999329447746,0.029999999329447746,0.0010000000474974513,0.0010000000474974513,0.09002594649791718,0.009643584489822388,0.0,0.0,0.0,0.0,-1.6635180711746216,-1.6635180711746216,1.0,-1.6635180711746216,0.0,-4.310471534729004,2.639178991317749,1.0,0.09002594649791718,1.0,0.0,0.0,0.09002594649791718,0.0,0.0,0.009643584489822388,0.0,0.30964359641075134,0.08071269094944,0.07228866219520569,0.5374232530593872,0.5837662220001221,0.0,0.0,0.0,0.0,0.0,0.0,0.0,0.0,1.0,0.0,0.1511479765176773,0.2840083837509155,0.40395671129226685,0.02907593920826912,0.0,0.12795375287532806,0.12392836064100266,0.12392836064100266,0.1583363562822342,0.04898088052868843,-3.3412814182121053e-10,0.0,0.0,3.8083622455596924,3.8083622455596924,2.5183889865875244,2.5183889865875244,0.6163350939750671,0.0,0.0,0.0,0.0,0.30964359641075134,0.11798854172229767,0.004444921854883432,0.7832927107810974,0.5837662220001221,0.05246630311012268,2.5178730487823486,2.52850604057312,2.5183889865875244,2.561079978942871,2.639178991317749,0.17325593531131744,0.07282499223947525,1.0,2.260570526123047,2.3973960876464844,2.4497177600860596,0.0,0.0,0.0,0.0,0.0,0.0,0.0,,,,,,,,,,,,,,,,,0.0005
16,5120,train,0.05536074936389923,0.12690205872058868,0.12843315303325653,0.0,0.006463418249040842,0.006463418249040842,0.0,3.3197460174560547,9.999999747378752e-05,0.029999999329447746,0.029999999329447746,0.029999999329447746,0.0010000000474974513,0.0010000000474974513,0.09316535294055939,0.02131831645965576,0.0,0.0,0.0,0.0,-1.631138563156128,-1.631138563156128,1.0,-1.631138563156128,0.0,-4.281189918518066,2.6762571334838867,1.0,0.09316535294055939,1.0,0.0,0.0,0.09316535294055939,0.0,0.0,0.02131831645965576,0.0,0.2786816954612732,0.07001276314258575,0.11088060587644577,0.47040486335754395,0.5604899525642395,0.0,0.0,0.0,0.0,0.0,0.0,0.0,0.0,1.0,0.0,0.15294262766838074,0.2851715385913849,0.4139986038208008,0.02951141633093357,0.0,0.12843315303325653,0.12690205872058868,0.12690205872058868,0.16960076987743378,0.04649832099676132,1.7394639895140784e-10,0.0,0.0,3.857645273208618,3.857645273208618,2.5974416732788086,2.5974416732788086,0.6743388175964355,0.0,0.0,0.0,0.0,0.2786816954612732,0.1096998080611229,0.004583441652357578,0.7446536421775818,0.5604899525642395,0.031127452850341797,2.608156681060791,2.6004843711853027,2.5974416732788086,2.585236072540283,2.6762571334838867,0.1838507354259491,0.07676243036985397,1.0,2.487452507019043,2.433464527130127,2.4541430473327637,0.0,0.0,0.0,0.0,0.0,0.0,0.0,,,,,,,,,,,,,,,,,0.0005
16,5140,train,0.059800077229738235,0.13199594616889954,0.13696905970573425,0.0,0.006229053717106581,0.006229053717106581,0.0,3.299257755279541,9.999999747378752e-05,0.029999999329447746,0.029999999329447746,0.029999999329447746,0.0010000000474974513,0.0010000000474974513,0.09475912153720856,0.0004774630069732666,0.0,0.0,0.0,0.0,-1.6700286865234375,-1.6700286865234375,1.0,-1.6700286865234375,0.0,-4.322176933288574,2.5909695625305176,1.0,0.09475912153720856,1.0,0.0,0.0,0.09475912153720856,0.0,0.0,0.0004774630069732666,0.0,0.2995225787162781,0.06017773225903511,0.11224516481161118,0.5770374536514282,0.5829312801361084,0.0,0.0,0.0,0.0,0.0,0.0,0.0,0.0,1.0,0.0,0.14937932789325714,0.27736249566078186,0.3967735767364502,0.029736006632447243,0.0,0.13696905970573425,0.13199594616889954,0.13199594616889954,0.16166503727436066,0.05913793295621872,5.100500022336973e-10,0.0,0.0,3.899766683578491,3.899766683578491,2.516124725341797,2.516124725341797,0.6482396125793457,0.0,0.0,0.0,0.0,0.2995225489139557,0.10565458238124847,0.01617019809782505,0.7681345343589783,0.5829312801361084,0.03714767470955849,2.5070512294769287,2.5228123664855957,2.516124725341797,2.505284547805786,2.5909695625305176,0.16901521384716034,0.07126675546169281,1.0,2.403621196746826,2.4300332069396973,2.42608642578125,0.0,0.0,0.0,0.0,0.0,0.0,0.0,,,,,,,,,,,,,,,,,0.0005
16,5160,train,0.04887513816356659,0.1231204941868782,0.1265539973974228,0.0,0.005818518344312906,0.005818518344312906,0.0,3.281576156616211,9.999999747378752e-05,0.029999999329447746,0.029999999329447746,0.029999999329447746,0.0010000000474974513,0.0010000000474974513,0.09426047652959824,0.021097272634506226,0.0,0.0,0.0,0.0,-1.6695705652236938,-1.6695705652236938,1.0,-1.6695705652236938,0.0,-4.317162990570068,2.6145379543304443,1.0,0.09426047652959824,1.0,0.0,0.0,0.09426047652959824,0.0,0.0,0.021097272634506226,0.0,0.3210972845554352,0.07511415332555771,0.10189169645309448,0.5226259231567383,0.5971692204475403,0.0,0.0,0.0,0.0,0.0,0.0,0.0,0.0,1.0,0.0,0.1497543603181839,0.27658843994140625,0.4012605845928192,0.030237937346100807,0.0,0.1265539973974228,0.1231204941868782,0.1231204941868782,0.17129741609096527,0.058411262929439545,-4.2985584536303634e-10,0.0,0.0,3.9988515377044678,3.9988515377044678,2.537137508392334,2.537137508392334,0.7061914205551147,0.0,0.0,0.0,0.0,0.3210972845554352,0.11310693621635437,0.0074839661829173565,0.7600538730621338,0.5971692204475403,0.061305150389671326,2.5238826274871826,2.5445916652679443,2.537137508392334,2.5400993824005127,2.6145379543304443,0.16691090166568756,0.06974322348833084,1.0,2.464484691619873,2.4351909160614014,2.4143388271331787,0.0,0.0,0.0,0.0,0.0,0.0,0.0,,,,,,,,,,,,,,,,,0.0005
16,5180,train,0.05249428749084473,0.1291845589876175,0.1320657730102539,0.0,0.0053216624073684216,0.0053216624073684216,0.0,3.3401694297790527,9.999999747378752e-05,0.029999999329447746,0.029999999329447746,0.029999999329447746,0.0010000000474974513,0.0010000000474974513,0.09979477524757385,0.02572566270828247,0.0,0.0,0.0,0.0,-1.7287102937698364,-1.7287102937698364,1.0,-1.7287102937698364,0.0,-4.417598247528076,2.509580135345459,1.0,0.09979477524757385,1.0,0.0,0.0,0.09979477524757385,0.0,0.0,0.02572566270828247,0.0,0.3257256746292114,0.06677404791116714,0.13544291257858276,0.5937379598617554,0.603586733341217,0.0,0.0,0.0,0.0,0.0,0.0,0.0,0.0,1.0,0.0,0.14377367496490479,0.2519587278366089,0.38471436500549316,0.028099466115236282,0.0,0.1320657730102539,0.1291845589876175,0.1291845589876175,0.15970714390277863,0.07977157086133957,-1.521404391358061e-10,0.0,0.0,4.008523464202881,4.008523464202881,2.439140796661377,2.439140796661377,0.6723695397377014,0.0,0.0,0.0,0.0,0.3257256746292114,0.10894663631916046,0.030172420665621758,0.8290870189666748,0.603586733341217,0.06600797176361084,2.436194658279419,2.4399733543395996,2.439140796661377,2.4664151668548584,2.509580135345459,0.15747851133346558,0.0647602528333664,1.0,2.5237998962402344,2.401916265487671,2.4120969772338867,0.0,0.0,0.0,0.0,0.0,0.0,0.0,,,,,,,,,,,,,,,,,0.0005
16,5200,train,0.048797499388456345,0.12208794057369232,0.12377705425024033,0.0,0.006012121215462685,0.006012121215462685,0.0,3.2944560050964355,9.999999747378752e-05,0.029999999329447746,0.029999999329447746,0.029999999329447746,0.0010000000474974513,0.0010000000474974513,0.09521456062793732,0.0038321316242218018,0.0,0.0,0.0,0.0,-1.6442450284957886,-1.6442450284957886,1.0,-1.6442450284957886,0.0,-4.294083595275879,2.6232826709747314,1.0,0.09521456062793732,1.0,0.0,0.0,0.09521456062793732,0.0,0.0,0.0038321316242218018,0.0,0.30383214354515076,0.05775761231780052,0.10824035108089447,0.5083720684051514,0.5836243033409119,0.0,0.0,0.0,0.0,0.0,0.0,0.0,0.0,1.0,0.0,0.16460618376731873,0.28878942131996155,0.4138600528240204,0.0303153395652771,0.0,0.12377705425024033,0.12208794057369232,0.12208794057369232,0.16563355922698975,0.023822465911507607,-1.5017456028720844e-11,0.0,0.0,3.916468381881714,3.916468858718872,2.611215353012085,2.611215353012085,0.6647971272468567,0.0,0.0,0.0,0.0,0.30383214354515076,0.11219044029712677,0.01663282886147499,0.8072462677955627,0.5836243033409119,0.05727635324001312,2.605675220489502,2.613037586212158,2.611215353012085,2.544456958770752,2.6232826709747314,0.17860279977321625,0.08034506440162659,1.0,2.3704123497009277,2.406371593475342,2.4379782676696777,0.0,0.0,0.0,0.0,0.0,0.0,0.0,,,,,,,,,,,,,,,,,0.0005
16,5220,train,0.052875302731990814,0.1249215379357338,0.1287413090467453,0.0,0.006259050220251083,0.006259050220251083,0.0,3.2866876125335693,9.999999747378752e-05,0.029999999329447746,0.029999999329447746,0.029999999329447746,0.0010000000474974513,0.0010000000474974513,0.09780381619930267,0.0034915506839752197,0.0,0.0,0.0,0.0,-1.640203833580017,-1.640203833580017,1.0,-1.640203833580017,0.0,-4.261136054992676,2.638178825378418,1.0,0.09780381619930267,1.0,0.0,0.0,0.09780381619930267,0.0,0.0,0.0034915506839752197,0.0,0.29650846123695374,0.0780944675207138,0.09438775479793549,0.5340891480445862,0.5715712308883667,0.0,0.0,0.0,0.0,0.0,0.0,0.0,0.0,1.0,0.0,0.15511175990104675,0.27815815806388855,0.4090140759944916,0.030313821509480476,0.0,0.1287413090467453,0.1249215379357338,0.1249215379357338,0.16321776807308197,0.06991279125213623,1.9514667659592533e-10,0.0,0.0,3.949784755706787,3.949784755706787,2.5669915676116943,2.5669915676116943,0.6724079251289368,0.0,0.0,0.0,0.0,0.29650846123695374,0.1192803680896759,0.004354393109679222,0.8351135849952698,0.5715712308883667,0.04476103186607361,2.5666589736938477,2.568668842315674,2.5669915676116943,2.501824378967285,2.638178825378418,0.1735048145055771,0.07584840804338455,1.0,2.470597982406616,2.44755220413208,2.4577720165252686,0.0,0.0,0.0,0.0,0.0,0.0,0.0,,,,,,,,,,,,,,,,,0.0005
16,5240,train,0.05571141839027405,0.1283944845199585,0.13309553265571594,0.0,0.006299230270087719,0.006299230270087719,0.0,3.242297887802124,9.999999747378752e-05,0.029999999329447746,0.029999999329447746,0.029999999329447746,0.0010000000474974513,0.0010000000474974513,0.09437628835439682,0.0013058185577392578,0.0,0.0,0.0,0.0,-1.6651843786239624,-1.6651843786239624,1.0,-1.6651843786239624,0.0,-4.325796127319336,2.532942295074463,1.0,0.09437628835439682,1.0,0.0,0.0,0.09437628835439682,0.0,0.0,0.0013058185577392578,0.0,0.2986942231655121,0.06751272827386856,0.10776324570178986,0.480153888463974,0.5739603042602539,0.0,0.0,0.0,0.0,0.0,0.0,0.0,0.0,1.0,0.0,0.13837175071239471,0.27767258882522583,0.38960492610931396,0.031363796442747116,0.0,0.13309553265571594,0.1283944845199585,0.1283944845199585,0.15880447626113892,0.06540489941835403,4.1253819804687453e-10,0.0,0.0,4.002170562744141,4.002170562744141,2.450047016143799,2.450047016143799,0.6548858880996704,0.0,0.0,0.0,0.0,0.2986941933631897,0.11887829005718231,0.0049752467311918736,0.7436326742172241,0.5739603042602539,0.04430147260427475,2.465418577194214,2.449780225753784,2.450047016143799,2.4663634300231934,2.532942295074463,0.16484569013118744,0.06889893859624863,1.0,2.466052293777466,2.4402875900268555,2.466599464416504,0.0,0.0,0.0,0.0,0.0,0.0,0.0,,,,,,,,,,,,,,,,,0.0005
16,5260,train,0.036666497588157654,0.11110278964042664,0.11513899266719818,0.0,0.005975858774036169,0.005975858774036169,0.0,3.230872631072998,9.999999747378752e-05,0.029999999329447746,0.029999999329447746,0.029999999329447746,0.0010000000474974513,0.0010000000474974513,0.08339832723140717,0.019767284393310547,0.0,0.0,0.0,0.0,-1.6344935894012451,-1.6344935894012451,1.0,-1.6344935894012451,0.0,-4.2245612144470215,2.632594347000122,1.0,0.08339832723140717,1.0,0.0,0.0,0.08339832723140717,0.0,0.0,0.019767284393310547,0.0,0.3197672665119171,0.0868525430560112,0.07896959036588669,0.5559738874435425,0.5810427665710449,0.0,0.0,0.0,0.0,0.0,0.0,0.0,0.0,1.0,0.0,0.1492166668176651,0.2934163212776184,0.410836398601532,0.03222547098994255,0.0,0.11513899266719818,0.11110278964042664,0.11110278964042664,0.1499662846326828,0.03770597651600838,-2.109039609621277e-10,0.0,0.0,3.8493552207946777,3.8493552207946777,2.5592424869537354,2.5592424869537354,0.5908070206642151,0.0,0.0,0.0,0.0,0.3197672963142395,0.13476568460464478,0.0012810437474399805,0.8159298300743103,0.5810427665710449,0.08716299384832382,2.5320920944213867,2.585592269897461,2.5592424869537354,2.5081284046173096,2.632594347000122,0.17699144780635834,0.07598964869976044,1.0,2.4701032638549805,2.466561794281006,2.482248544692993,0.0,0.0,0.0,0.0,0.0,0.0,0.0,,,,,,,,,,,,,,,,,0.0005
16,5280,train,0.05874697491526604,0.12952971458435059,0.13328735530376434,0.0,0.006327582057565451,0.006327582057565451,0.0,3.3361518383026123,9.999999747378752e-05,0.029999999329447746,0.029999999329447746,0.029999999329447746,0.0010000000474974513,0.0010000000474974513,0.09347733855247498,0.013750821352005005,0.0,0.0,0.0,0.0,-1.6345146894454956,-1.6345146894454956,1.0,-1.6345146894454956,0.0,-4.250265598297119,2.6538360118865967,1.0,0.09347733855247498,1.0,0.0,0.0,0.09347733855247498,0.0,0.0,0.013750821352005005,0.0,0.31375083327293396,0.07543241232633591,0.09239157289266586,0.6044251322746277,0.5852149724960327,0.0,0.0,0.0,0.0,0.0,0.0,0.0,0.0,1.0,0.0,0.14432865381240845,0.2768750786781311,0.4050378203392029,0.028778918087482452,0.0,0.13328735530376434,0.12952971458435059,0.12952971458435059,0.1726873368024826,0.07464313507080078,4.599198244470415e-10,0.0,0.0,3.9441349506378174,3.9441354274749756,2.5399115085601807,2.5399115085601807,0.7084694504737854,0.0,0.0,0.0,0.0,0.31375083327293396,0.12334509193897247,0.01080657634884119,0.8026667833328247,0.5852149724960327,0.07250306755304337,2.537853717803955,2.544847249984741,2.5399115085601807,2.5291504859924316,2.6538360118865967,0.1720931977033615,0.07240340858697891,1.0,2.3284268379211426,2.402520179748535,2.456603765487671,0.0,0.0,0.0,0.0,0.0,0.0,0.0,,,,,,,,,,,,,,,,,0.0005
16,5300,train,0.05417224392294884,0.1270427107810974,0.1306936889886856,0.0,0.007145789451897144,0.007145789451897144,0.0,3.32771372795105,9.999999747378752e-05,0.029999999329447746,0.029999999329447746,0.029999999329447746,0.0010000000474974513,0.0010000000474974513,0.09122901409864426,0.009962260723114014,0.0,0.0,0.0,0.0,-1.6609591245651245,-1.6609591245651245,1.0,-1.6609591245651245,0.0,-4.3091511726379395,2.6120879650115967,1.0,0.09122901409864426,1.0,0.0,0.0,0.09122901409864426,0.0,0.0,0.009962260723114014,0.0,0.29003775119781494,0.06581027805805206,0.05643660947680473,0.4877825975418091,0.5738080739974976,0.0,0.0,0.0,0.0,0.0,0.0,0.0,0.0,1.0,0.0,0.1326254904270172,0.2823917865753174,0.4007296860218048,0.029015792533755302,0.0,0.1306936889886856,0.1270427107810974,0.1270427107810974,0.16609500348567963,0.04695187136530876,2.683552546844936e-10,0.0,0.0,3.936743974685669,3.936743974685669,2.541693687438965,2.541693687438965,0.6669973134994507,0.0,0.0,0.0,0.0,0.29003775119781494,0.10503759235143661,0.005574237089604139,0.7394025921821594,0.5738080739974976,0.02109375037252903,2.52453351020813,2.5500125885009766,2.541693687438965,2.532853841781616,2.6120879650115967,0.17352701723575592,0.07413247227668762,1.0,2.4410505294799805,2.461937189102173,2.4474425315856934,0.0,0.0,0.0,0.0,0.0,0.0,0.0,,,,,,,,,,,,,,,,,0.0005
16,5320,train,0.021225325763225555,0.09497825056314468,0.09976030141115189,0.0,0.005394519306719303,0.005394519306719303,0.0,3.2250237464904785,9.999999747378752e-05,0.029999999329447746,0.029999999329447746,0.029999999329447746,0.0010000000474974513,0.0010000000474974513,0.07832426577806473,0.026277005672454834,0.0,0.0,0.0,0.0,-1.5715653896331787,-1.5715653896331787,1.0,-1.5715653896331787,0.0,-4.12494421005249,2.8674020767211914,1.0,0.07832426577806473,1.0,0.0,0.0,0.07832426577806473,0.0,0.0,0.026277005672454834,0.0,0.2737230062484741,0.07632170617580414,0.10142108052968979,0.5058241486549377,0.5516555309295654,0.0,0.0,0.0,0.0,0.0,0.0,0.0,0.0,1.0,0.0,0.1381535530090332,0.27775779366493225,0.44867515563964844,0.03365737572312355,0.0,0.09976030141115189,0.09497825056314468,0.09497825056314468,0.15288092195987701,-0.05523765832185745,-5.540806008452748e-11,0.0,0.0,3.740166187286377,3.740166187286377,2.8421175479888916,2.8421175479888916,0.5788286328315735,0.0,0.0,0.0,0.0,0.2737230062484741,0.1157660260796547,0.003655310720205307,0.7070117592811584,0.5516555309295654,0.03532475605607033,2.7944424152374268,2.861947774887085,2.8421175479888916,2.7431204319000244,2.8674020767211914,0.2088579386472702,0.09536906331777573,1.0,2.410848617553711,2.4585578441619873,2.478361129760742,0.0,0.0,0.0,0.0,0.0,0.0,0.0,,,,,,,,,,,,,,,,,0.0005
16,5340,train,0.044728346168994904,0.11809461563825607,0.12184186279773712,0.0,0.0055259340442717075,0.0055259340442717075,0.0,3.32079815864563,9.999999747378752e-05,0.029999999329447746,0.029999999329447746,0.029999999329447746,0.0010000000474974513,0.0010000000474974513,0.09622858464717865,0.0023433268070220947,0.0,0.0,0.0,0.0,-1.638851284980774,-1.638851284980774,1.0,-1.638851284980774,0.0,-4.273038864135742,2.792241334915161,1.0,0.09622858464717865,1.0,0.0,0.0,0.09622858464717865,0.0,0.0,0.0023433268070220947,0.0,0.30234333872795105,0.07446733117103577,0.09943698346614838,0.5335832834243774,0.5793930888175964,0.0,0.0,0.0,0.0,0.0,0.0,0.0,0.0,1.0,0.0,0.1732100546360016,0.2792218327522278,0.4251600205898285,0.029867121949791908,0.0,0.12184186279773712,0.11809461563825607,0.11809461563825607,0.16185754537582397,0.005196657031774521,3.381114832556875e-10,0.0,0.0,3.8942415714263916,3.8942415714263916,2.7148327827453613,2.7148327827453613,0.6498817205429077,0.0,0.0,0.0,0.0,0.30234333872795105,0.11803372204303741,0.02494322881102562,0.8232919573783875,0.5793930888175964,0.06469056755304337,2.6722114086151123,2.727548360824585,2.7148327827453613,2.733948230743408,2.792241334915161,0.18386195600032806,0.08020338416099548,1.0,2.4942338466644287,2.4311025142669678,2.4181532859802246,0.0,0.0,0.0,0.0,0.0,0.0,0.0,,,,,,,,,,,,,,,,,0.0005
16,5344,train_epoch,0.04624284949421347,0.12008460191730967,0.1235378574200733,0.0,0.005901473996781571,0.005901473996781571,0.0,3.275238319071467,9.999999747378752e-05,0.029999999329447746,0.029999999329447746,0.029999999329447746,0.0010000000474974513,0.0010000000474974513,0.09148133075433577,0.010158309233402777,0.0,0.0,0.0,0.0,-1.6525922349827018,-1.6525922349827018,1.0,-1.6525922349827018,0.0,-4.290062837258071,2.648897358043465,1.0,0.09148133075433577,1.0,0.0,0.0,0.09148133075433577,0.0,0.0,0.010158309233402777,0.0,0.3002026751191316,0.07390891341213694,0.09422729583735952,0.5447149550664925,0.5765514463007807,0.0,0.0,0.0,0.0,0.0,0.0,0.0,0.0,1.0,0.0,0.15200243990667567,0.2805234051036264,0.4079948462055115,0.030759046919376195,0.0,0.1235378574200733,0.12008460191730967,0.12008460191730967,0.16138455668787757,0.03254473158466828,-2.1048813883954613e-11,0.0,0.0,3.874289349881475,3.8742893577335837,2.5761272321918054,2.5761272321918054,0.6414728819610116,0.0,0.0,0.0,0.0,0.30020266923004996,0.1164268893886826,0.008647323421880179,0.7839381095178113,0.5765514463007807,0.04915431383049149,2.561449347855802,2.5865323714867325,2.5761272321918054,2.569042153701097,2.648897358043465,0.1769308364855315,0.07564577564017144,1.0,2.442476374660423,2.4412546714622816,2.4409995878527977,0.0,0.0,0.0,0.0,0.0,0.0,0.0,,,,,,,,,,,,,,,,,0.0005
16,5344,val,,,,,,,,,,,,,,,,,,,,,,,,,,,,,,,,,,,,,,,,,,,,,,,,,,,,,,,,,,,,,,,,,,,,,,,,,,,,,,,,,,,,,,,,,,,,,,,,,,,17.1296121193482,758.4305352563257,27.539617558280028,11.302713544519097,15.755450283084905,25.08690659258837,10.183271390897733,17.103163873827135,27.577678842685994,11.121145720954415,19.406745197536708,31.094651640509518,13.386400682432157,17.1296121193482,27.539617558280028,11.302713544519097,0.0005
16,5344,test,,,,,,,,,,,,,,,,,,,,,,,,,,,,,,,,,,,,,,,,,,,,,,,,,,,,,,,,,,,,,,,,,,,,,,,,,,,,,,,,,,,,,,,,,,,,,,,,,,,16.560994814108085,682.7987856478304,26.130418780567418,10.253408264469456,15.293722947438559,23.91468467394687,9.480933417071093,16.496754431509757,26.15696337770785,10.114387580940315,18.710255747442847,29.344576811549317,11.758006512581765,16.560994814108085,26.130418780567418,10.253408264469456,0.0005
17,5360,train,0.043994251638650894,0.11859902739524841,0.12107144296169281,0.0,0.006105381995439529,0.006105381995439529,0.0,3.3058102130889893,9.999999747378752e-05,0.029999999329447746,0.029999999329447746,0.029999999329447746,0.0010000000474974513,0.0010000000474974513,0.08522157371044159,0.025279998779296875,0.0,0.0,0.0,0.0,-1.65738844871521,-1.65738844871521,1.0,-1.65738844871521,0.0,-4.292023181915283,2.645502805709839,1.0,0.08522157371044159,1.0,0.0,0.0,0.08522157371044159,0.0,0.0,0.025279998779296875,0.0,0.32528001070022583,0.07942767441272736,0.1158151850104332,0.6354679465293884,0.5938730835914612,0.0,0.0,0.0,0.0,0.0,0.0,0.0,0.0,1.0,0.0,0.15980389714241028,0.2843220829963684,0.40548044443130493,0.029801951721310616,0.0,0.12107144296169281,0.11859902739524841,0.11859902739524841,0.1621396690607071,0.055450327694416046,2.9041355431580484e-10,0.0,0.0,3.9241204261779785,3.9241204261779785,2.5687036514282227,2.5687036514282227,0.6573248505592346,0.0,0.0,0.0,0.0,0.32528001070022583,0.12465852499008179,0.012203279882669449,0.802833080291748,0.5938730835914612,0.08325674384832382,2.5511648654937744,2.575322389602661,2.5687036514282227,2.5498170852661133,2.645502805709839,0.17366790771484375,0.07328102737665176,1.0,2.485212802886963,2.434216260910034,2.4355649948120117,0.0,0.0,0.0,0.0,0.0,0.0,0.0,,,,,,,,,,,,,,,,,0.0005
17,5380,train,0.035764459520578384,0.10778355598449707,0.11181768029928207,0.0,0.005973984487354755,0.005973984487354755,0.0,3.2239491939544678,9.999999747378752e-05,0.029999999329447746,0.029999999329447746,0.029999999329447746,0.0010000000474974513,0.0010000000474974513,0.08338446915149689,0.030007004737854004,0.0,0.0,0.0,0.0,-1.583294153213501,-1.583294153213501,1.0,-1.583294153213501,0.0,-4.154821395874023,2.737760543823242,1.0,0.08338446915149689,1.0,0.0,0.0,0.08338446915149689,0.0,0.0,0.030007004737854004,0.0,0.26999297738075256,0.08392694592475891,0.06269517540931702,0.5681871771812439,0.5417941212654114,0.0,0.0,0.0,0.0,0.0,0.0,0.0,0.0,1.0,0.0,0.14516285061836243,0.2933255732059479,0.4270227551460266,0.033046938478946686,0.0,0.11181768029928207,0.10778355598449707,0.10778355598449707,0.1695341020822525,0.012745697982609272,4.674509390678594e-11,0.0,0.0,3.8016300201416016,3.8016300201416016,2.6961514949798584,2.6961514949798584,0.6564587950706482,0.0,0.0,0.0,0.0,0.26999300718307495,0.12337056547403336,0.004735391121357679,0.7836030721664429,0.5417941212654114,0.041452206671237946,2.6674611568450928,2.71362566947937,2.6961514949798584,2.63746976852417,2.737760543823242,0.19705358147621155,0.08681511133909225,1.0,2.534270763397217,2.5422139167785645,2.523993492126465,0.0,0.0,0.0,0.0,0.0,0.0,0.0,,,,,,,,,,,,,,,,,0.0005
17,5400,train,0.058708157390356064,0.1312340795993805,0.13322553038597107,0.0,0.006613399833440781,0.006613399833440781,0.0,3.308830976486206,9.999999747378752e-05,0.029999999329447746,0.029999999329447746,0.029999999329447746,0.0010000000474974513,0.0010000000474974513,0.0896167904138565,0.01601746678352356,0.0,0.0,0.0,0.0,-1.6634325981140137,-1.6634325981140137,1.0,-1.6634325981140137,0.0,-4.3336100578308105,2.5803496837615967,1.0,0.0896167904138565,1.0,0.0,0.0,0.0896167904138565,0.0,0.0,0.01601746678352356,0.0,0.2839825451374054,0.08074289560317993,0.0326060988008976,0.5070209503173828,0.5618741512298584,0.0,0.0,0.0,0.0,0.0,0.0,0.0,0.0,1.0,0.0,0.14368943870067596,0.2860955595970154,0.39217910170555115,0.029385168105363846,0.0,0.13322553038597107,0.1312340795993805,0.1312340795993805,0.16140055656433105,0.03947019577026367,-8.5319792897387e-11,0.0,0.0,3.965486526489258,3.965486526489258,2.485111713409424,2.485111713409424,0.658642053604126,0.0,0.0,0.0,0.0,0.2839825451374054,0.11529354751110077,0.0051772757433354855,0.7351899147033691,0.5618741512298584,0.040379904210567474,2.499645233154297,2.487912893295288,2.485111713409424,2.5091822147369385,2.5803496837615967,0.16691964864730835,0.07321179658174515,1.0,2.371997356414795,2.4563465118408203,2.436537742614746,0.0,0.0,0.0,0.0,0.0,0.0,0.0,,,,,,,,,,,,,,,,,0.0005
17,5420,train,0.029910551384091377,0.10655873268842697,0.10933715850114822,0.0,0.0052412752993404865,0.0052412752993404865,0.0,3.311974048614502,9.999999747378752e-05,0.029999999329447746,0.029999999329447746,0.029999999329447746,0.0010000000474974513,0.0010000000474974513,0.0844593346118927,0.03401169180870056,0.0,0.0,0.0,0.0,-1.652042031288147,-1.652042031288147,1.0,-1.652042031288147,0.0,-4.293215274810791,2.712019443511963,1.0,0.0844593346118927,1.0,0.0,0.0,0.0844593346118927,0.0,0.0,0.03401169180870056,0.0,0.265988290309906,0.07377345860004425,0.09404005855321884,0.568350076675415,0.544651985168457,0.0,0.0,0.0,0.0,0.0,0.0,0.0,0.0,1.0,0.0,0.1541254073381424,0.2759266495704651,0.4105384647846222,0.030009359121322632,0.0,0.10933715850114822,0.10655873268842697,0.10655873268842697,0.15649735927581787,-0.016925252974033356,3.1531610655832765e-10,0.0,0.0,3.7735602855682373,3.7735602855682373,2.616455316543579,2.616455316543579,0.5959872007369995,0.0,0.0,0.0,0.0,0.2659883201122284,0.11365916579961777,0.0030450355261564255,0.7947199940681458,0.544651985168457,0.03226103261113167,2.579291343688965,2.6338138580322266,2.616455316543579,2.6614346504211426,2.712019443511963,0.18008527159690857,0.07871279865503311,1.0,2.4205641746520996,2.461434841156006,2.458130359649658,0.0,0.0,0.0,0.0,0.0,0.0,0.0,,,,,,,,,,,,,,,,,0.0005
17,5440,train,0.05397931858897209,0.12668168544769287,0.1292046755552292,0.0,0.006854459177702665,0.006854459177702665,0.0,3.3231875896453857,9.999999747378752e-05,0.029999999329447746,0.029999999329447746,0.029999999329447746,0.0010000000474974513,0.0010000000474974513,0.08867648988962173,0.02423498034477234,0.0,0.0,0.0,0.0,-1.6532361507415771,-1.6532361507415771,1.0,-1.6532361507415771,0.0,-4.289674282073975,2.6499686241149902,1.0,0.08867648988962173,1.0,0.0,0.0,0.08867648988962173,0.0,0.0,0.02423498034477234,0.0,0.3242350220680237,0.0750255212187767,0.08408581465482712,0.5765083432197571,0.5973504185676575,0.0,0.0,0.0,0.0,0.0,0.0,0.0,0.0,1.0,0.0,0.1441371887922287,0.2809302806854248,0.39741069078445435,0.029046442359685898,0.0,0.1292046755552292,0.12668168544769287,0.12668168544769287,0.16751639544963837,0.06141728535294533,-2.1054243071194634e-10,0.0,0.0,3.84226655960083,3.84226655960083,2.523831367492676,2.523831367492676,0.6688540577888489,0.0,0.0,0.0,0.0,0.3242349922657013,0.11628523468971252,0.00977468304336071,0.8085674047470093,0.5973504185676575,0.06309743225574493,2.502760648727417,2.5343267917633057,2.523831367492676,2.5591557025909424,2.6499686241149902,0.1691063940525055,0.0700322762131691,1.0,2.404139995574951,2.4667091369628906,2.4879846572875977,0.0,0.0,0.0,0.0,0.0,0.0,0.0,,,,,,,,,,,,,,,,,0.0005
17,5460,train,0.05436034873127937,0.12682558596134186,0.129899799823761,0.0,0.006574800703674555,0.006574800703674555,0.0,3.3471577167510986,9.999999747378752e-05,0.029999999329447746,0.029999999329447746,0.029999999329447746,0.0010000000474974513,0.0010000000474974513,0.09839482605457306,0.00046902894973754883,0.0,0.0,0.0,0.0,-1.651267170906067,-1.651267170906067,1.0,-1.651267170906067,0.0,-4.293670654296875,2.737997055053711,1.0,0.09839482605457306,1.0,0.0,0.0,0.09839482605457306,0.0,0.0,0.00046902894973754883,0.0,0.2995309829711914,0.07164301723241806,0.09519368410110474,0.5243520140647888,0.5824462175369263,0.0,0.0,0.0,0.0,0.0,0.0,0.0,0.0,1.0,0.0,0.15084031224250793,0.28037747740745544,0.41091227531433105,0.02860829047858715,0.0,0.129899799823761,0.12682558596134186,0.12682558596134186,0.17036132514476776,0.01173445489257574,4.754402982420913e-10,0.0,0.0,3.949716329574585,3.949716329574585,2.6444272994995117,2.6444272994995117,0.6932229399681091,0.0,0.0,0.0,0.0,0.2995309829711914,0.10754504054784775,0.03881441429257393,0.7630665898323059,0.5824462175369263,0.046139709651470184,2.60748553276062,2.6516096591949463,2.6444272994995117,2.67350172996521,2.737997055053711,0.177897647023201,0.07651832699775696,1.0,2.460131883621216,2.445652484893799,2.4077658653259277,0.0,0.0,0.0,0.0,0.0,0.0,0.0,,,,,,,,,,,,,,,,,0.0005
17,5480,train,0.04328417405486107,0.11902216076850891,0.12222524732351303,0.0,0.006040987558662891,0.006040987558662891,0.0,3.3426544666290283,9.999999747378752e-05,0.029999999329447746,0.029999999329447746,0.029999999329447746,0.0010000000474974513,0.0010000000474974513,0.09887807071208954,0.018803268671035767,0.0,0.0,0.0,0.0,-1.6802701950073242,-1.6802701950073242,1.0,-1.6802701950073242,0.0,-4.325046062469482,2.6834752559661865,1.0,0.09887807071208954,1.0,0.0,0.0,0.09887807071208954,0.0,0.0,0.018803268671035767,0.0,0.3188032805919647,0.07803013920783997,0.10379217565059662,0.5657918453216553,0.5978797674179077,0.0,0.0,0.0,0.0,0.0,0.0,0.0,0.0,1.0,0.0,0.15063035488128662,0.2804224491119385,0.4001694917678833,0.028531091287732124,0.0,0.12222524732351303,0.11902216076850891,0.11902216076850891,0.17364883422851562,0.021515952423214912,-8.295006348468803e-11,0.0,0.0,3.8601930141448975,3.8601930141448975,2.561501979827881,2.561501979827881,0.686758816242218,0.0,0.0,0.0,0.0,0.3188032805919647,0.10862594842910767,0.02027919515967369,0.789677619934082,0.5978797674179077,0.05200674384832382,2.5319228172302246,2.5745420455932617,2.561501979827881,2.6188695430755615,2.6834752559661865,0.17642606794834137,0.0732290968298912,1.0,2.4166994094848633,2.4506335258483887,2.439138889312744,0.0,0.0,0.0,0.0,0.0,0.0,0.0,,,,,,,,,,,,,,,,,0.0005
17,5500,train,0.07291603088378906,0.14423663914203644,0.14678819477558136,0.0,0.006831842474639416,0.006831842474639416,0.0,3.3432977199554443,9.999999747378752e-05,0.029999999329447746,0.029999999329447746,0.029999999329447746,0.0010000000474974513,0.0010000000474974513,0.08711301535367966,0.015077710151672363,0.0,0.0,0.0,0.0,-1.6886621713638306,-1.6886621713638306,1.0,-1.6886621713638306,0.0,-4.39293098449707,2.509037733078003,1.0,0.08711301535367966,1.0,0.0,0.0,0.08711301535367966,0.0,0.0,0.015077710151672363,0.0,0.3150777220726013,0.07076622545719147,0.1296779215335846,0.5711265802383423,0.5930404663085938,0.0,0.0,0.0,0.0,0.0,0.0,0.0,0.0,1.0,0.0,0.14069029688835144,0.2734019458293915,0.37977105379104614,0.02798415534198284,0.0,0.14678819477558136,0.14423663914203644,0.14423663914203644,0.15882818400859833,0.054159216582775116,3.1175062531474396e-13,0.0,0.0,3.927443742752075,3.927443742752075,2.407775402069092,2.407775402069092,0.6387189030647278,0.0,0.0,0.0,0.0,0.3150777220726013,0.11238919198513031,0.021582869812846184,0.8024472594261169,0.5930404663085938,0.061136644333601,2.422494649887085,2.405399799346924,2.407775402069092,2.433274507522583,2.509037733078003,0.162671759724617,0.06830060482025146,1.0,2.3848814964294434,2.4328622817993164,2.454608917236328,0.0,0.0,0.0,0.0,0.0,0.0,0.0,,,,,,,,,,,,,,,,,0.0005
17,5520,train,0.03910135477781296,0.11640628427267075,0.11873055249452591,0.0,0.005198927596211433,0.005198927596211433,0.0,3.3133809566497803,9.999999747378752e-05,0.029999999329447746,0.029999999329447746,0.029999999329447746,0.0010000000474974513,0.0010000000474974513,0.09263460338115692,0.011079609394073486,0.0,0.0,0.0,0.0,-1.6940343379974365,-1.6940343379974365,1.0,-1.6940343379974365,0.0,-4.360308647155762,2.565760374069214,1.0,0.09263460338115692,1.0,0.0,0.0,0.09263460338115692,0.0,0.0,0.011079609394073486,0.0,0.31107962131500244,0.06993412971496582,0.09097473323345184,0.5539786219596863,0.5915441513061523,0.0,0.0,0.0,0.0,0.0,0.0,0.0,0.0,1.0,0.0,0.1454199105501175,0.276559442281723,0.39353927969932556,0.02921459823846817,0.0,0.11873055249452591,0.11640628427267075,0.11640628427267075,0.16100375354290009,0.032936230301856995,1.765460971858701e-10,0.0,0.0,3.8746256828308105,3.8746256828308105,2.5116066932678223,2.5116066932678223,0.635733425617218,0.0,0.0,0.0,0.0,0.31107962131500244,0.10728572309017181,0.0020960255060344934,0.7589370012283325,0.5915441513061523,0.041283704340457916,2.4753975868225098,2.523770809173584,2.5116066932678223,2.5216832160949707,2.565760374069214,0.16812382638454437,0.07100050151348114,1.0,2.4493374824523926,2.4105143547058105,2.4032435417175293,0.0,0.0,0.0,0.0,0.0,0.0,0.0,,,,,,,,,,,,,,,,,0.0005
17,5540,train,0.05207908898591995,0.12605297565460205,0.12913812696933746,0.0,0.006092566065490246,0.006092566065490246,0.0,3.2550947666168213,9.999999747378752e-05,0.029999999329447746,0.029999999329447746,0.029999999329447746,0.0010000000474974513,0.0010000000474974513,0.08828332275152206,0.0009264647960662842,0.0,0.0,0.0,0.0,-1.6733168363571167,-1.6733168363571167,1.0,-1.6733168363571167,0.0,-4.344648361206055,2.5595896244049072,1.0,0.08828332275152206,1.0,0.0,0.0,0.08828332275152206,0.0,0.0,0.0009264647960662842,0.0,0.29907354712486267,0.07804369926452637,0.1005544364452362,0.639276385307312,0.5742718577384949,0.0,0.0,0.0,0.0,0.0,0.0,0.0,0.0,1.0,0.0,0.1431172639131546,0.27216625213623047,0.39872121810913086,0.031170420348644257,0.0,0.12913812696933746,0.12605297565460205,0.12605297565460205,0.1495843082666397,0.031871259212493896,3.546786198072027e-10,0.0,0.0,4.080228328704834,4.080228328704834,2.5223934650421143,2.5223934650421143,0.6283356547355652,0.0,0.0,0.0,0.0,0.29907354712486267,0.11991894245147705,0.007621873170137405,0.8115987777709961,0.5742718577384949,0.05732230842113495,2.5119235515594482,2.527729034423828,2.5223934650421143,2.4863202571868896,2.5595896244049072,0.17007800936698914,0.07254770398139954,1.0,2.6526951789855957,2.455008029937744,2.451172351837158,0.0,0.0,0.0,0.0,0.0,0.0,0.0,,,,,,,,,,,,,,,,,0.0005
17,5560,train,0.04175193980336189,0.11447297781705856,0.11862514913082123,0.0,0.0051153264939785,0.0051153264939785,0.0,3.2607080936431885,9.999999747378752e-05,0.029999999329447746,0.029999999329447746,0.029999999329447746,0.0010000000474974513,0.0010000000474974513,0.09326636791229248,0.004238724708557129,0.0,0.0,0.0,0.0,-1.6170517206192017,-1.6170517206192017,1.0,-1.6170517206192017,0.0,-4.235507011413574,2.742436170578003,1.0,0.09326636791229248,1.0,0.0,0.0,0.09326636791229248,0.0,0.0,0.004238724708557129,0.0,0.3042387366294861,0.07913541048765182,0.0499044805765152,0.49637848138809204,0.5763163566589355,0.0,0.0,0.0,0.0,0.0,0.0,0.0,0.0,1.0,0.0,0.17072147130966187,0.2852819561958313,0.42020127177238464,0.031366944313049316,0.0,0.11862514913082123,0.11447297781705856,0.11447297781705856,0.16862207651138306,0.025999465957283974,-4.1269751505090824e-10,0.0,0.0,3.8620684146881104,3.8620684146881104,2.6720433235168457,2.6720433235168457,0.6702865362167358,0.0,0.0,0.0,0.0,0.3042387366294861,0.12306338548660278,0.0050954436883330345,0.7933387160301208,0.5763163566589355,0.052650123834609985,2.666013479232788,2.673997402191162,2.6720433235168457,2.637998104095459,2.742436170578003,0.1845296323299408,0.07833173871040344,1.0,2.444258451461792,2.413973569869995,2.470789909362793,0.0,0.0,0.0,0.0,0.0,0.0,0.0,,,,,,,,,,,,,,,,,0.0005
17,5580,train,0.042520880699157715,0.11793435364961624,0.1207973062992096,0.0,0.005178658291697502,0.005178658291697502,0.0,3.316899538040161,9.999999747378752e-05,0.029999999329447746,0.029999999329447746,0.029999999329447746,0.0010000000474974513,0.0010000000474974513,0.08760799467563629,0.013373047113418579,0.0,0.0,0.0,0.0,-1.6693493127822876,-1.6693493127822876,1.0,-1.6693493127822876,0.0,-4.310731887817383,2.574033737182617,1.0,0.08760799467563629,1.0,0.0,0.0,0.08760799467563629,0.0,0.0,0.013373047113418579,0.0,0.31337305903434753,0.07747623324394226,0.12218677997589111,0.620195746421814,0.5895134806632996,0.0,0.0,0.0,0.0,0.0,0.0,0.0,0.0,1.0,0.0,0.15720269083976746,0.27881062030792236,0.4048663377761841,0.029169855639338493,0.0,0.1207973062992096,0.11793435364961624,0.11793435364961624,0.1644781231880188,0.05716734752058983,-3.4760253009302744e-10,0.0,0.0,3.9217629432678223,3.9217629432678223,2.5436630249023438,2.5436630249023438,0.6729853749275208,0.0,0.0,0.0,0.0,0.31337305903434753,0.1155100166797638,0.005311998538672924,0.8105878829956055,0.5895134806632996,0.05960478261113167,2.529533624649048,2.5504257678985596,2.5436630249023438,2.461355447769165,2.574033737182617,0.17582562565803528,0.07452285289764404,1.0,2.4707071781158447,2.4297280311584473,2.4124507904052734,0.0,0.0,0.0,0.0,0.0,0.0,0.0,,,,,,,,,,,,,,,,,0.0005
17,5600,train,0.04512951895594597,0.11932103335857391,0.12375710904598236,0.0,0.00618651881814003,0.00618651881814003,0.0,3.3273582458496094,9.999999747378752e-05,0.029999999329447746,0.029999999329447746,0.029999999329447746,0.0010000000474974513,0.0010000000474974513,0.0915462076663971,0.006019264459609985,0.0,0.0,0.0,0.0,-1.6593140363693237,-1.6593140363693237,1.0,-1.6593140363693237,0.0,-4.28972053527832,2.63879132270813,1.0,0.0915462076663971,1.0,0.0,0.0,0.0915462076663971,0.0,0.0,0.006019264459609985,0.0,0.29398077726364136,0.08069714903831482,0.09304825961589813,0.48987048864364624,0.5667832493782043,0.0,0.0,0.0,0.0,0.0,0.0,0.0,0.0,1.0,0.0,0.15594440698623657,0.2878279685974121,0.40656816959381104,0.029205558821558952,0.0,0.12375710904598236,0.11932103335857391,0.11932103335857391,0.16490332782268524,0.036786820739507675,-2.7989784101567494e-11,0.0,0.0,3.9265222549438477,3.9265222549438477,2.5658786296844482,2.5658786296844482,0.6720186471939087,0.0,0.0,0.0,0.0,0.29398074746131897,0.1224362775683403,0.0018368196906521916,0.7595317959785461,0.5667832493782043,0.04056372866034508,2.5820188522338867,2.565188407897949,2.5658786296844482,2.552638292312622,2.63879132270813,0.17756691575050354,0.07495759427547455,1.0,2.4530069828033447,2.412677526473999,2.422490119934082,0.0,0.0,0.0,0.0,0.0,0.0,0.0,,,,,,,,,,,,,,,,,0.0005
17,5620,train,0.056837841868400574,0.13207371532917023,0.13522304594516754,0.0,0.005470979493111372,0.005470979493111372,0.0,3.3534958362579346,9.999999747378752e-05,0.029999999329447746,0.029999999329447746,0.029999999329447746,0.0010000000474974513,0.0010000000474974513,0.10149052739143372,0.01633399724960327,0.0,0.0,0.0,0.0,-1.7149630784988403,-1.7149630784988403,1.0,-1.7149630784988403,0.0,-4.400278091430664,2.4541523456573486,1.0,0.10149052739143372,1.0,0.0,0.0,0.10149052739143372,0.0,0.0,0.01633399724960327,0.0,0.3163340389728546,0.06568669527769089,0.14193424582481384,0.5381549596786499,0.5978020429611206,0.0,0.0,0.0,0.0,0.0,0.0,0.0,0.0,1.0,0.0,0.13969473540782928,0.25160831212997437,0.3809279203414917,0.02750430256128311,0.0,0.13522304594516754,0.13207371532917023,0.13207371532917023,0.1694852113723755,0.10490763187408447,-8.942291351843323e-11,0.0,0.0,4.120781421661377,4.120781421661377,2.4224843978881836,2.4224843978881836,0.7305747270584106,0.0,0.0,0.0,0.0,0.3163340091705322,0.1050875335931778,0.02664206176996231,0.8207012414932251,0.5978020429611206,0.04355086013674736,2.436162233352661,2.417625665664673,2.4224843978881836,2.4068238735198975,2.4541523456573486,0.1542869210243225,0.06326546519994736,1.0,2.371904134750366,2.3593502044677734,2.385334014892578,0.0,0.0,0.0,0.0,0.0,0.0,0.0,,,,,,,,,,,,,,,,,0.0005
17,5640,train,0.048144370317459106,0.12198980152606964,0.12579090893268585,0.0,0.005680853500962257,0.005680853500962257,0.0,3.372377872467041,9.999999747378752e-05,0.029999999329447746,0.029999999329447746,0.029999999329447746,0.0010000000474974513,0.0010000000474974513,0.09612216055393219,0.023377299308776855,0.0,0.0,0.0,0.0,-1.6605130434036255,-1.6605130434036255,1.0,-1.6605130434036255,0.0,-4.303651809692383,2.638441801071167,1.0,0.09612216055393219,1.0,0.0,0.0,0.09612216055393219,0.0,0.0,0.023377299308776855,0.0,0.2766227126121521,0.06669377535581589,0.10284840315580368,0.5078715085983276,0.5592843294143677,0.0,0.0,0.0,0.0,0.0,0.0,0.0,0.0,1.0,0.0,0.16643325984477997,0.2828423082828522,0.4084506928920746,0.027750369161367416,0.0,0.12579090893268585,0.12198980152606964,0.12198980152606964,0.16037657856941223,0.05394504964351654,-5.231402533389939e-10,0.0,0.0,3.8949127197265625,3.8949129581451416,2.604398012161255,2.604398012161255,0.6458487510681152,0.0,0.0,0.0,0.0,0.2766227126121521,0.10739950835704803,0.009508280083537102,0.717585027217865,0.5592843294143677,0.021078431978821754,2.5748238563537598,2.61090087890625,2.604398012161255,2.563977003097534,2.638441801071167,0.17104139924049377,0.07239873707294464,1.0,2.3994321823120117,2.4158244132995605,2.42193865776062,0.0,0.0,0.0,0.0,0.0,0.0,0.0,,,,,,,,,,,,,,,,,0.0005
17,5660,train,0.035640899091959,0.10763678699731827,0.11202611774206161,0.0,0.006133308634161949,0.006133308634161949,0.0,3.3028676509857178,9.999999747378752e-05,0.029999999329447746,0.029999999329447746,0.029999999329447746,0.0010000000474974513,0.0010000000474974513,0.0871158167719841,0.010504961013793945,0.0,0.0,0.0,0.0,-1.5835505723953247,-1.5835505723953247,1.0,-1.5835505723953247,0.0,-4.167140007019043,2.8006927967071533,1.0,0.0871158167719841,1.0,0.0,0.0,0.0871158167719841,0.0,0.0,0.010504961013793945,0.0,0.2894950807094574,0.0710258036851883,0.09249284118413925,0.49396276473999023,0.5636573433876038,0.0,0.0,0.0,0.0,0.0,0.0,0.0,0.0,1.0,0.0,0.1487525850534439,0.29684409499168396,0.43383678793907166,0.030804580077528954,0.0,0.11202611774206161,0.10763678699731827,0.10763678699731827,0.18341368436813354,0.002857582876458764,-1.3329666537220675e-10,0.0,0.0,3.776761054992676,3.776761054992676,2.7153565883636475,2.7153565883636475,0.7049028277397156,0.0,0.0,0.0,0.0,0.289495050907135,0.12141390889883041,0.008690951392054558,0.7438981533050537,0.5636573433876038,0.043535541743040085,2.675260543823242,2.7409708499908447,2.7153565883636475,2.679875612258911,2.8006927967071533,0.1968228965997696,0.08389551937580109,1.0,2.5541906356811523,2.4934186935424805,2.486257791519165,0.0,0.0,0.0,0.0,0.0,0.0,0.0,,,,,,,,,,,,,,,,,0.0005
17,5678,train_epoch,0.04499356044333674,0.11933037208136685,0.12274598751864034,0.0,0.00591152624650942,0.00591152624650942,0.0,3.318852277572997,9.999999747378752e-05,0.029999999329447746,0.029999999329447746,0.029999999329447746,0.0010000000474974513,0.0010000000474974513,0.08986058804446352,0.010478484148750761,0.0,0.0,0.0,0.0,-1.6582596869525794,-1.6582596869525794,1.0,-1.6582596869525794,0.0,-4.301986632946723,2.629502992430133,1.0,0.08986058804446352,1.0,0.0,0.0,0.08986058804446352,0.0,0.0,0.010478484148750761,0.0,0.30035223182803855,0.0756952629541744,0.09052049892837416,0.5510654751055255,0.5771263357764946,0.0,0.0,0.0,0.0,0.0,0.0,0.0,0.0,1.0,0.0,0.15028710712394314,0.28217230433832385,0.4046244701582515,0.02938288782617289,0.0,0.12274598751864034,0.11933037208136685,0.11933037208136685,0.16271286404239918,0.0359294641391593,1.8594050151104098e-13,0.0,0.0,3.892625498200605,3.8926254903484963,2.5605141474101356,2.5605141474101356,0.6510772014449456,0.0,0.0,0.0,0.0,0.3003522276342986,0.11547216340274868,0.009079552457554957,0.7866230168028506,0.5771263357764946,0.046243590941306895,2.5442302641040553,2.570724422346332,2.5605141474101356,2.554253288371834,2.629502992430133,0.17555209566019253,0.07465456552178917,1.0,2.430711644852233,2.431206005062172,2.4316770509331525,0.0,0.0,0.0,0.0,0.0,0.0,0.0,,,,,,,,,,,,,,,,,0.0005
17,5678,val,,,,,,,,,,,,,,,,,,,,,,,,,,,,,,,,,,,,,,,,,,,,,,,,,,,,,,,,,,,,,,,,,,,,,,,,,,,,,,,,,,,,,,,,,,,,,,,,,,,17.26247383237959,760.8624587187896,27.58373540184124,11.565640458115586,15.98214392189507,25.277094631054645,10.629247863013465,17.23832386893195,27.589255926338375,11.647856785370424,19.402216331378835,30.959160301180425,13.287309616535634,17.26247383237959,27.58373540184124,11.565640458115586,0.0005
18,5680,train,0.04294232651591301,0.11784373223781586,0.12322039157152176,0.0,0.006159004755318165,0.006159004755318165,0.0,3.2901978492736816,9.999999747378752e-05,0.029999999329447746,0.029999999329447746,0.029999999329447746,0.0010000000474974513,0.0010000000474974513,0.0840718150138855,0.007609128952026367,0.0,0.0,0.0,0.0,-1.6691826581954956,-1.6691826581954956,1.0,-1.6691826581954956,0.0,-4.2987961769104,2.590718984603882,1.0,0.0840718150138855,1.0,0.0,0.0,0.0840718150138855,0.0,0.0,0.007609128952026367,0.0,0.3076091408729553,0.07677896320819855,0.10696189850568771,0.5855664014816284,0.5851884484291077,0.0,0.0,0.0,0.0,0.0,0.0,0.0,0.0,1.0,0.0,0.13931550085544586,0.2768266797065735,0.401251882314682,0.0299109797924757,0.0,0.12322039157152176,0.11784373223781586,0.11784373223781586,0.16094829142093658,0.02865244634449482,5.475646325248107e-11,0.0,0.0,3.8859713077545166,3.8859713077545166,2.526787042617798,2.526787042617798,0.6381669640541077,0.0,0.0,0.0,0.0,0.3076091408729553,0.1140919104218483,0.009010331705212593,0.7561015486717224,0.5851884484291077,0.0534466952085495,2.4986588954925537,2.54396653175354,2.526787042617798,2.5132858753204346,2.590718984603882,0.17326880991458893,0.07224979251623154,1.0,2.3545002937316895,2.401752233505249,2.4304752349853516,0.0,0.0,0.0,0.0,0.0,0.0,0.0,,,,,,,,,,,,,,,,,0.0005
18,5700,train,0.050535038113594055,0.12456325441598892,0.12822452187538147,0.0,0.005844291765242815,0.005844291765242815,0.0,3.2552247047424316,9.999999747378752e-05,0.029999999329447746,0.029999999329447746,0.029999999329447746,0.0010000000474974513,0.0010000000474974513,0.08523411303758621,0.017594516277313232,0.0,0.0,0.0,0.0,-1.6712801456451416,-1.6712801456451416,1.0,-1.6712801456451416,0.0,-4.322390556335449,2.5207173824310303,1.0,0.08523411303758621,1.0,0.0,0.0,0.08523411303758621,0.0,0.0,0.017594516277313232,0.0,0.2824054956436157,0.07257804274559021,0.0779750868678093,0.4837448298931122,0.5598891973495483,0.0,0.0,0.0,0.0,0.0,0.0,0.0,0.0,1.0,0.0,0.14841628074645996,0.2859146296977997,0.40120258927345276,0.031057091429829597,0.0,0.12822452187538147,0.12456325441598892,0.12456325441598892,0.16541095077991486,0.05903429910540581,-2.4855831282089014e-10,0.0,0.0,3.9824378490448,3.9824378490448,2.5309455394744873,2.5309455394744873,0.6736171841621399,0.0,0.0,0.0,0.0,0.2824054956436157,0.11577638238668442,0.002905636327341199,0.7941652536392212,0.5598891973495483,0.031816791743040085,2.5048351287841797,2.5448296070098877,2.5309455394744873,2.4547362327575684,2.5207173824310303,0.16923920810222626,0.07123211771249771,1.0,2.498933792114258,2.500448703765869,2.45015811920166,0.0,0.0,0.0,0.0,0.0,0.0,0.0,,,,,,,,,,,,,,,,,0.0005
18,5720,train,0.04095691815018654,0.1164117157459259,0.12044115364551544,0.0,0.005337160546332598,0.005337160546332598,0.0,3.286795139312744,9.999999747378752e-05,0.029999999329447746,0.029999999329447746,0.029999999329447746,0.0010000000474974513,0.0010000000474974513,0.08302041888237,0.005624443292617798,0.0,0.0,0.0,0.0,-1.6686745882034302,-1.6686745882034302,1.0,-1.6686745882034302,0.0,-4.315950870513916,2.5518035888671875,1.0,0.08302041888237,1.0,0.0,0.0,0.08302041888237,0.0,0.0,0.005624443292617798,0.0,0.30562445521354675,0.08389786630868912,0.07571405172348022,0.5349448919296265,0.5804229378700256,0.0,0.0,0.0,0.0,0.0,0.0,0.0,0.0,1.0,0.0,0.1437409669160843,0.2790570557117462,0.40469735860824585,0.030116865411400795,0.0,0.12044115364551544,0.1164117157459259,0.1164117157459259,0.15844477713108063,0.030356116592884064,4.369630213219011e-10,0.0,0.0,3.850425958633423,3.850425958633423,2.5390710830688477,2.5390710830688477,0.6356998085975647,0.0,0.0,0.0,0.0,0.30562445521354675,0.11784262955188751,0.0019661327823996544,0.7922582030296326,0.5804229378700256,0.046568628400564194,2.516751766204834,2.5534558296203613,2.5390710830688477,2.4790005683898926,2.5518035888671875,0.17700384557247162,0.07342233508825302,1.0,2.478193759918213,2.4622039794921875,2.434570550918579,0.0,0.0,0.0,0.0,0.0,0.0,0.0,,,,,,,,,,,,,,,,,0.0005
18,5740,train,0.05086982622742653,0.12499380856752396,0.12866318225860596,0.0,0.005278570111840963,0.005278570111840963,0.0,3.2771997451782227,9.999999747378752e-05,0.029999999329447746,0.029999999329447746,0.029999999329447746,0.0010000000474974513,0.0010000000474974513,0.08775882422924042,0.02614089846611023,0.0,0.0,0.0,0.0,-1.6742764711380005,-1.6742764711380005,1.0,-1.6742764711380005,0.0,-4.327871322631836,2.5111072063446045,1.0,0.08775882422924042,1.0,0.0,0.0,0.08775882422924042,0.0,0.0,0.02614089846611023,0.0,0.3261409401893616,0.07327262312173843,0.08364735543727875,0.5990571975708008,0.59527587890625,0.0,0.0,0.0,0.0,0.0,0.0,0.0,0.0,1.0,0.0,0.1394016146659851,0.2803860306739807,0.3871101140975952,0.02991591952741146,0.0,0.12866318225860596,0.12499380856752396,0.12499380856752396,0.17458128929138184,0.06051787734031677,-7.755704412026887e-11,0.0,0.0,3.8297126293182373,3.8297126293182373,2.4371347427368164,2.4371347427368164,0.6855016350746155,0.0,0.0,0.0,0.0,0.3261409103870392,0.12253310531377792,0.003755809972062707,0.8122014403343201,0.59527587890625,0.07890625298023224,2.421034812927246,2.4504499435424805,2.4371347427368164,2.460904121398926,2.5111072063446045,0.16193687915802002,0.06613456457853317,1.0,2.4253642559051514,2.4601330757141113,2.4481894969940186,0.0,0.0,0.0,0.0,0.0,0.0,0.0,,,,,,,,,,,,,,,,,0.0005
18,5760,train,0.04538298398256302,0.11953406035900116,0.12169073522090912,0.0,0.005887792445719242,0.005887792445719242,0.0,3.2799878120422363,9.999999747378752e-05,0.029999999329447746,0.029999999329447746,0.029999999329447746,0.0010000000474974513,0.0010000000474974513,0.09601792693138123,0.0019449293613433838,0.0,0.0,0.0,0.0,-1.6515302658081055,-1.6515302658081055,1.0,-1.6515302658081055,0.0,-4.301787853240967,2.710676431655884,1.0,0.09601792693138123,1.0,0.0,0.0,0.09601792693138123,0.0,0.0,0.0019449293613433838,0.0,0.30194494128227234,0.07273449748754501,0.1001221165060997,0.57380610704422,0.5842332243919373,0.0,0.0,0.0,0.0,0.0,0.0,0.0,0.0,1.0,0.0,0.1414976865053177,0.27312806248664856,0.4014401435852051,0.030071301385760307,0.0,0.12169073522090912,0.11953406035900116,0.11953406035900116,0.1659981906414032,0.005845434032380581,3.639676338096365e-10,0.0,0.0,3.946864366531372,3.946864366531372,2.5824902057647705,2.5824902057647705,0.6725419759750366,0.0,0.0,0.0,0.0,0.30194494128227234,0.10770352184772491,0.02171402797102928,0.8117221593856812,0.5842332243919373,0.03883272409439087,2.55346941947937,2.591261386871338,2.5824902057647705,2.6730802059173584,2.710676431655884,0.16547593474388123,0.0699356272816658,1.0,2.4980316162109375,2.376181125640869,2.4239845275878906,0.0,0.0,0.0,0.0,0.0,0.0,0.0,,,,,,,,,,,,,,,,,0.0005
18,5780,train,0.025851398706436157,0.10449190437793732,0.10766167938709259,0.0,0.005233992822468281,0.005233992822468281,0.0,3.2923696041107178,9.999999747378752e-05,0.029999999329447746,0.029999999329447746,0.029999999329447746,0.0010000000474974513,0.0010000000474974513,0.08463750779628754,0.0058740973472595215,0.0,0.0,0.0,0.0,-1.6791603565216064,-1.6791603565216064,1.0,-1.6791603565216064,0.0,-4.322297096252441,2.622952461242676,1.0,0.08463750779628754,1.0,0.0,0.0,0.08463750779628754,0.0,0.0,0.0058740973472595215,0.0,0.29412591457366943,0.08543764054775238,0.0808505117893219,0.5588998794555664,0.565178632736206,0.0,0.0,0.0,0.0,0.0,0.0,0.0,0.0,1.0,0.0,0.1377219408750534,0.27271580696105957,0.3979300856590271,0.029851309955120087,0.0,0.10766167938709259,0.10449190437793732,0.10449190437793732,0.14995712041854858,-0.004603376612067223,1.0630227254004865e-10,0.0,0.0,3.789767026901245,3.789767026901245,2.5358688831329346,2.5358688831329346,0.585111141204834,0.0,0.0,0.0,0.0,0.29412591457366943,0.1262366622686386,0.004409617278724909,0.8122190237045288,0.565178632736206,0.05764399841427803,2.495750665664673,2.5586721897125244,2.5358688831329346,2.550710916519165,2.622952461242676,0.17122378945350647,0.07412717491388321,1.0,2.387939214706421,2.4186453819274902,2.416349411010742,0.0,0.0,0.0,0.0,0.0,0.0,0.0,,,,,,,,,,,,,,,,,0.0005
18,5800,train,0.04013754427433014,0.11446645110845566,0.11858038604259491,0.0,0.006123617757111788,0.006123617757111788,0.0,3.348750352859497,9.999999747378752e-05,0.029999999329447746,0.029999999329447746,0.029999999329447746,0.0010000000474974513,0.0010000000474974513,0.07792657613754272,0.018640607595443726,0.0,0.0,0.0,0.0,-1.6443355083465576,-1.6443355083465576,1.0,-1.6443355083465576,0.0,-4.279060363769531,2.588202953338623,1.0,0.07792657613754272,1.0,0.0,0.0,0.07792657613754272,0.0,0.0,0.018640607595443726,0.0,0.28135940432548523,0.06889085471630096,0.06003226339817047,0.4619029760360718,0.563198447227478,0.0,0.0,0.0,0.0,0.0,0.0,0.0,0.0,1.0,0.0,0.15136264264583588,0.29730096459388733,0.4013356864452362,0.02806812897324562,0.0,0.11858038604259491,0.11446645110845566,0.11446645110845566,0.1736534833908081,0.06456566601991653,3.243739166158832e-10,0.0,0.0,3.94831919670105,3.94831919670105,2.520512104034424,2.520512104034424,0.705379843711853,0.0,0.0,0.0,0.0,0.28135940432548523,0.10765399038791656,0.00360727752558887,0.7284653782844543,0.563198447227478,0.017141545191407204,2.52754282951355,2.52721905708313,2.520512104034424,2.4949426651000977,2.588202953338623,0.1754685342311859,0.07217736542224884,1.0,2.535229444503784,2.4253621101379395,2.427203893661499,0.0,0.0,0.0,0.0,0.0,0.0,0.0,,,,,,,,,,,,,,,,,0.0005
18,5820,train,0.048036038875579834,0.1222202405333519,0.12632057070732117,0.0,0.0054486715234816074,0.0054486715234816074,0.0,3.270616292953491,9.999999747378752e-05,0.029999999329447746,0.029999999329447746,0.029999999329447746,0.0010000000474974513,0.0010000000474974513,0.08601614832878113,0.011935830116271973,0.0,0.0,0.0,0.0,-1.6672799587249756,-1.6672799587249756,1.0,-1.6672799587249756,0.0,-4.333994388580322,2.6110572814941406,1.0,0.08601614832878113,1.0,0.0,0.0,0.08601614832878113,0.0,0.0,0.011935830116271973,0.0,0.288064181804657,0.07557077705860138,0.09579882025718689,0.5214276909828186,0.5660938024520874,0.0,0.0,0.0,0.0,0.0,0.0,0.0,0.0,1.0,0.0,0.15331600606441498,0.27458471059799194,0.39689913392066956,0.03029043786227703,0.0,0.12632057070732117,0.1222202405333519,0.1222202405333519,0.15663976967334747,0.028929702937602997,-1.3624809613865807e-10,0.0,0.0,3.91351318359375,3.91351318359375,2.5342297554016113,2.5342297554016113,0.6306599378585815,0.0,0.0,0.0,0.0,0.288064181804657,0.11671823263168335,0.012741133570671082,0.8298143148422241,0.5660938024520874,0.0392463244497776,2.5341734886169434,2.5352909564971924,2.5342297554016113,2.5499167442321777,2.6110572814941406,0.1686880886554718,0.07117893546819687,1.0,2.35524845123291,2.3558340072631836,2.4054794311523438,0.0,0.0,0.0,0.0,0.0,0.0,0.0,,,,,,,,,,,,,,,,,0.0005
18,5840,train,0.03900369629263878,0.11398054659366608,0.11849723756313324,0.0,0.005084376782178879,0.005084376782178879,0.0,3.301487445831299,9.999999747378752e-05,0.029999999329447746,0.029999999329447746,0.029999999329447746,0.0010000000474974513,0.0010000000474974513,0.08076027780771255,0.025800108909606934,0.0,0.0,0.0,0.0,-1.6544256210327148,-1.6544256210327148,1.0,-1.6544256210327148,0.0,-4.294516086578369,2.580601930618286,1.0,0.08076027780771255,1.0,0.0,0.0,0.08076027780771255,0.0,0.0,0.025800108909606934,0.0,0.3258001208305359,0.09246794134378433,0.07473675906658173,0.715855062007904,0.5889427661895752,0.0,0.0,0.0,0.0,0.0,0.0,0.0,0.0,1.0,0.0,0.15766748785972595,0.28442490100860596,0.4063325524330139,0.029748525470495224,0.0,0.11849723756313324,0.11398054659366608,0.11398054659366608,0.16100488603115082,0.0507420152425766,1.2918524583405144e-10,0.0,0.0,3.8129351139068604,3.8129351139068604,2.539393663406372,2.539393663406372,0.6295757293701172,0.0,0.0,0.0,0.0,0.3258001208305359,0.13171954452991486,0.0018665981478989124,0.8499062061309814,0.5889427661895752,0.08256740868091583,2.523892879486084,2.549696922302246,2.539393663406372,2.4750025272369385,2.580601930618286,0.1755235344171524,0.07488738745450974,1.0,2.3150696754455566,2.40102219581604,2.4446072578430176,0.0,0.0,0.0,0.0,0.0,0.0,0.0,,,,,,,,,,,,,,,,,0.0005
18,5860,train,0.04831444472074509,0.12232425063848495,0.12616471946239471,0.0,0.006172758527100086,0.006172758527100086,0.0,3.3367741107940674,9.999999747378752e-05,0.029999999329447746,0.029999999329447746,0.029999999329447746,0.0010000000474974513,0.0010000000474974513,0.08625687658786774,0.006598025560379028,0.0,0.0,0.0,0.0,-1.6642411947250366,-1.6642411947250366,1.0,-1.6642411947250366,0.0,-4.3177313804626465,2.5938966274261475,1.0,0.08625687658786774,1.0,0.0,0.0,0.08625687658786774,0.0,0.0,0.006598025560379028,0.0,0.306598037481308,0.07901456207036972,0.06483683735132217,0.5776786804199219,0.5806925296783447,0.0,0.0,0.0,0.0,0.0,0.0,0.0,0.0,1.0,0.0,0.1470358818769455,0.2913874089717865,0.39512312412261963,0.028393546119332314,0.0,0.12616471946239471,0.12232425063848495,0.12232425063848495,0.1659458577632904,0.04548082873225212,1.1220233075981412e-10,0.0,0.0,3.961693286895752,3.96169376373291,2.4974029064178467,2.4974029064178467,0.6790576577186584,0.0,0.0,0.0,0.0,0.306598037481308,0.1189812645316124,0.0019971146248281,0.747882068157196,0.5806925296783447,0.0546262301504612,2.4918859004974365,2.504472494125366,2.4974029064178467,2.5268709659576416,2.5938966274261475,0.16495412588119507,0.06913433969020844,1.0,2.398244857788086,2.413149833679199,2.4778027534484863,0.0,0.0,0.0,0.0,0.0,0.0,0.0,,,,,,,,,,,,,,,,,0.0005
18,5880,train,0.04799026995897293,0.1222526878118515,0.126184344291687,0.0,0.006049672141671181,0.006049672141671181,0.0,3.3159754276275635,9.999999747378752e-05,0.029999999329447746,0.029999999329447746,0.029999999329447746,0.0010000000474974513,0.0010000000474974513,0.08294515311717987,0.005695223808288574,0.0,0.0,0.0,0.0,-1.668350338935852,-1.668350338935852,1.0,-1.668350338935852,0.0,-4.339849948883057,2.5746493339538574,1.0,0.08294515311717987,1.0,0.0,0.0,0.08294515311717987,0.0,0.0,0.005695223808288574,0.0,0.2943047881126404,0.08341491222381592,0.07063256204128265,0.5606015920639038,0.5677754878997803,0.0,0.0,0.0,0.0,0.0,0.0,0.0,0.0,1.0,0.0,0.13569830358028412,0.28028228878974915,0.3966515362262726,0.029063628986477852,0.0,0.126184344291687,0.1222526878118515,0.1222526878118515,0.1666165143251419,0.049759842455387115,2.6623095394917584e-10,0.0,0.0,3.891624689102173,3.891624689102173,2.5117576122283936,2.5117576122283936,0.6694039702415466,0.0,0.0,0.0,0.0,0.2943047881126404,0.12153473496437073,0.006495687644928694,0.7706515192985535,0.5677754878997803,0.0403645858168602,2.465547561645508,2.5253870487213135,2.5117576122283936,2.5240654945373535,2.5746493339538574,0.16690538823604584,0.07049009948968887,1.0,2.3545939922332764,2.442392349243164,2.4559783935546875,0.0,0.0,0.0,0.0,0.0,0.0,0.0,,,,,,,,,,,,,,,,,0.0005
18,5900,train,0.05995537340641022,0.1319330930709839,0.1342918872833252,0.0,0.006054589990526438,0.006054589990526438,0.0,3.3262979984283447,9.999999747378752e-05,0.029999999329447746,0.029999999329447746,0.029999999329447746,0.0010000000474974513,0.0010000000474974513,0.08925951272249222,0.02143236994743347,0.0,0.0,0.0,0.0,-1.657684326171875,-1.657684326171875,1.0,-1.657684326171875,0.0,-4.349822044372559,2.6083521842956543,1.0,0.08925951272249222,1.0,0.0,0.0,0.08925951272249222,0.0,0.0,0.02143236994743347,0.0,0.2785676419734955,0.08411837369203568,0.07195207476615906,0.5603368282318115,0.5590729713439941,0.0,0.0,0.0,0.0,0.0,0.0,0.0,0.0,1.0,0.0,0.1399146467447281,0.27441203594207764,0.39305439591407776,0.028794115409255028,0.0,0.1342918872833252,0.1319330930709839,0.1319330930709839,0.15305474400520325,0.010297659784555435,-8.677671775592088e-11,0.0,0.0,3.9393677711486816,3.9393677711486816,2.505929708480835,2.505929708480835,0.6179588437080383,0.0,0.0,0.0,0.0,0.2785676419734955,0.11163938790559769,0.003451695665717125,0.7557762265205383,0.5590729713439941,0.024908090010285378,2.487821340560913,2.5124876499176025,2.505929708480835,2.549215793609619,2.6083521842956543,0.16607823967933655,0.07337221503257751,1.0,2.367849111557007,2.390296220779419,2.430271625518799,0.0,0.0,0.0,0.0,0.0,0.0,0.0,,,,,,,,,,,,,,,,,0.0005
18,5920,train,0.048205237835645676,0.12219968438148499,0.1261623203754425,0.0,0.006839413661509752,0.006839413661509752,0.0,3.3343822956085205,9.999999747378752e-05,0.029999999329447746,0.029999999329447746,0.029999999329447746,0.0010000000474974513,0.0010000000474974513,0.0880681574344635,0.008828967809677124,0.0,0.0,0.0,0.0,-1.6643738746643066,-1.6643738746643066,1.0,-1.6643738746643066,0.0,-4.316797256469727,2.575383424758911,1.0,0.0880681574344635,1.0,0.0,0.0,0.0880681574344635,0.0,0.0,0.008828967809677124,0.0,0.29117104411125183,0.07509694248437881,0.07859962433576584,0.5294605493545532,0.567736029624939,0.0,0.0,0.0,0.0,0.0,0.0,0.0,0.0,1.0,0.0,0.1444557160139084,0.2970319092273712,0.40250712633132935,0.0287262424826622,0.0,0.1261623203754425,0.12219968438148499,0.12219968438148499,0.1769978553056717,0.06853917986154556,-4.492732574856717e-10,0.0,0.0,4.013140678405762,4.013140678405762,2.5226452350616455,2.5226452350616455,0.7369979023933411,0.0,0.0,0.0,0.0,0.29117104411125183,0.11839213222265244,0.012031258083879948,0.7938055396080017,0.567736029624939,0.04476103186607361,2.5165510177612305,2.5259687900543213,2.5226452350616455,2.4958560466766357,2.575383424758911,0.17551261186599731,0.07193416357040405,1.0,2.4877021312713623,2.432175397872925,2.3969123363494873,0.0,0.0,0.0,0.0,0.0,0.0,0.0,,,,,,,,,,,,,,,,,0.0005
18,5940,train,0.043258532881736755,0.11702243238687515,0.12013120949268341,0.0,0.005819852463901043,0.005819852463901043,0.0,3.3138375282287598,9.999999747378752e-05,0.029999999329447746,0.029999999329447746,0.029999999329447746,0.0010000000474974513,0.0010000000474974513,0.08805805444717407,0.004312783479690552,0.0,0.0,0.0,0.0,-1.639808177947998,-1.639808177947998,1.0,-1.639808177947998,0.0,-4.263034343719482,2.5737032890319824,1.0,0.08805805444717407,1.0,0.0,0.0,0.08805805444717407,0.0,0.0,0.004312783479690552,0.0,0.2956872284412384,0.07882756739854813,0.09926098585128784,0.6195290088653564,0.571878969669342,0.0,0.0,0.0,0.0,0.0,0.0,0.0,0.0,1.0,0.0,0.14966532588005066,0.2891276776790619,0.4135022759437561,0.02956666797399521,0.0,0.12013120949268341,0.11702243238687515,0.11702243238687515,0.17805743217468262,0.05241381749510765,5.110522560691777e-10,0.0,0.0,3.938331127166748,3.938331127166748,2.5940659046173096,2.5940659046173096,0.722827672958374,0.0,0.0,0.0,0.0,0.2956872284412384,0.11857873201370239,0.00917096994817257,0.8360490202903748,0.571878969669342,0.050045959651470184,2.5595204830169678,2.6080853939056396,2.5940659046173096,2.517117500305176,2.5737032890319824,0.17799195647239685,0.07514739036560059,1.0,2.47983980178833,2.440115451812744,2.4685914516448975,0.0,0.0,0.0,0.0,0.0,0.0,0.0,,,,,,,,,,,,,,,,,0.0005
18,5960,train,0.027395833283662796,0.10473677515983582,0.10748545825481415,0.0,0.005375130567699671,0.005375130567699671,0.0,3.32539439201355,9.999999747378752e-05,0.029999999329447746,0.029999999329447746,0.029999999329447746,0.0010000000474974513,0.0010000000474974513,0.07950390875339508,0.0025201141834259033,0.0,0.0,0.0,0.0,-1.6568975448608398,-1.6568975448608398,1.0,-1.6568975448608398,0.0,-4.278510093688965,2.6973190307617188,1.0,0.07950390875339508,1.0,0.0,0.0,0.07950390875339508,0.0,0.0,0.0025201141834259033,0.0,0.29747986793518066,0.07576999068260193,0.09625270217657089,0.5220192670822144,0.5782009959220886,0.0,0.0,0.0,0.0,0.0,0.0,0.0,0.0,1.0,0.0,0.14924940466880798,0.2761412262916565,0.4146645963191986,0.029418889433145523,0.0,0.10748545825481415,0.10473677515983582,0.10473677515983582,0.15690957009792328,-0.013505061157047749,-1.0358722907222173e-10,0.0,0.0,3.898973226547241,3.898973226547241,2.649458169937134,2.649458169937134,0.62429279088974,0.0,0.0,0.0,0.0,0.29747989773750305,0.11062850058078766,0.015699155628681183,0.7905088663101196,0.5782009959220886,0.037837013602256775,2.5971286296844482,2.668616771697998,2.649458169937134,2.5972023010253906,2.6973190307617188,0.18178366124629974,0.08144093304872513,1.0,2.526106357574463,2.415276288986206,2.4226877689361572,0.0,0.0,0.0,0.0,0.0,0.0,0.0,,,,,,,,,,,,,,,,,0.0005
18,5980,train,0.055185407400131226,0.12886857986450195,0.13113702833652496,0.0,0.0064376420341432095,0.0064376420341432095,0.0,3.2624006271362305,9.999999747378752e-05,0.029999999329447746,0.029999999329447746,0.029999999329447746,0.0010000000474974513,0.0010000000474974513,0.0913989320397377,0.016760557889938354,0.0,0.0,0.0,0.0,-1.6756349802017212,-1.6756349802017212,1.0,-1.6756349802017212,0.0,-4.371402263641357,2.5372514724731445,1.0,0.0913989320397377,1.0,0.0,0.0,0.0913989320397377,0.0,0.0,0.016760557889938354,0.0,0.3167606294155121,0.07276635617017746,0.09545840322971344,0.5591045618057251,0.5933559536933899,0.0,0.0,0.0,0.0,0.0,0.0,0.0,0.0,1.0,0.0,0.1309306025505066,0.2741096317768097,0.37932848930358887,0.030251814052462578,0.0,0.13113702833652496,0.12886857986450195,0.12886857986450195,0.16668927669525146,0.0424426831305027,3.31104949014005e-10,0.0,0.0,4.0063982009887695,4.0063982009887695,2.4205322265625,2.4205322265625,0.6890585422515869,0.0,0.0,0.0,0.0,0.3167605698108673,0.11340051144361496,0.00946267694234848,0.8117110729217529,0.5933559536933899,0.05099571496248245,2.4059019088745117,2.429234266281128,2.4205322265625,2.514350652694702,2.5372514724731445,0.15549927949905396,0.06449507921934128,1.0,2.383932590484619,2.370351552963257,2.409675121307373,0.0,0.0,0.0,0.0,0.0,0.0,0.0,,,,,,,,,,,,,,,,,0.0005
18,6000,train,0.04940278083086014,0.12395920604467392,0.12754137814044952,0.0,0.005712084472179413,0.005712084472179413,0.0,3.279064416885376,9.999999747378752e-05,0.029999999329447746,0.029999999329447746,0.029999999329447746,0.0010000000474974513,0.0010000000474974513,0.07912446558475494,0.005826771259307861,0.0,0.0,0.0,0.0,-1.6774821281433105,-1.6774821281433105,1.0,-1.6774821281433105,0.0,-4.33970308303833,2.589568614959717,1.0,0.07912446558475494,1.0,0.0,0.0,0.07912446558475494,0.0,0.0,0.005826771259307861,0.0,0.3058267831802368,0.07123376429080963,0.09667710959911346,0.5193883180618286,0.5843762159347534,0.0,0.0,0.0,0.0,0.0,0.0,0.0,0.0,1.0,0.0,0.1423856019973755,0.283085435628891,0.39260196685791016,0.03008747659623623,0.0,0.12754137814044952,0.12395920604467392,0.12395920604467392,0.16581189632415771,0.046716589480638504,-2.4336643811295744e-10,0.0,0.0,3.8670787811279297,3.8670787811279297,2.484536647796631,2.484536647796631,0.6530554890632629,0.0,0.0,0.0,0.0,0.3058267831802368,0.11220327764749527,0.01379661075770855,0.7757096290588379,0.5843762159347534,0.04189644753932953,2.462940216064453,2.4980337619781494,2.484536647796631,2.5465900897979736,2.589568614959717,0.16497920453548431,0.06774653494358063,1.0,2.3419060707092285,2.429579734802246,2.430851936340332,0.0,0.0,0.0,0.0,0.0,0.0,0.0,,,,,,,,,,,,,,,,,0.0005
18,6012,train_epoch,0.04405752677068917,0.1188730793798755,0.12214749549588043,0.0,0.006024363863387864,0.006024363863387864,0.0,3.3053332288822013,9.999999747378752e-05,0.029999999329447746,0.029999999329447746,0.029999999329447746,0.0010000000474974513,0.0010000000474974513,0.08809896942205772,0.010555671360678302,0.0,0.0,0.0,0.0,-1.6642495354492508,-1.6642495354492508,1.0,-1.6642495354492508,0.0,-4.313749695966344,2.593656413569422,1.0,0.08809896942205772,1.0,0.0,0.0,0.08809896942205772,0.0,0.0,0.010555671360678302,0.0,0.3000751411664986,0.07706617012976887,0.08698312529992915,0.5540805041433094,0.5772569757735658,0.0,0.0,0.0,0.0,0.0,0.0,0.0,0.0,1.0,0.0,0.14381958530870026,0.2848926692487237,0.3987738217065434,0.02945701357445674,0.0,0.12214749549588043,0.1188730793798755,0.1188730793798755,0.1646149647003876,0.03908515133548871,1.718927499724275e-11,0.0,0.0,3.9090876108158135,3.909087617954094,2.5261981251710903,2.5261981251710903,0.6631560348821971,0.0,0.0,0.0,0.0,0.30007513768658667,0.11480985202653679,0.008873413195436218,0.7844073112139445,0.5772569757735658,0.0444622728388065,2.5084433341454604,2.536239383463374,2.5261981251710903,2.5212859093786,2.593656413569422,0.17049201484211904,0.07261771148817982,1.0,2.4144047527256127,2.4160932216815607,2.417164906056341,0.0,0.0,0.0,0.0,0.0,0.0,0.0,,,,,,,,,,,,,,,,,0.0005
18,6012,val,,,,,,,,,,,,,,,,,,,,,,,,,,,,,,,,,,,,,,,,,,,,,,,,,,,,,,,,,,,,,,,,,,,,,,,,,,,,,,,,,,,,,,,,,,,,,,,,,,,16.9632708790066,743.2122458380621,27.261919335183688,11.101633767823916,15.633885907697248,24.917367837444406,9.941541061745033,16.976260468766498,27.337888794024213,11.11529488176913,19.200628375147915,30.71447899859134,12.960225066623172,16.9632708790066,27.261919335183688,11.101633767823916,0.0005
18,6012,test,,,,,,,,,,,,,,,,,,,,,,,,,,,,,,,,,,,,,,,,,,,,,,,,,,,,,,,,,,,,,,,,,,,,,,,,,,,,,,,,,,,,,,,,,,,,,,,,,,,16.408205882923024,667.9120627738334,25.843994713933707,10.060117476695293,15.177454609054703,23.741375946477458,9.289011340957504,16.380481243133545,25.917695745717577,10.12251176920023,18.5054104822176,28.921239841929783,11.284698250057462,16.408205882923024,25.843994713933707,10.060117476695293,0.0005
19,6020,train,0.0452486015856266,0.12110177427530289,0.12520891427993774,0.0,0.006563698407262564,0.006563698407262564,0.0,3.275059938430786,9.999999747378752e-05,0.029999999329447746,0.029999999329447746,0.029999999329447746,0.0010000000474974513,0.0010000000474974513,0.09461840987205505,0.023028045892715454,0.0,0.0,0.0,0.0,-1.6922836303710938,-1.6922836303710938,1.0,-1.6922836303710938,0.0,-4.378209590911865,2.479947566986084,1.0,0.09461840987205505,1.0,0.0,0.0,0.09461840987205505,0.0,0.0,0.023028045892715454,0.0,0.3230280578136444,0.09307347238063812,0.07259239256381989,0.6806633472442627,0.5937163829803467,0.0,0.0,0.0,0.0,0.0,0.0,0.0,0.0,1.0,0.0,0.13785655796527863,0.2841084599494934,0.38239678740501404,0.029668236151337624,0.0,0.12520891427993774,0.12110177427530289,0.12110177427530289,0.15492495894432068,0.04814756289124489,2.0833146319176876e-10,0.0,0.0,4.049013614654541,4.049013614654541,2.430018663406372,2.430018663406372,0.6536368131637573,0.0,0.0,0.0,0.0,0.3230280578136444,0.12156019359827042,0.008981302380561829,0.8645638227462769,0.5937163829803467,0.06954657286405563,2.4371187686920166,2.4322378635406494,2.430018663406372,2.406813621520996,2.479947566986084,0.159824937582016,0.06858332455158234,1.0,2.364762306213379,2.3453445434570312,2.3628334999084473,0.0,0.0,0.0,0.0,0.0,0.0,0.0,,,,,,,,,,,,,,,,,0.0005
19,6040,train,0.04618500918149948,0.12082559615373611,0.12478835135698318,0.0,0.005781647749245167,0.005781647749245167,0.0,3.290534019470215,9.999999747378752e-05,0.029999999329447746,0.029999999329447746,0.029999999329447746,0.0010000000474974513,0.0010000000474974513,0.08642853796482086,0.0011069178581237793,0.0,0.0,0.0,0.0,-1.6698049306869507,-1.6698049306869507,1.0,-1.6698049306869507,0.0,-4.311779499053955,2.5329620838165283,1.0,0.08642853796482086,1.0,0.0,0.0,0.08642853796482086,0.0,0.0,0.0011069178581237793,0.0,0.3011069595813751,0.07703083753585815,0.07644785940647125,0.5018112063407898,0.576368510723114,0.0,0.0,0.0,0.0,0.0,0.0,0.0,0.0,1.0,0.0,0.14942938089370728,0.28976085782051086,0.3956325054168701,0.029833922162652016,0.0,0.12478835135698318,0.12082559615373611,0.12082559615373611,0.16392290592193604,0.0493922084569931,-2.9534832912680997e-10,0.0,0.0,3.95355224609375,3.95355224609375,2.4896066188812256,2.4896066188812256,0.6733843088150024,0.0,0.0,0.0,0.0,0.30110692977905273,0.1177646815776825,0.005904663819819689,0.7850340008735657,0.576368510723114,0.044286154210567474,2.4998984336853027,2.4997904300689697,2.4896066188812256,2.4305410385131836,2.5329620838165283,0.1670905351638794,0.07168354094028473,1.0,2.414262294769287,2.370590925216675,2.361158609390259,0.0,0.0,0.0,0.0,0.0,0.0,0.0,,,,,,,,,,,,,,,,,0.0005
19,6060,train,0.04987923428416252,0.1223897859454155,0.12628930807113647,0.0,0.006002064328640699,0.006002064328640699,0.0,3.320493698120117,9.999999747378752e-05,0.029999999329447746,0.029999999329447746,0.029999999329447746,0.0010000000474974513,0.0010000000474974513,0.08764635026454926,0.006667196750640869,0.0,0.0,0.0,0.0,-1.6395806074142456,-1.6395806074142456,1.0,-1.6395806074142456,0.0,-4.274742126464844,2.6621510982513428,1.0,0.08764635026454926,1.0,0.0,0.0,0.08764635026454926,0.0,0.0,0.006667196750640869,0.0,0.2933328151702881,0.0628514215350151,0.09882064908742905,0.48443615436553955,0.5767620801925659,0.0,0.0,0.0,0.0,0.0,0.0,0.0,0.0,1.0,0.0,0.1462249457836151,0.28964704275131226,0.41274628043174744,0.029592439532279968,0.0,0.12628930807113647,0.1223897859454155,0.1223897859454155,0.17086192965507507,0.024582229554653168,-8.49654929746535e-11,0.0,0.0,3.940978765487671,3.940978765487671,2.6113533973693848,2.6113533973693848,0.6892575621604919,0.0,0.0,0.0,0.0,0.2933328151702881,0.10631522536277771,0.013502887450158596,0.7754413485527039,0.5767620801925659,0.028017770498991013,2.571362018585205,2.6270663738250732,2.6113533973693848,2.564044952392578,2.6621510982513428,0.17569874227046967,0.07491166144609451,1.0,2.4658474922180176,2.413830280303955,2.4088637828826904,0.0,0.0,0.0,0.0,0.0,0.0,0.0,,,,,,,,,,,,,,,,,0.0005
19,6080,train,0.04682270064949989,0.12093599140644073,0.12389156967401505,0.0,0.006341206841170788,0.006341206841170788,0.0,3.3856499195098877,9.999999747378752e-05,0.029999999329447746,0.029999999329447746,0.029999999329447746,0.0010000000474974513,0.0010000000474974513,0.08801928907632828,0.03156822919845581,0.0,0.0,0.0,0.0,-1.659000039100647,-1.659000039100647,1.0,-1.659000039100647,0.0,-4.309092998504639,2.6439969539642334,1.0,0.08801928907632828,1.0,0.0,0.0,0.08801928907632828,0.0,0.0,0.03156822919845581,0.0,0.33156824111938477,0.08344794809818268,0.10460617393255234,0.6803134679794312,0.6020346879959106,0.0,0.0,0.0,0.0,0.0,0.0,0.0,0.0,1.0,0.0,0.13412922620773315,0.2872317135334015,0.3903871178627014,0.027005665004253387,0.0,0.12389156967401505,0.12093599140644073,0.12093599140644073,0.16285231709480286,0.040015432983636856,2.272180082973918e-10,0.0,0.0,3.8821592330932617,3.882159471511841,2.482753276824951,2.482753276824951,0.6534356474876404,0.0,0.0,0.0,0.0,0.33156824111938477,0.11882895231246948,0.002028911141678691,0.8637536764144897,0.6020346879959106,0.08167892694473267,2.457789659500122,2.497337579727173,2.482753276824951,2.5950381755828857,2.6439969539642334,0.1626044064760208,0.06798980385065079,1.0,2.4135513305664062,2.3670318126678467,2.4254813194274902,0.0,0.0,0.0,0.0,0.0,0.0,0.0,,,,,,,,,,,,,,,,,0.0005
19,6100,train,0.05551750212907791,0.1305098831653595,0.13308224081993103,0.0,0.006480957847088575,0.006480957847088575,0.0,3.348618745803833,9.999999747378752e-05,0.029999999329447746,0.029999999329447746,0.029999999329447746,0.0010000000474974513,0.0010000000474974513,0.09191770106554031,0.006996124982833862,0.0,0.0,0.0,0.0,-1.7039506435394287,-1.7039506435394287,1.0,-1.7039506435394287,0.0,-4.4052276611328125,2.457667112350464,1.0,0.09191770106554031,1.0,0.0,0.0,0.09191770106554031,0.0,0.0,0.006996124982833862,0.0,0.3069961667060852,0.08730951696634293,0.08551671355962753,0.5355307459831238,0.5805913209915161,0.0,0.0,0.0,0.0,0.0,0.0,0.0,0.0,1.0,0.0,0.1292165070772171,0.2747824788093567,0.3768760561943054,0.02780887484550476,0.0,0.13308224081993103,0.1305098831653595,0.1305098831653595,0.16607852280139923,0.07193691283464432,-8.509694685021607e-12,0.0,0.0,4.016786098480225,4.016786098480225,2.3897202014923096,2.3897202014923096,0.694371223449707,0.0,0.0,0.0,0.0,0.3069961369037628,0.12000519037246704,0.006701574195176363,0.7624678015708923,0.5805913209915161,0.05644914507865906,2.398707628250122,2.385138750076294,2.3897202014923096,2.397801637649536,2.457667112350464,0.15565761923789978,0.06412452459335327,1.0,2.4082155227661133,2.3749170303344727,2.3859915733337402,0.0,0.0,0.0,0.0,0.0,0.0,0.0,,,,,,,,,,,,,,,,,0.0005
19,6120,train,0.04886619374155998,0.12373024225234985,0.12663882970809937,0.0,0.006616554223001003,0.006616554223001003,0.0,3.353480339050293,9.999999747378752e-05,0.029999999329447746,0.029999999329447746,0.029999999329447746,0.0010000000474974513,0.0010000000474974513,0.08650477230548859,0.005633175373077393,0.0,0.0,0.0,0.0,-1.680296778678894,-1.680296778678894,1.0,-1.680296778678894,0.0,-4.353496074676514,2.5140058994293213,1.0,0.08650477230548859,1.0,0.0,0.0,0.08650477230548859,0.0,0.0,0.005633175373077393,0.0,0.29436683654785156,0.06336710602045059,0.06386242806911469,0.47836682200431824,0.5791425108909607,0.0,0.0,0.0,0.0,0.0,0.0,0.0,0.0,1.0,0.0,0.14130839705467224,0.292318195104599,0.3883074223995209,0.028086548671126366,0.0,0.12663882970809937,0.12373024225234985,0.12373024225234985,0.16350272297859192,0.05575162172317505,-6.154096676702636e-10,0.0,0.0,3.9898359775543213,3.9898359775543213,2.4590580463409424,2.4590580463409424,0.6702347993850708,0.0,0.0,0.0,0.0,0.29436683654785156,0.10263928771018982,0.008206180296838284,0.7752535939216614,0.5791425108909607,0.02112438902258873,2.4343950748443604,2.468838691711426,2.4590580463409424,2.4410879611968994,2.5140058994293213,0.1613415628671646,0.06991276890039444,1.0,2.358902931213379,2.358630418777466,2.3487184047698975,0.0,0.0,0.0,0.0,0.0,0.0,0.0,,,,,,,,,,,,,,,,,0.0005
19,6140,train,0.04414327070116997,0.11957098543643951,0.12359869480133057,0.0,0.005926033947616816,0.005926033947616816,0.0,3.3287525177001953,9.999999747378752e-05,0.029999999329447746,0.029999999329447746,0.029999999329447746,0.0010000000474974513,0.0010000000474974513,0.08201377093791962,0.00849345326423645,0.0,0.0,0.0,0.0,-1.6791436672210693,-1.6791436672210693,1.0,-1.6791436672210693,0.0,-4.354332447052002,2.5344977378845215,1.0,0.08201377093791962,1.0,0.0,0.0,0.08201377093791962,0.0,0.0,0.00849345326423645,0.0,0.2915065884590149,0.07097853720188141,0.10451124608516693,0.5237812995910645,0.5710453391075134,0.0,0.0,0.0,0.0,0.0,0.0,0.0,0.0,1.0,0.0,0.13188421726226807,0.28111937642097473,0.3829154968261719,0.028507310897111893,0.0,0.12359869480133057,0.11957098543643951,0.11957098543643951,0.17354272305965424,0.06337051838636398,-4.2604528238676664e-10,0.0,0.0,3.88816237449646,3.88816237449646,2.4178407192230225,2.4178407192230225,0.6949106454849243,0.0,0.0,0.0,0.0,0.2915065586566925,0.11243560165166855,0.0055144126527011395,0.8211184740066528,0.5710453391075134,0.03000919334590435,2.4282567501068115,2.4221460819244385,2.4178407192230225,2.456233263015747,2.5344977378845215,0.16865254938602448,0.06910528242588043,1.0,2.427626132965088,2.4241974353790283,2.454428195953369,0.0,0.0,0.0,0.0,0.0,0.0,0.0,,,,,,,,,,,,,,,,,0.0005
19,6160,train,0.05638054013252258,0.13081832230091095,0.13470324873924255,0.0,0.006947226356714964,0.006947226356714964,0.0,3.295492649078369,9.999999747378752e-05,0.029999999329447746,0.029999999329447746,0.029999999329447746,0.0010000000474974513,0.0010000000474974513,0.09046774357557297,0.012048810720443726,0.0,0.0,0.0,0.0,-1.7003151178359985,-1.7003151178359985,1.0,-1.7003151178359985,0.0,-4.388156890869141,2.4390788078308105,1.0,0.09046774357557297,1.0,0.0,0.0,0.09046774357557297,0.0,0.0,0.012048810720443726,0.0,0.3120488226413727,0.09359060972929001,0.08204331248998642,0.6109010577201843,0.584119975566864,0.0,0.0,0.0,0.0,0.0,0.0,0.0,0.0,1.0,0.0,0.1307438611984253,0.282739520072937,0.3683467209339142,0.029063768684864044,0.0,0.13470324873924255,0.13081832230091095,0.13081832230091095,0.1683100461959839,0.08647452294826508,-2.1209374534425507e-10,0.0,0.0,3.982842445373535,3.982842445373535,2.3382506370544434,2.3382506370544434,0.7016015648841858,0.0,0.0,0.0,0.0,0.3120488226413727,0.12190262228250504,0.007770845200866461,0.8294333219528198,0.584119975566864,0.05851716175675392,2.3650667667388916,2.333894729614258,2.3382506370544434,2.3857600688934326,2.4390788078308105,0.15599524974822998,0.0641709417104721,1.0,2.399272918701172,2.3996400833129883,2.3759191036224365,0.0,0.0,0.0,0.0,0.0,0.0,0.0,,,,,,,,,,,,,,,,,0.0005
19,6180,train,0.042194828391075134,0.1189442053437233,0.12235237658023834,0.0,0.006480290554463863,0.006480290554463863,0.0,3.387024164199829,9.999999747378752e-05,0.029999999329447746,0.029999999329447746,0.029999999329447746,0.0010000000474974513,0.0010000000474974513,0.08360911160707474,0.002193152904510498,0.0,0.0,0.0,0.0,-1.6973127126693726,-1.6973127126693726,1.0,-1.6973127126693726,0.0,-4.3638787269592285,2.5415730476379395,1.0,0.08360911160707474,1.0,0.0,0.0,0.08360911160707474,0.0,0.0,0.002193152904510498,0.0,0.30219319462776184,0.08271800726652145,0.08680856227874756,0.5500471591949463,0.5800032615661621,0.0,0.0,0.0,0.0,0.0,0.0,0.0,0.0,1.0,0.0,0.13086213171482086,0.28557366132736206,0.3912179470062256,0.026969769969582558,0.0,0.12235237658023834,0.1189442053437233,0.1189442053437233,0.17491821944713593,0.07162037491798401,2.894658679419848e-10,0.0,0.0,3.968524694442749,3.968524694442749,2.4772300720214844,2.4772300720214844,0.7243577241897583,0.0,0.0,0.0,0.0,0.30219316482543945,0.1142013669013977,0.007949094288051128,0.7638219594955444,0.5800032615661621,0.0403645858168602,2.4327638149261475,2.491194009780884,2.4772300720214844,2.5079727172851562,2.5415730476379395,0.1632312834262848,0.0670536532998085,1.0,2.404831886291504,2.4574906826019287,2.3719441890716553,0.0,0.0,0.0,0.0,0.0,0.0,0.0,,,,,,,,,,,,,,,,,0.0005
19,6200,train,0.04123960807919502,0.11807028949260712,0.12105373293161392,0.0,0.006040386389940977,0.006040386389940977,0.0,3.3105685710906982,9.999999747378752e-05,0.029999999329447746,0.029999999329447746,0.029999999329447746,0.0010000000474974513,0.0010000000474974513,0.08599798381328583,0.011078953742980957,0.0,0.0,0.0,0.0,-1.6941797733306885,-1.6941797733306885,1.0,-1.6941797733306885,0.0,-4.360894680023193,2.482943058013916,1.0,0.08599798381328583,1.0,0.0,0.0,0.08599798381328583,0.0,0.0,0.011078953742980957,0.0,0.3110789656639099,0.08552723377943039,0.07830241322517395,0.6469647288322449,0.5840826034545898,0.0,0.0,0.0,0.0,0.0,0.0,0.0,0.0,1.0,0.0,0.12406553328037262,0.2738713026046753,0.3789856731891632,0.02877032570540905,0.0,0.12105373293161392,0.11807028949260712,0.11807028949260712,0.16178575158119202,0.060599278658628464,3.326640074519105e-10,0.0,0.0,3.9288110733032227,3.9288110733032227,2.395236015319824,2.395236015319824,0.6562156081199646,0.0,0.0,0.0,0.0,0.3110789656639099,0.12179962545633316,0.006705892272293568,0.8622114062309265,0.5840826034545898,0.06845895200967789,2.3707451820373535,2.409230947494507,2.395236015319824,2.417595624923706,2.482943058013916,0.1586051732301712,0.06525951623916626,1.0,2.4011898040771484,2.3685364723205566,2.402106761932373,0.0,0.0,0.0,0.0,0.0,0.0,0.0,,,,,,,,,,,,,,,,,0.0005
19,6220,train,0.047480951994657516,0.1224358081817627,0.12586353719234467,0.0,0.006178440060466528,0.006178440060466528,0.0,3.3212203979492188,9.999999747378752e-05,0.029999999329447746,0.029999999329447746,0.029999999329447746,0.0010000000474974513,0.0010000000474974513,0.09228040277957916,0.023049145936965942,0.0,0.0,0.0,0.0,-1.6793394088745117,-1.6793394088745117,1.0,-1.6793394088745117,0.0,-4.344220161437988,2.565093755722046,1.0,0.09228040277957916,1.0,0.0,0.0,0.09228040277957916,0.0,0.0,0.023049145936965942,0.0,0.3230491876602173,0.08381477743387222,0.07185976207256317,0.6405560970306396,0.5946252346038818,0.0,0.0,0.0,0.0,0.0,0.0,0.0,0.0,1.0,0.0,0.12675265967845917,0.28578466176986694,0.38465777039527893,0.0287584587931633,0.0,0.12586353719234467,0.1224358081817627,0.1224358081817627,0.17532937228679657,0.05610935017466545,6.226550525179064e-11,0.0,0.0,3.936518907546997,3.936518907546997,2.447495698928833,2.447495698928833,0.707754909992218,0.0,0.0,0.0,0.0,0.3230491578578949,0.12048745155334473,0.01177170593291521,0.7856597900390625,0.5946252346038818,0.08264400064945221,2.4217662811279297,2.4660370349884033,2.447495698928833,2.528709888458252,2.565093755722046,0.1641004979610443,0.06591883301734924,1.0,2.4352409839630127,2.496981620788574,2.4726433753967285,0.0,0.0,0.0,0.0,0.0,0.0,0.0,,,,,,,,,,,,,,,,,0.0005
19,6240,train,0.054497621953487396,0.13048262894153595,0.13288630545139313,0.0,0.005975482985377312,0.005975482985377312,0.0,3.3914055824279785,9.999999747378752e-05,0.029999999329447746,0.029999999329447746,0.029999999329447746,0.0010000000474974513,0.0010000000474974513,0.0941331684589386,0.023721963167190552,0.0,0.0,0.0,0.0,-1.7199755907058716,-1.7199755907058716,1.0,-1.7199755907058716,0.0,-4.436881065368652,2.3861095905303955,1.0,0.0941331684589386,1.0,0.0,0.0,0.0941331684589386,0.0,0.0,0.023721963167190552,0.0,0.3237220048904419,0.06545563042163849,0.12008383870124817,0.5048707723617554,0.6041088700294495,0.0,0.0,0.0,0.0,0.0,0.0,0.0,0.0,1.0,0.0,0.12686532735824585,0.26497289538383484,0.37232810258865356,0.026273632422089577,0.0,0.13288630545139313,0.13048262894153595,0.13048262894153595,0.16450464725494385,0.09928736835718155,-1.0764682895070266e-10,0.0,0.0,4.112269401550293,4.112269401550293,2.345705509185791,2.345705509185791,0.7130266427993774,0.0,0.0,0.0,0.0,0.3237219750881195,0.10315749794244766,0.007629177533090115,0.7692775726318359,0.6041088700294495,0.041743263602256775,2.3480947017669678,2.342728853225708,2.345705509185791,2.338411569595337,2.3861095905303955,0.14860068261623383,0.06167217716574669,1.0,2.3399155139923096,2.3776051998138428,2.3703906536102295,0.0,0.0,0.0,0.0,0.0,0.0,0.0,,,,,,,,,,,,,,,,,0.0005
19,6260,train,0.05085169896483421,0.12437117844820023,0.12789830565452576,0.0,0.0062018767930567265,0.0062018767930567265,0.0,3.2943027019500732,9.999999747378752e-05,0.029999999329447746,0.029999999329447746,0.029999999329447746,0.0010000000474974513,0.0010000000474974513,0.0895504355430603,0.008768469095230103,0.0,0.0,0.0,0.0,-1.6618825197219849,-1.6618825197219849,1.0,-1.6618825197219849,0.0,-4.339664936065674,2.5677342414855957,1.0,0.0895504355430603,1.0,0.0,0.0,0.0895504355430603,0.0,0.0,0.008768469095230103,0.0,0.29123157262802124,0.0779251977801323,0.07852301001548767,0.5134809017181396,0.5714828968048096,0.0,0.0,0.0,0.0,0.0,0.0,0.0,0.0,1.0,0.0,0.141352578997612,0.29434776306152344,0.3917672634124756,0.029653092846274376,0.0,0.12789830565452576,0.12437117844820023,0.12437117844820023,0.16989324986934662,0.02872381918132305,-2.5148683135967076e-10,0.0,0.0,3.843139410018921,3.843139410018921,2.5025744438171387,2.5025744438171387,0.6726024746894836,0.0,0.0,0.0,0.0,0.29123154282569885,0.11166644096374512,0.016523580998182297,0.765280544757843,0.5714828968048096,0.03325674310326576,2.4661061763763428,2.5202293395996094,2.5025744438171387,2.512371301651001,2.5677342414855957,0.17188598215579987,0.0732426717877388,1.0,2.3946290016174316,2.4608421325683594,2.3961963653564453,0.0,0.0,0.0,0.0,0.0,0.0,0.0,,,,,,,,,,,,,,,,,0.0005
19,6280,train,0.03546127304434776,0.11266496777534485,0.11588673293590546,0.0,0.005586816929280758,0.005586816929280758,0.0,3.3564579486846924,9.999999747378752e-05,0.029999999329447746,0.029999999329447746,0.029999999329447746,0.0010000000474974513,0.0010000000474974513,0.07981349527835846,0.007713884115219116,0.0,0.0,0.0,0.0,-1.6828635931015015,-1.6828635931015015,1.0,-1.6828635931015015,0.0,-4.327447414398193,2.5430405139923096,1.0,0.07981349527835846,1.0,0.0,0.0,0.07981349527835846,0.0,0.0,0.007713884115219116,0.0,0.30771389603614807,0.09030626714229584,0.075550876557827,0.6255447864532471,0.5799218416213989,0.0,0.0,0.0,0.0,0.0,0.0,0.0,0.0,1.0,0.0,0.13909024000167847,0.2860039174556732,0.39189210534095764,0.027773553505539894,0.0,0.11588673293590546,0.11266496777534485,0.11266496777534485,0.1604197770357132,0.04187820851802826,1.5402640274331247e-10,0.0,0.0,3.9120140075683594,3.9120140075683594,2.483886957168579,2.483886957168579,0.6444978713989258,0.0,0.0,0.0,0.0,0.30771389603614807,0.12258482724428177,0.005858130287379026,0.8743185997009277,0.5799218416213989,0.0585937537252903,2.467911958694458,2.492393732070923,2.483886957168579,2.4780681133270264,2.5430405139923096,0.1635473668575287,0.06909111142158508,1.0,2.442626476287842,2.428921699523926,2.4157190322875977,0.0,0.0,0.0,0.0,0.0,0.0,0.0,,,,,,,,,,,,,,,,,0.0005
19,6300,train,0.020870117470622063,0.09941215813159943,0.10235873609781265,0.0,0.004757682327181101,0.004757682327181101,0.0,3.3498973846435547,9.999999747378752e-05,0.029999999329447746,0.029999999329447746,0.029999999329447746,0.0010000000474974513,0.0010000000474974513,0.08729331940412521,0.01015561819076538,0.0,0.0,0.0,0.0,-1.659816026687622,-1.659816026687622,1.0,-1.659816026687622,0.0,-4.2860260009765625,2.6577489376068115,1.0,0.08729331940412521,1.0,0.0,0.0,0.08729331940412521,0.0,0.0,0.01015561819076538,0.0,0.2898443639278412,0.08120273798704147,0.0719854012131691,0.58357834815979,0.571788489818573,0.0,0.0,0.0,0.0,0.0,0.0,0.0,0.0,1.0,0.0,0.14764881134033203,0.2858717143535614,0.4070527255535126,0.02844364196062088,0.0,0.10235873609781265,0.09941215813159943,0.09941215813159943,0.15141700208187103,-0.01322806067764759,-3.471830462009606e-11,0.0,0.0,3.8255629539489746,3.8255629539489746,2.620974540710449,2.620974540710449,0.5877376198768616,0.0,0.0,0.0,0.0,0.2898443937301636,0.1093650609254837,0.019047442823648453,0.8115066289901733,0.571788489818573,0.03200061619281769,2.583451986312866,2.6328115463256836,2.620974540710449,2.567108154296875,2.6577489376068115,0.18102522194385529,0.08092919737100601,1.0,2.4179744720458984,2.3972327709198,2.3957250118255615,0.0,0.0,0.0,0.0,0.0,0.0,0.0,,,,,,,,,,,,,,,,,0.0005
19,6320,train,0.03694475069642067,0.11314164102077484,0.11633031815290451,0.0,0.005315315444022417,0.005315315444022417,0.0,3.3098902702331543,9.999999747378752e-05,0.029999999329447746,0.029999999329447746,0.029999999329447746,0.0010000000474974513,0.0010000000474974513,0.08450132608413696,0.007038623094558716,0.0,0.0,0.0,0.0,-1.667415738105774,-1.667415738105774,1.0,-1.667415738105774,0.0,-4.298835277557373,2.6244094371795654,1.0,0.08450132608413696,1.0,0.0,0.0,0.08450132608413696,0.0,0.0,0.007038623094558716,0.0,0.2929614186286926,0.0795743465423584,0.07666417956352234,0.59320467710495,0.5685199499130249,0.0,0.0,0.0,0.0,0.0,0.0,0.0,0.0,1.0,0.0,0.13070538640022278,0.27539369463920593,0.39151543378829956,0.029305066913366318,0.0,0.11633031815290451,0.11314164102077484,0.11314164102077484,0.1527593582868576,-0.010328544303774834,-7.321848682906307e-11,0.0,0.0,3.8100643157958984,3.8100643157958984,2.4926223754882812,2.4926223754882812,0.5947142839431763,0.0,0.0,0.0,0.0,0.29296138882637024,0.11805033683776855,0.006773211061954498,0.7941339015960693,0.5685199499130249,0.03690257668495178,2.507812261581421,2.504493236541748,2.4926223754882812,2.5399136543273926,2.6244094371795654,0.17376787960529327,0.07530556619167328,1.0,2.4026131629943848,2.3852899074554443,2.3844153881073,0.0,0.0,0.0,0.0,0.0,0.0,0.0,,,,,,,,,,,,,,,,,0.0005
19,6340,train,0.037160493433475494,0.11462188512086868,0.11661707609891891,0.0,0.006257414352148771,0.006257414352148771,0.0,3.3318095207214355,9.999999747378752e-05,0.029999999329447746,0.029999999329447746,0.029999999329447746,0.0010000000474974513,0.0010000000474974513,0.08037032186985016,0.010041415691375732,0.0,0.0,0.0,0.0,-1.689935326576233,-1.689935326576233,1.0,-1.689935326576233,0.0,-4.373915672302246,2.5100655555725098,1.0,0.08037032186985016,1.0,0.0,0.0,0.08037032186985016,0.0,0.0,0.010041415691375732,0.0,0.3100414276123047,0.0911538153886795,0.09917068481445312,0.6284968852996826,0.5841904878616333,0.0,0.0,0.0,0.0,0.0,0.0,0.0,0.0,1.0,0.0,0.1350412368774414,0.2828557789325714,0.39375433325767517,0.028561532497406006,0.0,0.11661707609891891,0.11462188512086868,0.11462188512086868,0.1604001522064209,0.021761538460850716,4.0588371552630065e-10,0.0,0.0,3.957148790359497,3.957148790359497,2.5046775341033936,2.5046775341033936,0.6467884182929993,0.0,0.0,0.0,0.0,0.3100414276123047,0.11985203623771667,0.018287481740117073,0.797414243221283,0.5841904878616333,0.0653492659330368,2.488680362701416,2.5196902751922607,2.5046775341033936,2.4792585372924805,2.5100655555725098,0.1708151251077652,0.07077410072088242,1.0,2.4711101055145264,2.4538190364837646,2.3997232913970947,0.0,0.0,0.0,0.0,0.0,0.0,0.0,,,,,,,,,,,,,,,,,0.0005
19,6346,train_epoch,0.042803493423197794,0.11802048258438795,0.12128865172316929,0.0,0.006078518872723697,0.006078518872723697,0.0,3.33238275179606,9.999999747378752e-05,0.029999999329447746,0.029999999329447746,0.029999999329447746,0.0010000000474974513,0.0010000000474974513,0.08646335863246175,0.010490601291199645,0.0,0.0,0.0,0.0,-1.6681211487261836,-1.6681211487261836,1.0,-1.6681211487261836,0.0,-4.321990197290203,2.572391405790866,1.0,0.08646335863246175,1.0,0.0,0.0,0.08646335863246175,0.0,0.0,0.010490601291199645,0.0,0.2996264386498286,0.07983284954450087,0.08364707809833888,0.5689999407636905,0.5765466393824823,0.0,0.0,0.0,0.0,0.0,0.0,0.0,0.0,1.0,0.0,0.14093921023482334,0.2869369574114234,0.39565386288537235,0.028652411227499296,0.0,0.12128865172316929,0.11802048258438795,0.11802048258438795,0.16525002078203385,0.0433349856715733,5.111218333828258e-12,0.0,0.0,3.9313352857521195,3.931335292176572,2.511123000504728,2.511123000504728,0.6715477364148922,0.0,0.0,0.0,0.0,0.2996264326715184,0.11519531370280031,0.00858066019966005,0.7924395858527657,0.5765466393824823,0.043700056462855394,2.4898715904372897,2.5220345758392426,2.511123000504728,2.5049676131345553,2.572391405790866,0.16850498635433392,0.0715400293290972,1.0,2.409642527917188,2.408267724299859,2.408416201254565,0.0,0.0,0.0,0.0,0.0,0.0,0.0,,,,,,,,,,,,,,,,,0.0005
19,6346,val,,,,,,,,,,,,,,,,,,,,,,,,,,,,,,,,,,,,,,,,,,,,,,,,,,,,,,,,,,,,,,,,,,,,,,,,,,,,,,,,,,,,,,,,,,,,,,,,,,,16.93745012111492,740.7840842169684,27.217348956446298,11.160782221201304,15.534068829304463,24.82666008119696,9.807857058069727,16.89084004496669,27.230768830982573,10.87688703365154,19.273532923277433,30.725998409480322,13.214833568882298,16.93745012111492,27.217348956446298,11.160782221201304,0.0005
19,6346,test,,,,,,,,,,,,,,,,,,,,,,,,,,,,,,,,,,,,,,,,,,,,,,,,,,,,,,,,,,,,,,,,,,,,,,,,,,,,,,,,,,,,,,,,,,,,,,,,,,,16.378855812656987,666.97742750838,25.8259061314096,10.171195919449264,15.072530931180662,23.644531920050152,9.17671387904399,16.301216018092525,25.83515089093747,9.940689924600962,18.551564465771925,28.98740956822104,11.626880040039888,16.378855812656987,25.8259061314096,10.171195919449264,0.0005
20,6360,train,0.03626886382699013,0.11318770796060562,0.11667123436927795,0.0,0.006128962617367506,0.006128962617367506,0.0,3.369391679763794,9.999999747378752e-05,0.029999999329447746,0.029999999329447746,0.029999999329447746,0.0010000000474974513,0.0010000000474974513,0.08574055135250092,0.0006300508975982666,0.0,0.0,0.0,0.0,-1.6810044050216675,-1.6810044050216675,1.0,-1.6810044050216675,0.0,-4.32084321975708,2.6566858291625977,1.0,0.08574055135250092,1.0,0.0,0.0,0.08574055135250092,0.0,0.0,0.0006300508975982666,0.0,0.3006300628185272,0.08296635001897812,0.08130817115306854,0.5207967758178711,0.5785571932792664,0.0,0.0,0.0,0.0,0.0,0.0,0.0,0.0,1.0,0.0,0.14182916283607483,0.29317614436149597,0.3915039002895355,0.027379723265767097,0.0,0.11667123436927795,0.11318770796060562,0.11318770796060562,0.16606861352920532,0.03892778977751732,1.613466027450272e-10,0.0,0.0,3.8596417903900146,3.8596417903900146,2.512056350708008,2.512056350708008,0.6672221422195435,0.0,0.0,0.0,0.0,0.3006300628185272,0.11410512775182724,0.0028756463434547186,0.7334766387939453,0.5785571932792664,0.03762255236506462,2.4665746688842773,2.5273046493530273,2.512056350708008,2.592125415802002,2.6566858291625977,0.1629619002342224,0.06937011331319809,1.0,2.379755973815918,2.361724615097046,2.3706815242767334,0.0,0.0,0.0,0.0,0.0,0.0,0.0,,,,,,,,,,,,,,,,,0.0005
20,6380,train,0.04145997762680054,0.11627539992332458,0.1206856220960617,0.0,0.006368210073560476,0.006368210073560476,0.0,3.321582078933716,9.999999747378752e-05,0.029999999329447746,0.029999999329447746,0.029999999329447746,0.0010000000474974513,0.0010000000474974513,0.08232366293668747,0.0019424855709075928,0.0,0.0,0.0,0.0,-1.65933358669281,-1.65933358669281,1.0,-1.65933358669281,0.0,-4.2950520515441895,2.5883877277374268,1.0,0.08232366293668747,1.0,0.0,0.0,0.08232366293668747,0.0,0.0,0.0019424855709075928,0.0,0.30194249749183655,0.0827539786696434,0.03150884062051773,0.5401536226272583,0.5801219940185547,0.0,0.0,0.0,0.0,0.0,0.0,0.0,0.0,1.0,0.0,0.13919593393802643,0.2936384379863739,0.39957618713378906,0.02914588898420334,0.0,0.1206856220960617,0.11627539992332458,0.11627539992332458,0.17724356055259705,0.03592533990740776,-1.4177858886910144e-10,0.0,0.0,3.9219913482666016,3.9219913482666016,2.5308680534362793,2.5308680534362793,0.713123083114624,0.0,0.0,0.0,0.0,0.30194249749183655,0.11263344436883926,0.0017721224576234818,0.7493335008621216,0.5801219940185547,0.036182601004838943,2.5136637687683105,2.543442964553833,2.5308680534362793,2.5308008193969727,2.5883877277374268,0.17305044829845428,0.07180504500865936,1.0,2.3762047290802,2.4695565700531006,2.4443511962890625,0.0,0.0,0.0,0.0,0.0,0.0,0.0,,,,,,,,,,,,,,,,,0.0005
20,6400,train,0.04404281824827194,0.1186172366142273,0.1211952492594719,0.0,0.005709316581487656,0.005709316581487656,0.0,3.3014118671417236,9.999999747378752e-05,0.029999999329447746,0.029999999329447746,0.029999999329447746,0.0010000000474974513,0.0010000000474974513,0.08192963898181915,0.004035860300064087,0.0,0.0,0.0,0.0,-1.656680941581726,-1.656680941581726,1.0,-1.656680941581726,0.0,-4.303449630737305,2.553661823272705,1.0,0.08192963898181915,1.0,0.0,0.0,0.08192963898181915,0.0,0.0,0.004035860300064087,0.0,0.29596418142318726,0.09096956998109818,0.08851242065429688,0.664071261882782,0.5693052411079407,0.0,0.0,0.0,0.0,0.0,0.0,0.0,0.0,1.0,0.0,0.13890522718429565,0.29034537076950073,0.38938888907432556,0.02949022315442562,0.0,0.1211952492594719,0.1186172366142273,0.1186172366142273,0.15100723505020142,0.040062595158815384,-5.2797610033961107e-11,0.0,0.0,3.8789680004119873,3.8789680004119873,2.45227313041687,2.45227313041687,0.6082196235656738,0.0,0.0,0.0,0.0,0.29596415162086487,0.12376443296670914,0.011625505983829498,0.7905059456825256,0.5693052411079407,0.060003068298101425,2.442131280899048,2.463284730911255,2.45227313041687,2.4568517208099365,2.553661823272705,0.16582052409648895,0.07003116607666016,1.0,2.3952114582061768,2.3525900840759277,2.3991141319274902,0.0,0.0,0.0,0.0,0.0,0.0,0.0,,,,,,,,,,,,,,,,,0.0005
20,6420,train,0.04286917299032211,0.11809993535280228,0.12146051973104477,0.0,0.005949166137725115,0.005949166137725115,0.0,3.3008830547332764,9.999999747378752e-05,0.029999999329447746,0.029999999329447746,0.029999999329447746,0.0010000000474974513,0.0010000000474974513,0.07999955117702484,0.015522360801696777,0.0,0.0,0.0,0.0,-1.6687825918197632,-1.6687825918197632,1.0,-1.6687825918197632,0.0,-4.332760334014893,2.50022554397583,1.0,0.07999955117702484,1.0,0.0,0.0,0.07999955117702484,0.0,0.0,0.015522360801696777,0.0,0.2844776511192322,0.06291187554597855,0.08492305874824524,0.5332200527191162,0.5690025687217712,0.0,0.0,0.0,0.0,0.0,0.0,0.0,0.0,1.0,0.0,0.13629619777202606,0.29169735312461853,0.3891151249408722,0.029445648193359375,0.0,0.12146051973104477,0.11809993535280228,0.11809993535280228,0.16962236166000366,0.05593818426132202,2.3812982835602625e-11,0.0,0.0,3.946845293045044,3.946845293045044,2.4721851348876953,2.4721851348876953,0.6911415457725525,0.0,0.0,0.0,0.0,0.2844776511192322,0.10478135198354721,0.007522943429648876,0.7478882670402527,0.5690025687217712,0.018596814945340157,2.4271302223205566,2.4891152381896973,2.4721851348876953,2.4400439262390137,2.50022554397583,0.1690315306186676,0.07065611332654953,1.0,2.4496641159057617,2.4113399982452393,2.4365553855895996,0.0,0.0,0.0,0.0,0.0,0.0,0.0,,,,,,,,,,,,,,,,,0.0005
20,6440,train,0.04428419470787048,0.11899596452713013,0.1217736154794693,0.0,0.005979407113045454,0.005979407113045454,0.0,3.3130791187286377,9.999999747378752e-05,0.029999999329447746,0.029999999329447746,0.029999999329447746,0.0010000000474974513,0.0010000000474974513,0.08765502274036407,0.011142998933792114,0.0,0.0,0.0,0.0,-1.661266565322876,-1.661266565322876,1.0,-1.661266565322876,0.0,-4.313708305358887,2.5583598613739014,1.0,0.08765502274036407,1.0,0.0,0.0,0.08765502274036407,0.0,0.0,0.011142998933792114,0.0,0.31114301085472107,0.07845738530158997,0.1009252592921257,0.5908228158950806,0.5884907841682434,0.0,0.0,0.0,0.0,0.0,0.0,0.0,0.0,1.0,0.0,0.14712761342525482,0.28747862577438354,0.40155938267707825,0.02930426597595215,0.0,0.1217736154794693,0.11899596452713013,0.11899596452713013,0.17532259225845337,0.057662203907966614,-3.3921493391986246e-10,0.0,0.0,3.9237143993377686,3.9237143993377686,2.536794662475586,2.536794662475586,0.7112359404563904,0.0,0.0,0.0,0.0,0.31114301085472107,0.11353571712970734,0.006536118686199188,0.7781627178192139,0.5884907841682434,0.04882046952843666,2.5183322429656982,2.5475564002990723,2.536794662475586,2.4724340438842773,2.5583598613739014,0.17609567940235138,0.07422837615013123,1.0,2.3519630432128906,2.392972469329834,2.368238687515259,0.0,0.0,0.0,0.0,0.0,0.0,0.0,,,,,,,,,,,,,,,,,0.0005
20,6460,train,0.04651040583848953,0.12323005497455597,0.1259034276008606,0.0,0.006284940987825394,0.006284940987825394,0.0,3.316401243209839,9.999999747378752e-05,0.029999999329447746,0.029999999329447746,0.029999999329447746,0.0010000000474974513,0.0010000000474974513,0.0841829925775528,0.009203344583511353,0.0,0.0,0.0,0.0,-1.7085652351379395,-1.7085652351379395,1.0,-1.7085652351379395,0.0,-4.394345760345459,2.4269258975982666,1.0,0.0841829925775528,1.0,0.0,0.0,0.0841829925775528,0.0,0.0,0.009203344583511353,0.0,0.3092033565044403,0.09059736132621765,0.09367012232542038,0.6134085059165955,0.5818281769752502,0.0,0.0,0.0,0.0,0.0,0.0,0.0,0.0,1.0,0.0,0.1275498867034912,0.28408733010292053,0.37168869376182556,0.02820184826850891,0.0,0.1259034276008606,0.12323005497455597,0.12323005497455597,0.15702731907367706,0.06702765077352524,-1.5586845703019492e-10,0.0,0.0,3.95048189163208,3.950481653213501,2.3834688663482666,2.3834688663482666,0.6476130485534668,0.0,0.0,0.0,0.0,0.3092033565044403,0.12239883095026016,0.004002472851425409,0.7630926966667175,0.5818281769752502,0.06148897483944893,2.35124135017395,2.390568733215332,2.3834688663482666,2.3745338916778564,2.4269258975982666,0.15353256464004517,0.06540679186582565,1.0,2.3662607669830322,2.3396284580230713,2.3789963722229004,0.0,0.0,0.0,0.0,0.0,0.0,0.0,,,,,,,,,,,,,,,,,0.0005
20,6480,train,0.04224368557333946,0.11794695258140564,0.12035167962312698,0.0,0.0061583733186125755,0.0061583733186125755,0.0,3.351259708404541,9.999999747378752e-05,0.029999999329447746,0.029999999329447746,0.029999999329447746,0.0010000000474974513,0.0010000000474974513,0.08088794350624084,0.0194932222366333,0.0,0.0,0.0,0.0,-1.6732312440872192,-1.6732312440872192,1.0,-1.6732312440872192,0.0,-4.357569694519043,2.586365222930908,1.0,0.08088794350624084,1.0,0.0,0.0,0.08088794350624084,0.0,0.0,0.0194932222366333,0.0,0.28050678968429565,0.09217001497745514,0.073335200548172,0.6957302093505859,0.5583153367042542,0.0,0.0,0.0,0.0,0.0,0.0,0.0,0.0,1.0,0.0,0.12642556428909302,0.2852632999420166,0.38704386353492737,0.027629870921373367,0.0,0.12035167962312698,0.11794695258140564,0.11794695258140564,0.1541198045015335,0.010335584171116352,9.215701118892028e-11,0.0,0.0,3.840167284011841,3.840167284011841,2.476593494415283,2.476593494415283,0.6060605049133301,0.0,0.0,0.0,0.0,0.28050678968429565,0.11833491176366806,0.01179512683302164,0.8630488514900208,0.5583153367042542,0.04352022334933281,2.412344455718994,2.4974541664123535,2.476593494415283,2.5357210636138916,2.586365222930908,0.16221274435520172,0.07206273823976517,1.0,2.352543354034424,2.375910520553589,2.3778281211853027,0.0,0.0,0.0,0.0,0.0,0.0,0.0,,,,,,,,,,,,,,,,,0.0005
20,6500,train,0.03349147364497185,0.11020141839981079,0.11355830729007721,0.0,0.005671245977282524,0.005671245977282524,0.0,3.3783795833587646,9.999999747378752e-05,0.029999999329447746,0.029999999329447746,0.029999999329447746,0.0010000000474974513,0.0010000000474974513,0.08711990714073181,0.0001703798770904541,0.0,0.0,0.0,0.0,-1.6669479608535767,-1.6669479608535767,1.0,-1.6669479608535767,0.0,-4.305004119873047,2.60379695892334,1.0,0.08711990714073181,1.0,0.0,0.0,0.08711990714073181,0.0,0.0,0.0001703798770904541,0.0,0.2998296022415161,0.07069399952888489,0.07692120224237442,0.49879032373428345,0.5808488726615906,0.0,0.0,0.0,0.0,0.0,0.0,0.0,0.0,1.0,0.0,0.14167578518390656,0.29237809777259827,0.4083748161792755,0.027607755735516548,0.0,0.11355830729007721,0.11020141839981079,0.11020141839981079,0.16620950400829315,0.027613207697868347,3.016870087080292e-10,0.0,0.0,3.9159154891967773,3.9159154891967773,2.596512794494629,2.596512794494629,0.6672666072845459,0.0,0.0,0.0,0.0,0.2998296320438385,0.10935872793197632,0.00668575381860137,0.7712051272392273,0.5808488726615906,0.03368566557765007,2.522704839706421,2.626938819885254,2.596512794494629,2.537120819091797,2.60379695892334,0.17314261198043823,0.07470627129077911,1.0,2.4271721839904785,2.386690855026245,2.367677688598633,0.0,0.0,0.0,0.0,0.0,0.0,0.0,,,,,,,,,,,,,,,,,0.0005
20,6520,train,0.037545397877693176,0.11385636776685715,0.11610925197601318,0.0,0.00630182633176446,0.00630182633176446,0.0,3.348184585571289,9.999999747378752e-05,0.029999999329447746,0.029999999329447746,0.029999999329447746,0.0010000000474974513,0.0010000000474974513,0.08458791673183441,0.018621057271957397,0.0,0.0,0.0,0.0,-1.6693317890167236,-1.6693317890167236,1.0,-1.6693317890167236,0.0,-4.328056335449219,2.556751012802124,1.0,0.08458791673183441,1.0,0.0,0.0,0.08458791673183441,0.0,0.0,0.018621057271957397,0.0,0.31862106919288635,0.08340080082416534,0.04972822591662407,0.5329083204269409,0.5925078988075256,0.0,0.0,0.0,0.0,0.0,0.0,0.0,0.0,1.0,0.0,0.14849808812141418,0.29957783222198486,0.397276371717453,0.02817694842815399,0.0,0.11610925197601318,0.11385636776685715,0.11385636776685715,0.1677066832780838,0.03607039898633957,1.226288792732788e-10,0.0,0.0,3.9840807914733887,3.9840807914733887,2.537702798843384,2.537702798843384,0.68785160779953,0.0,0.0,0.0,0.0,0.31862106919288635,0.11632150411605835,0.01062319241464138,0.7701503038406372,0.5925078988075256,0.05277267470955849,2.509270191192627,2.550039529800415,2.537702798843384,2.5024867057800293,2.556751012802124,0.16861283779144287,0.0713740736246109,1.0,2.347964286804199,2.3769853115081787,2.344470262527466,0.0,0.0,0.0,0.0,0.0,0.0,0.0,,,,,,,,,,,,,,,,,0.0005
20,6540,train,0.0400078147649765,0.1147763729095459,0.11814853549003601,0.0,0.006510324310511351,0.006510324310511351,0.0,3.2878615856170654,9.999999747378752e-05,0.029999999329447746,0.029999999329447746,0.029999999329447746,0.0010000000474974513,0.0010000000474974513,0.07534530758857727,0.011511772871017456,0.0,0.0,0.0,0.0,-1.6501537561416626,-1.6501537561416626,1.0,-1.6501537561416626,0.0,-4.300824165344238,2.558863401412964,1.0,0.07534530758857727,1.0,0.0,0.0,0.07534530758857727,0.0,0.0,0.011511772871017456,0.0,0.2884882390499115,0.08807633817195892,0.07967638969421387,0.6025780439376831,0.5590580105781555,0.0,0.0,0.0,0.0,0.0,0.0,0.0,0.0,1.0,0.0,0.13762487471103668,0.295207679271698,0.39800766110420227,0.03014509379863739,0.0,0.11814853549003601,0.1147763729095459,0.1147763729095459,0.17829589545726776,0.05501795560121536,2.3177011698738426e-10,0.0,0.0,3.9583263397216797,3.9583263397216797,2.5008609294891357,2.5008609294891357,0.7300584316253662,0.0,0.0,0.0,0.0,0.2884882390499115,0.12614184617996216,0.006333877798169851,0.7560015320777893,0.5590580105781555,0.045557599514722824,2.528869152069092,2.5025525093078613,2.5008609294891357,2.484290361404419,2.558863401412964,0.17961333692073822,0.07612653821706772,1.0,2.424103260040283,2.4884209632873535,2.4306507110595703,0.0,0.0,0.0,0.0,0.0,0.0,0.0,,,,,,,,,,,,,,,,,0.0005
20,6560,train,0.0506594143807888,0.12625516951084137,0.1286984384059906,0.0,0.006624393630772829,0.006624393630772829,0.0,3.3580069541931152,9.999999747378752e-05,0.029999999329447746,0.029999999329447746,0.029999999329447746,0.0010000000474974513,0.0010000000474974513,0.08883510529994965,0.023580580949783325,0.0,0.0,0.0,0.0,-1.6997065544128418,-1.6997065544128418,1.0,-1.6997065544128418,0.0,-4.4006667137146,2.4322218894958496,1.0,0.08883510529994965,1.0,0.0,0.0,0.08883510529994965,0.0,0.0,0.023580580949783325,0.0,0.3235805928707123,0.09029654413461685,0.09981675446033478,0.6139702796936035,0.594052255153656,0.0,0.0,0.0,0.0,0.0,0.0,0.0,0.0,1.0,0.0,0.13181447982788086,0.2775210738182068,0.3787859082221985,0.02724909409880638,0.0,0.1286984384059906,0.12625516951084137,0.12625516951084137,0.16796596348285675,0.07815780490636826,-3.523634994895275e-10,0.0,0.0,4.070820331573486,4.070820331573486,2.3952996730804443,2.3952996730804443,0.7136510014533997,0.0,0.0,0.0,0.0,0.3235805928707123,0.12116989493370056,0.008562588132917881,0.7684916853904724,0.594052255153656,0.07388174533843994,2.400988817214966,2.398538827896118,2.3952996730804443,2.3814475536346436,2.4322218894958496,0.15464740991592407,0.06508325040340424,1.0,2.3436975479125977,2.338728666305542,2.356048822402954,0.0,0.0,0.0,0.0,0.0,0.0,0.0,,,,,,,,,,,,,,,,,0.0005
20,6580,train,0.04564635828137398,0.11887295544147491,0.1214820146560669,0.0,0.006206855643540621,0.006206855643540621,0.0,3.3601834774017334,9.999999747378752e-05,0.029999999329447746,0.029999999329447746,0.029999999329447746,0.0010000000474974513,0.0010000000474974513,0.08062312752008438,0.005678713321685791,0.0,0.0,0.0,0.0,-1.6355254650115967,-1.6355254650115967,1.0,-1.6355254650115967,0.0,-4.309143543243408,2.5986597537994385,1.0,0.08062312752008438,1.0,0.0,0.0,0.08062312752008438,0.0,0.0,0.005678713321685791,0.0,0.29432129859924316,0.08566569536924362,0.07735598832368851,0.5991688370704651,0.5699357986450195,0.0,0.0,0.0,0.0,0.0,0.0,0.0,0.0,1.0,0.0,0.14464141428470612,0.30224061012268066,0.39744889736175537,0.027680732309818268,0.0,0.1214820146560669,0.11887295544147491,0.11887295544147491,0.1660826951265335,0.03891053423285484,8.29830371085194e-11,0.0,0.0,3.9987294673919678,3.9987294673919678,2.5398471355438232,2.5398471355438232,0.6869803667068481,0.0,0.0,0.0,0.0,0.29432129859924316,0.11908234655857086,0.00712535111233592,0.7444363236427307,0.5699357986450195,0.04678308963775635,2.529858112335205,2.5438833236694336,2.5398471355438232,2.5541677474975586,2.5986597537994385,0.17441527545452118,0.07322792708873749,1.0,2.318925380706787,2.3798179626464844,2.429680585861206,0.0,0.0,0.0,0.0,0.0,0.0,0.0,,,,,,,,,,,,,,,,,0.0005
20,6600,train,0.041291601955890656,0.11650386452674866,0.12028881907463074,0.0,0.005948247853666544,0.005948247853666544,0.0,3.3624632358551025,9.999999747378752e-05,0.029999999329447746,0.029999999329447746,0.029999999329447746,0.0010000000474974513,0.0010000000474974513,0.08731622993946075,0.002014458179473877,0.0,0.0,0.0,0.0,-1.664567470550537,-1.664567470550537,1.0,-1.664567470550537,0.0,-4.307878017425537,2.6204140186309814,1.0,0.08731622993946075,1.0,0.0,0.0,0.08731622993946075,0.0,0.0,0.002014458179473877,0.0,0.2979855537414551,0.07798527926206589,0.08623497933149338,0.5489479899406433,0.5781941413879395,0.0,0.0,0.0,0.0,0.0,0.0,0.0,0.0,1.0,0.0,0.14374341070652008,0.2869358956813812,0.3996376395225525,0.02782919444143772,0.0,0.12028881907463074,0.11650386452674866,0.11650386452674866,0.17609311640262604,0.03709748387336731,-8.079420465989529e-11,0.0,0.0,3.940265655517578,3.940265655517578,2.548306465148926,2.548306465148926,0.7184503078460693,0.0,0.0,0.0,0.0,0.2979855537414551,0.11125768721103668,0.010240981355309486,0.732883095741272,0.5781941413879395,0.03694853186607361,2.5269620418548584,2.559457778930664,2.548306465148926,2.558885335922241,2.6204140186309814,0.17253294587135315,0.07225076854228973,1.0,2.3748831748962402,2.3523709774017334,2.376451253890991,0.0,0.0,0.0,0.0,0.0,0.0,0.0,,,,,,,,,,,,,,,,,0.0005
20,6620,train,0.048536788672208786,0.12321464717388153,0.12557736039161682,0.0,0.006478338036686182,0.006478338036686182,0.0,3.3502566814422607,9.999999747378752e-05,0.029999999329447746,0.029999999329447746,0.029999999329447746,0.0010000000474974513,0.0010000000474974513,0.08269937336444855,0.017360061407089233,0.0,0.0,0.0,0.0,-1.6737127304077148,-1.6737127304077148,1.0,-1.6737127304077148,0.0,-4.362606525421143,2.507451295852661,1.0,0.08269937336444855,1.0,0.0,0.0,0.08269937336444855,0.0,0.0,0.017360061407089233,0.0,0.28263992071151733,0.0866960808634758,0.06780891865491867,0.5374479293823242,0.5638846755027771,0.0,0.0,0.0,0.0,0.0,0.0,0.0,0.0,1.0,0.0,0.1311749368906021,0.27734968066215515,0.3865605592727661,0.02783133275806904,0.0,0.12557736039161682,0.12321464717388153,0.12321464717388153,0.15288320183753967,0.02658703736960888,2.634436002679763e-10,0.0,0.0,3.9048426151275635,3.9048423767089844,2.4764599800109863,2.4764599800109863,0.6184616684913635,0.0,0.0,0.0,0.0,0.2826399505138397,0.11038463562726974,0.005152309779077768,0.713135302066803,0.5638846755027771,0.028431374579668045,2.4408838748931885,2.485154867172241,2.4764599800109863,2.4202332496643066,2.507451295852661,0.16529123485088348,0.07183206081390381,1.0,2.348818302154541,2.420551061630249,2.437638998031616,0.0,0.0,0.0,0.0,0.0,0.0,0.0,,,,,,,,,,,,,,,,,0.0005
20,6640,train,0.03672061488032341,0.11167877912521362,0.11572591960430145,0.0,0.006061737425625324,0.006061737425625324,0.0,3.3338849544525146,9.999999747378752e-05,0.029999999329447746,0.029999999329447746,0.029999999329447746,0.0010000000474974513,0.0010000000474974513,0.08459071815013885,0.0053904056549072266,0.0,0.0,0.0,0.0,-1.645142912864685,-1.645142912864685,1.0,-1.645142912864685,0.0,-4.2993340492248535,2.535220146179199,1.0,0.08459071815013885,1.0,0.0,0.0,0.08459071815013885,0.0,0.0,0.0053904056549072266,0.0,0.29460960626602173,0.09648092836141586,0.08707629889249802,0.6200041770935059,0.562600314617157,0.0,0.0,0.0,0.0,0.0,0.0,0.0,0.0,1.0,0.0,0.14731521904468536,0.29476726055145264,0.39914289116859436,0.02866476960480213,0.0,0.11572591960430145,0.11167877912521362,0.11167877912521362,0.17262698709964752,0.04537656530737877,5.521767487692841e-10,0.0,0.0,3.8440768718719482,3.8440768718719482,2.5355594158172607,2.5355594158172607,0.6934623122215271,0.0,0.0,0.0,0.0,0.29460960626602173,0.13056915998458862,0.003174298442900181,0.8177772164344788,0.562600314617157,0.05556066334247589,2.5325024127960205,2.546684980392456,2.5355594158172607,2.4672505855560303,2.535220146179199,0.1782561093568802,0.07641927152872086,1.0,2.315485954284668,2.4330930709838867,2.422483205795288,0.0,0.0,0.0,0.0,0.0,0.0,0.0,,,,,,,,,,,,,,,,,0.0005
20,6660,train,0.04418480396270752,0.12049981206655502,0.12266766279935837,0.0,0.005832485388964415,0.005832485388964415,0.0,3.3561601638793945,9.999999747378752e-05,0.029999999329447746,0.029999999329447746,0.029999999329447746,0.0010000000474974513,0.0010000000474974513,0.08438016474246979,0.004701018333435059,0.0,0.0,0.0,0.0,-1.6908036470413208,-1.6908036470413208,1.0,-1.6908036470413208,0.0,-4.372757911682129,2.5506722927093506,1.0,0.08438016474246979,1.0,0.0,0.0,0.08438016474246979,0.0,0.0,0.004701018333435059,0.0,0.2952989935874939,0.09454808384180069,0.053200431168079376,0.5725653171539307,0.5688014030456543,0.0,0.0,0.0,0.0,0.0,0.0,0.0,0.0,1.0,0.0,0.13203588128089905,0.2796700596809387,0.3781502842903137,0.02747887745499611,0.0,0.12266766279935837,0.12049981206655502,0.12049981206655502,0.16908027231693268,0.0662030503153801,3.4410717331123664e-11,0.0,0.0,3.9503066539764404,3.9503073692321777,2.4285385608673096,2.4285385608673096,0.6940127611160278,0.0,0.0,0.0,0.0,0.2952989935874939,0.12110106647014618,0.0024071717634797096,0.8232905864715576,0.5688014030456543,0.04554228112101555,2.4041500091552734,2.439772844314575,2.4285385608673096,2.5234241485595703,2.5506722927093506,0.15656188130378723,0.0649603009223938,1.0,2.4093236923217773,2.4079647064208984,2.409497022628784,0.0,0.0,0.0,0.0,0.0,0.0,0.0,,,,,,,,,,,,,,,,,0.0005
20,6680,train,0.03719193488359451,0.11318503320217133,0.11705228686332703,0.0,0.005976506974548101,0.005976506974548101,0.0,3.358689069747925,9.999999747378752e-05,0.029999999329447746,0.029999999329447746,0.029999999329447746,0.0010000000474974513,0.0010000000474974513,0.08234064280986786,0.003616929054260254,0.0,0.0,0.0,0.0,-1.666744589805603,-1.666744589805603,1.0,-1.666744589805603,0.0,-4.315081596374512,2.5290491580963135,1.0,0.08234064280986786,1.0,0.0,0.0,0.08234064280986786,0.0,0.0,0.003616929054260254,0.0,0.2963830828666687,0.07869620621204376,0.09422221779823303,0.5255825519561768,0.5731305480003357,0.0,0.0,0.0,0.0,0.0,0.0,0.0,0.0,1.0,0.0,0.14109225571155548,0.292493611574173,0.39401373267173767,0.027631446719169617,0.0,0.11705228686332703,0.11318503320217133,0.11318503320217133,0.15525144338607788,0.050336793065071106,3.8114525424681744e-11,0.0,0.0,3.895230770111084,3.895230770111084,2.5020246505737305,2.5020246505737305,0.6327766180038452,0.0,0.0,0.0,0.0,0.2963830828666687,0.11773400008678436,0.007445806637406349,0.8148287534713745,0.5731305480003357,0.04548100754618645,2.470085382461548,2.514617919921875,2.5020246505737305,2.3956844806671143,2.5290491580963135,0.17349255084991455,0.07465968281030655,1.0,2.335761070251465,2.3053722381591797,2.33620548248291,0.0,0.0,0.0,0.0,0.0,0.0,0.0,,,,,,,,,,,,,,,,,0.0005
20,6680,train_epoch,0.04166051068393413,0.11730264020180274,0.12060688772868967,0.0,0.006097542683867191,0.006097542683867191,0.0,3.3427042397196423,9.999999747378752e-05,0.029999999329447746,0.029999999329447746,0.029999999329447746,0.0010000000474974513,0.0010000000474974513,0.08410272171754322,0.010412460048041658,0.0,0.0,0.0,0.0,-1.6729203516137814,-1.6729203516137814,1.0,-1.6729203516137814,0.0,-4.3315587357846566,2.5452781587303757,1.0,0.08410272171754322,1.0,0.0,0.0,0.08410272171754322,0.0,0.0,0.010412460048041658,0.0,0.30027430785630277,0.08254429754873592,0.07863453992023439,0.5810736456138645,0.5761303139660887,0.0,0.0,0.0,0.0,0.0,0.0,0.0,0.0,1.0,0.0,0.1380147008883382,0.2889696468493182,0.3912264141672386,0.028157479960672156,0.0,0.12060688772868967,0.11730264020180274,0.11730264020180274,0.16697806637444182,0.04972641732539176,1.0340753226704014e-11,0.0,0.0,3.9488312627027136,3.9488312569920887,2.4876412281733074,2.4876412281733074,0.6838052642202663,0.0,0.0,0.0,0.0,0.30027430384101983,0.11685693964451373,0.007891056850388043,0.795057149882802,0.5761303139660887,0.045569662874687215,2.465681360867209,2.498441711157382,2.4876412281733074,2.481444774987455,2.5452781587303757,0.16685634904992794,0.07052805496680879,1.0,2.3984459595765895,2.3968217408585692,2.3974810510338425,0.0,0.0,0.0,0.0,0.0,0.0,0.0,,,,,,,,,,,,,,,,,0.0005
20,6680,val,,,,,,,,,,,,,,,,,,,,,,,,,,,,,,,,,,,,,,,,,,,,,,,,,,,,,,,,,,,,,,,,,,,,,,,,,,,,,,,,,,,,,,,,,,,,,,,,,,,16.878403328560495,733.6973284472216,27.08684788688454,11.26041656786257,15.792220240240699,25.016039755779705,10.431513335253742,16.80153007335491,27.06683685797062,11.123497911401698,18.940916946342398,30.36813542580043,12.825655417399364,16.878403328560495,27.08684788688454,11.26041656786257,0.0005
20,6680,test,,,,,,,,,,,,,,,,,,,,,,,,,,,,,,,,,,,,,,,,,,,,,,,,,,,,,,,,,,,,,,,,,,,,,,,,,,,,,,,,,,,,,,,,,,,,,,,,,,,16.356127498386144,661.1339272851343,25.712524716276587,10.280170200107333,15.360315486117527,23.8769767622663,9.82936836792542,16.262931144989288,25.70443092094895,10.217305565739537,18.24894649488432,28.608488888941707,11.219929050754857,16.356127498386144,25.712524716276587,10.280170200107333,0.0005
21,6700,train,0.047042205929756165,0.12265191227197647,0.12578220665454865,0.0,0.0058546485379338264,0.0058546485379338264,0.0,3.3581361770629883,9.999999747378752e-05,0.029999999329447746,0.029999999329447746,0.029999999329447746,0.0010000000474974513,0.0010000000474974513,0.09227955341339111,0.005293309688568115,0.0,0.0,0.0,0.0,-1.6895862817764282,-1.6895862817764282,1.0,-1.6895862817764282,0.0,-4.369760513305664,2.5492115020751953,1.0,0.09227955341339111,1.0,0.0,0.0,0.09227955341339111,0.0,0.0,0.005293309688568115,0.0,0.29470670223236084,0.06286198645830154,0.05692078918218613,0.5003950595855713,0.5827750563621521,0.0,0.0,0.0,0.0,0.0,0.0,0.0,0.0,1.0,0.0,0.14698539674282074,0.27340033650398254,0.3936383128166199,0.02770882099866867,0.0,0.12578220665454865,0.12265191227197647,0.12265191227197647,0.16459891200065613,0.0581110343337059,2.865483544889358e-11,0.0,0.0,4.030064105987549,4.030064105987549,2.535451650619507,2.535451650619507,0.6953498721122742,0.0,0.0,0.0,0.0,0.29470670223236084,0.09717659652233124,0.027454428374767303,0.7335426211357117,0.5827750563621521,0.020986521616578102,2.5086045265197754,2.542926549911499,2.535451650619507,2.4956552982330322,2.5492115020751953,0.16372443735599518,0.069228395819664,1.0,2.341440439224243,2.3434009552001953,2.391024589538574,0.0,0.0,0.0,0.0,0.0,0.0,0.0,,,,,,,,,,,,,,,,,0.0005
21,6720,train,0.03828222677111626,0.1156800240278244,0.11807376891374588,0.0,0.006433167029172182,0.006433167029172182,0.0,3.312070846557617,9.999999747378752e-05,0.029999999329447746,0.029999999329447746,0.029999999329447746,0.0010000000474974513,0.0010000000474974513,0.08428771793842316,0.012213915586471558,0.0,0.0,0.0,0.0,-1.693887710571289,-1.693887710571289,1.0,-1.693887710571289,0.0,-4.369306564331055,2.473665952682495,1.0,0.08428771793842316,1.0,0.0,0.0,0.08428771793842316,0.0,0.0,0.012213915586471558,0.0,0.2877860963344574,0.08063039928674698,0.06191336736083031,0.6274378299713135,0.5656955242156982,0.0,0.0,0.0,0.0,0.0,0.0,0.0,0.0,1.0,0.0,0.12877309322357178,0.288412481546402,0.3777430057525635,0.028684400022029877,0.0,0.11807376891374588,0.1156800240278244,0.1156800240278244,0.15121908485889435,0.05448334664106369,-2.8393230475098896e-11,0.0,0.0,3.9740848541259766,3.9740848541259766,2.4121267795562744,2.4121267795562744,0.6278502941131592,0.0,0.0,0.0,0.0,0.2877860963344574,0.11453749239444733,0.004183098208159208,0.8174875974655151,0.5656955242156982,0.02936580963432789,2.396207094192505,2.420712947845459,2.4121267795562744,2.3889412879943848,2.473665952682495,0.15665851533412933,0.06747245043516159,1.0,2.396411895751953,2.4291605949401855,2.4238831996917725,0.0,0.0,0.0,0.0,0.0,0.0,0.0,,,,,,,,,,,,,,,,,0.0005
21,6740,train,0.055838219821453094,0.13026224076747894,0.13367006182670593,0.0,0.007181003224104643,0.007181003224104643,0.0,3.3687164783477783,9.999999747378752e-05,0.029999999329447746,0.029999999329447746,0.029999999329447746,0.0010000000474974513,0.0010000000474974513,0.07879525423049927,0.012910604476928711,0.0,0.0,0.0,0.0,-1.6967006921768188,-1.6967006921768188,1.0,-1.6967006921768188,0.0,-4.3739824295043945,2.383692979812622,1.0,0.07879525423049927,1.0,0.0,0.0,0.07879525423049927,0.0,0.0,0.012910604476928711,0.0,0.31291061639785767,0.08093661814928055,0.058534007519483566,0.5003706216812134,0.5838409066200256,0.0,0.0,0.0,0.0,0.0,0.0,0.0,0.0,1.0,0.0,0.12003877758979797,0.28614071011543274,0.3706461191177368,0.026764756068587303,0.0,0.13367006182670593,0.13026224076747894,0.13026224076747894,0.1736121028661728,0.10724541544914246,-1.1924811138541713e-10,0.0,0.0,4.015170097351074,4.015170097351074,2.3270411491394043,2.3270411491394043,0.7245463132858276,0.0,0.0,0.0,0.0,0.31291061639785767,0.12404798716306686,0.01533983089029789,0.8321168422698975,0.5838409066200256,0.06683517247438431,2.340876817703247,2.326394557952881,2.3270411491394043,2.305718421936035,2.383692979812622,0.1615416556596756,0.06360110640525818,1.0,2.3014564514160156,2.368760824203491,2.3914642333984375,0.0,0.0,0.0,0.0,0.0,0.0,0.0,,,,,,,,,,,,,,,,,0.0005
21,6760,train,0.032542336732149124,0.10814609378576279,0.11242195963859558,0.0,0.005377455148845911,0.005377455148845911,0.0,3.281942844390869,9.999999747378752e-05,0.029999999329447746,0.029999999329447746,0.029999999329447746,0.0010000000474974513,0.0010000000474974513,0.08164465427398682,0.009599387645721436,0.0,0.0,0.0,0.0,-1.6444820165634155,-1.6444820165634155,1.0,-1.6444820165634155,0.0,-4.289353847503662,2.5941996574401855,1.0,0.08164465427398682,1.0,0.0,0.0,0.08164465427398682,0.0,0.0,0.009599387645721436,0.0,0.2904006242752075,0.08681125193834305,0.06164991855621338,0.5738994479179382,0.5649731755256653,0.0,0.0,0.0,0.0,0.0,0.0,0.0,0.0,1.0,0.0,0.14760996401309967,0.2948415279388428,0.4021092653274536,0.030294012278318405,0.0,0.11242195963859558,0.10814609378576279,0.10814609378576279,0.1584850400686264,0.00694192573428154,-1.726358639375647e-10,0.0,0.0,3.92537522315979,3.92537522315979,2.553649663925171,2.553649663925171,0.6416841745376587,0.0,0.0,0.0,0.0,0.2904006242752075,0.12095434218645096,0.007457064464688301,0.7814428806304932,0.5649731755256653,0.049555763602256775,2.5332190990448,2.5663247108459473,2.553649663925171,2.5141470432281494,2.5941996574401855,0.17265282571315765,0.07544572651386261,1.0,2.4703638553619385,2.383341073989868,2.408233404159546,0.0,0.0,0.0,0.0,0.0,0.0,0.0,,,,,,,,,,,,,,,,,0.0005
21,6780,train,0.04399513825774193,0.12174947559833527,0.12391918897628784,0.0,0.006405859254300594,0.006405859254300594,0.0,3.33723783493042,9.999999747378752e-05,0.029999999329447746,0.029999999329447746,0.029999999329447746,0.0010000000474974513,0.0010000000474974513,0.07909297943115234,0.011377096176147461,0.0,0.0,0.0,0.0,-1.7192423343658447,-1.7192423343658447,1.0,-1.7192423343658447,0.0,-4.416262626647949,2.441804885864258,1.0,0.07909297943115234,1.0,0.0,0.0,0.07909297943115234,0.0,0.0,0.011377096176147461,0.0,0.3113771378993988,0.08212146908044815,0.08499020338058472,0.6172785758972168,0.5875494480133057,0.0,0.0,0.0,0.0,0.0,0.0,0.0,0.0,1.0,0.0,0.1304118037223816,0.27822110056877136,0.37924930453300476,0.02794479764997959,0.0,0.12391918897628784,0.12174947559833527,0.12174947559833527,0.15858778357505798,0.058660946786403656,-2.6428930224864366e-11,0.0,0.0,4.008190155029297,4.008190155029297,2.428889036178589,2.428889036178589,0.6573218107223511,0.0,0.0,0.0,0.0,0.3113771080970764,0.11501993238925934,0.002447374165058136,0.8210879564285278,0.5875494480133057,0.05283394828438759,2.400146961212158,2.440951108932495,2.428889036178589,2.3863604068756104,2.441804885864258,0.15545256435871124,0.06496630609035492,1.0,2.350794553756714,2.3979122638702393,2.343294143676758,0.0,0.0,0.0,0.0,0.0,0.0,0.0,,,,,,,,,,,,,,,,,0.0005
21,6800,train,0.04799332842230797,0.12366995960474014,0.12575872242450714,0.0,0.007013955153524876,0.007013955153524876,0.0,3.3366470336914062,9.999999747378752e-05,0.029999999329447746,0.029999999329447746,0.029999999329447746,0.0010000000474974513,0.0010000000474974513,0.08282782137393951,0.011486411094665527,0.0,0.0,0.0,0.0,-1.6911131143569946,-1.6911131143569946,1.0,-1.6911131143569946,0.0,-4.376354694366455,2.4789087772369385,1.0,0.08282782137393951,1.0,0.0,0.0,0.08282782137393951,0.0,0.0,0.011486411094665527,0.0,0.3114864230155945,0.08070649951696396,0.09515868127346039,0.5977442264556885,0.5902419686317444,0.0,0.0,0.0,0.0,0.0,0.0,0.0,0.0,1.0,0.0,0.12288642674684525,0.2819588780403137,0.38370099663734436,0.028037814423441887,0.0,0.12575872242450714,0.12366995960474014,0.12366995960474014,0.1557517647743225,0.049335867166519165,1.424178414088928e-10,0.0,0.0,4.001178741455078,4.001178741455078,2.4356796741485596,2.4356796741485596,0.6487829685211182,0.0,0.0,0.0,0.0,0.3114864230155945,0.11077669262886047,0.007203289307653904,0.7887140512466431,0.5902419686317444,0.04514399915933609,2.412994861602783,2.4473977088928223,2.4356796741485596,2.404898166656494,2.4789087772369385,0.15651392936706543,0.06597815454006195,1.0,2.3467483520507812,2.3196306228637695,2.364034414291382,0.0,0.0,0.0,0.0,0.0,0.0,0.0,,,,,,,,,,,,,,,,,0.0005
21,6820,train,0.03832600265741348,0.11580308526754379,0.11936778575181961,0.0,0.005564589984714985,0.005564589984714985,0.0,3.371857166290283,9.999999747378752e-05,0.029999999329447746,0.029999999329447746,0.029999999329447746,0.0010000000474974513,0.0010000000474974513,0.08819645643234253,0.016199856996536255,0.0,0.0,0.0,0.0,-1.6993193626403809,-1.6993193626403809,1.0,-1.6993193626403809,0.0,-4.371214389801025,2.478389024734497,1.0,0.08819645643234253,1.0,0.0,0.0,0.08819645643234253,0.0,0.0,0.016199856996536255,0.0,0.2838001549243927,0.07383334636688232,0.08306657522916794,0.4546029567718506,0.5672699809074402,0.0,0.0,0.0,0.0,0.0,0.0,0.0,0.0,1.0,0.0,0.14773547649383545,0.28621727228164673,0.3888912498950958,0.027207843959331512,0.0,0.11936778575181961,0.11580308526754379,0.11580308526754379,0.16338519752025604,0.057669173926115036,2.2708085412048717e-10,0.0,0.0,4.036402225494385,4.036402225494385,2.4893481731414795,2.4893481731414795,0.6891235709190369,0.0,0.0,0.0,0.0,0.2838001549243927,0.10533513873815536,0.006244718097150326,0.7314861416816711,0.5672699809074402,0.01588541828095913,2.501380681991577,2.490751266479492,2.4893481731414795,2.4307167530059814,2.478389024734497,0.1665477603673935,0.07154395431280136,1.0,2.436223268508911,2.367161989212036,2.360445022583008,0.0,0.0,0.0,0.0,0.0,0.0,0.0,,,,,,,,,,,,,,,,,0.0005
21,6840,train,0.04846661910414696,0.12471948564052582,0.12824782729148865,0.0,0.005726400762796402,0.005726400762796402,0.0,3.3232343196868896,9.999999747378752e-05,0.029999999329447746,0.029999999329447746,0.029999999329447746,0.0010000000474974513,0.0010000000474974513,0.08394236862659454,0.016955912113189697,0.0,0.0,0.0,0.0,-1.708457350730896,-1.708457350730896,1.0,-1.708457350730896,0.0,-4.392829418182373,2.462402582168579,1.0,0.08394236862659454,1.0,0.0,0.0,0.08394236862659454,0.0,0.0,0.016955912113189697,0.0,0.31695595383644104,0.07794398814439774,0.10248494148254395,0.5881780385971069,0.5952740907669067,0.0,0.0,0.0,0.0,0.0,0.0,0.0,0.0,1.0,0.0,0.13468167185783386,0.2748825252056122,0.37946146726608276,0.028440292924642563,0.0,0.12824782729148865,0.12471948564052582,0.12471948564052582,0.17046014964580536,0.07098317891359329,-3.9639144744363364e-10,0.0,0.0,4.000040054321289,4.000040054321289,2.415607213973999,2.415607213973999,0.7100066542625427,0.0,0.0,0.0,0.0,0.31695592403411865,0.11051763594150543,0.016940876841545105,0.7747162580490112,0.5952740907669067,0.05306372791528702,2.4188733100891113,2.4157395362854004,2.415607213973999,2.4222707748413086,2.462402582168579,0.15641780197620392,0.062196843326091766,1.0,2.319070339202881,2.3833250999450684,2.3783445358276367,0.0,0.0,0.0,0.0,0.0,0.0,0.0,,,,,,,,,,,,,,,,,0.0005
21,6860,train,0.03371386229991913,0.11080969125032425,0.1146140918135643,0.0,0.00653894292190671,0.00653894292190671,0.0,3.3822507858276367,9.999999747378752e-05,0.029999999329447746,0.029999999329447746,0.029999999329447746,0.0010000000474974513,0.0010000000474974513,0.0814402773976326,0.00530049204826355,0.0,0.0,0.0,0.0,-1.6773297786712646,-1.6773297786712646,1.0,-1.6773297786712646,0.0,-4.340788841247559,2.56034779548645,1.0,0.0814402773976326,1.0,0.0,0.0,0.0814402773976326,0.0,0.0,0.00530049204826355,0.0,0.2946995198726654,0.08944742381572723,0.04187483713030815,0.6583603620529175,0.5726604461669922,0.0,0.0,0.0,0.0,0.0,0.0,0.0,0.0,1.0,0.0,0.1294102966785431,0.2899288237094879,0.39565733075141907,0.0270463265478611,0.0,0.1146140918135643,0.11080969125032425,0.11080969125032425,0.16961228847503662,0.034900955855846405,1.9647559967861383e-10,0.0,0.0,3.901353597640991,3.901353597640991,2.5233044624328613,2.5233044624328613,0.6904930472373962,0.0,0.0,0.0,0.0,0.2946995198726654,0.1152898445725441,0.010075198486447334,0.8578236103057861,0.5726604461669922,0.035983458161354065,2.4903292655944824,2.5335254669189453,2.5233044624328613,2.502830982208252,2.56034779548645,0.17281876504421234,0.07310397922992706,1.0,2.3543806076049805,2.3716988563537598,2.3731164932250977,0.0,0.0,0.0,0.0,0.0,0.0,0.0,,,,,,,,,,,,,,,,,0.0005
21,6880,train,0.04775550961494446,0.12500549852848053,0.1279924362897873,0.0,0.0068235863000154495,0.0068235863000154495,0.0,3.4155025482177734,9.999999747378752e-05,0.029999999329447746,0.029999999329447746,0.029999999329447746,0.0010000000474974513,0.0010000000474974513,0.0799756720662117,0.015377014875411987,0.0,0.0,0.0,0.0,-1.724834680557251,-1.724834680557251,1.0,-1.724834680557251,0.0,-4.434065818786621,2.3526086807250977,1.0,0.0799756720662117,1.0,0.0,0.0,0.0799756720662117,0.0,0.0,0.015377014875411987,0.0,0.28462299704551697,0.06908515840768814,0.06077210605144501,0.4999009072780609,0.5674683451652527,0.0,0.0,0.0,0.0,0.0,0.0,0.0,0.0,1.0,0.0,0.11330762505531311,0.2750433683395386,0.3686213791370392,0.025599351152777672,0.0,0.1279924362897873,0.12500549852848053,0.12500549852848053,0.17181147634983063,0.0984172374010086,1.750443019699066e-11,0.0,0.0,4.0924973487854,4.0924973487854,2.3295462131500244,2.3295462131500244,0.7285035848617554,0.0,0.0,0.0,0.0,0.28462299704551697,0.10692097246646881,0.007706356234848499,0.7611402869224548,0.5674683451652527,0.01904105581343174,2.3080379962921143,2.3391692638397217,2.3295462131500244,2.2954518795013428,2.3526086807250977,0.15279561281204224,0.06245933473110199,1.0,2.562185525894165,2.4279537200927734,2.391839027404785,0.0,0.0,0.0,0.0,0.0,0.0,0.0,,,,,,,,,,,,,,,,,0.0005
21,6900,train,0.03381764888763428,0.11166752874851227,0.11502040177583694,0.0,0.005744701251387596,0.005744701251387596,0.0,3.3933088779449463,9.999999747378752e-05,0.029999999329447746,0.029999999329447746,0.029999999329447746,0.0010000000474974513,0.0010000000474974513,0.0789516419172287,0.001152127981185913,0.0,0.0,0.0,0.0,-1.6907622814178467,-1.6907622814178467,1.0,-1.6907622814178467,0.0,-4.348445415496826,2.518653154373169,1.0,0.0789516419172287,1.0,0.0,0.0,0.0789516419172287,0.0,0.0,0.001152127981185913,0.0,0.30115213990211487,0.07824672013521194,0.09759514778852463,0.6698898077011108,0.5799503326416016,0.0,0.0,0.0,0.0,0.0,0.0,0.0,0.0,1.0,0.0,0.13459622859954834,0.28749537467956543,0.39029374718666077,0.026948152109980583,0.0,0.11502040177583694,0.11166752874851227,0.11166752874851227,0.15948258340358734,0.04737291857600212,-1.8163953674488198e-10,0.0,0.0,3.9007182121276855,3.9007182121276855,2.478083848953247,2.478083848953247,0.6503100395202637,0.0,0.0,0.0,0.0,0.30115213990211487,0.11239664256572723,0.0014429991133511066,0.8474308848381042,0.5799503326416016,0.03610600531101227,2.4486188888549805,2.4918291568756104,2.478083848953247,2.4513299465179443,2.518653154373169,0.16318568587303162,0.06893061101436615,1.0,2.3853840827941895,2.3838841915130615,2.3605518341064453,0.0,0.0,0.0,0.0,0.0,0.0,0.0,,,,,,,,,,,,,,,,,0.0005
21,6920,train,0.03495663404464722,0.1120915487408638,0.11592715978622437,0.0,0.0055536231957376,0.0055536231957376,0.0,3.3408591747283936,9.999999747378752e-05,0.029999999329447746,0.029999999329447746,0.029999999329447746,0.0010000000474974513,0.0010000000474974513,0.08031301200389862,0.010173022747039795,0.0,0.0,0.0,0.0,-1.6818586587905884,-1.6818586587905884,1.0,-1.6818586587905884,0.0,-4.321191310882568,2.4491312503814697,1.0,0.08031301200389862,1.0,0.0,0.0,0.08031301200389862,0.0,0.0,0.010173022747039795,0.0,0.31017303466796875,0.10621993988752365,0.06022181734442711,0.6962935924530029,0.5721288919448853,0.0,0.0,0.0,0.0,0.0,0.0,0.0,0.0,1.0,0.0,0.14580416679382324,0.2992926239967346,0.3773761987686157,0.02813846431672573,0.0,0.11592715978622437,0.1120915487408638,0.1120915487408638,0.15165697038173676,0.05908256024122238,2.6398158659013404e-10,0.0,0.0,3.9273667335510254,3.9273667335510254,2.3971164226531982,2.3971164226531982,0.6201925277709961,0.0,0.0,0.0,0.0,0.31017303466796875,0.13700929284095764,0.0023298917803913355,0.8536553382873535,0.5721288919448853,0.07498468458652496,2.4079363346099854,2.403108596801758,2.3971164226531982,2.3694167137145996,2.4491312503814697,0.15930555760860443,0.06939184665679932,1.0,2.3204171657562256,2.361952066421509,2.4216115474700928,0.0,0.0,0.0,0.0,0.0,0.0,0.0,,,,,,,,,,,,,,,,,0.0005
21,6940,train,0.04601448029279709,0.11903060972690582,0.12161301076412201,0.0,0.00650074053555727,0.00650074053555727,0.0,3.3454341888427734,9.999999747378752e-05,0.029999999329447746,0.029999999329447746,0.029999999329447746,0.0010000000474974513,0.0010000000474974513,0.08119555562734604,0.002076387405395508,0.0,0.0,0.0,0.0,-1.632526159286499,-1.632526159286499,1.0,-1.632526159286499,0.0,-4.275762557983398,2.7189409732818604,1.0,0.08119555562734604,1.0,0.0,0.0,0.08119555562734604,0.0,0.0,0.002076387405395508,0.0,0.29792362451553345,0.10385753214359283,0.06644437462091446,0.7055613994598389,0.5655825138092041,0.0,0.0,0.0,0.0,0.0,0.0,0.0,0.0,1.0,0.0,0.13134436309337616,0.2796435058116913,0.40599265694618225,0.028532909229397774,0.0,0.12161301076412201,0.11903060972690582,0.11903060972690582,0.1521352380514145,0.0026499636005610228,-8.67067667664756e-11,0.0,0.0,3.9668338298797607,3.9668338298797607,2.5854499340057373,2.5854499340057373,0.6263327598571777,0.0,0.0,0.0,0.0,0.29792362451553345,0.13361971080303192,0.008808348327875137,0.8540350198745728,0.5655825138092041,0.08238358050584793,2.5303423404693604,2.6109442710876465,2.5854499340057373,2.6668148040771484,2.7189409732818604,0.16825853288173676,0.07193946093320847,1.0,2.4758756160736084,2.41409969329834,2.4277453422546387,0.0,0.0,0.0,0.0,0.0,0.0,0.0,,,,,,,,,,,,,,,,,0.0005
21,6960,train,0.040524307638406754,0.11527945101261139,0.11860495060682297,0.0,0.006180283613502979,0.006180283613502979,0.0,3.3401451110839844,9.999999747378752e-05,0.029999999329447746,0.029999999329447746,0.029999999329447746,0.0010000000474974513,0.0010000000474974513,0.085972361266613,0.015407264232635498,0.0,0.0,0.0,0.0,-1.6516157388687134,-1.6516157388687134,1.0,-1.6516157388687134,0.0,-4.313142776489258,2.5592761039733887,1.0,0.085972361266613,1.0,0.0,0.0,0.085972361266613,0.0,0.0,0.015407264232635498,0.0,0.28459274768829346,0.09501363337039948,0.03754019737243652,0.5465168952941895,0.5577256679534912,0.0,0.0,0.0,0.0,0.0,0.0,0.0,0.0,1.0,0.0,0.14906756579875946,0.30344879627227783,0.40248537063598633,0.02859264239668846,0.0,0.11860495060682297,0.11527945101261139,0.11527945101261139,0.1794874668121338,0.061804816126823425,2.8232727267152313e-10,0.0,0.0,4.061959266662598,4.061959266662598,2.5842137336730957,2.5842137336730957,0.7571185231208801,0.0,0.0,0.0,0.0,0.28459274768829346,0.12262061983346939,0.003344063414260745,0.7992056012153625,0.5577256679534912,0.036734070628881454,2.5764455795288086,2.5883851051330566,2.5842137336730957,2.487558603286743,2.5592761039733887,0.17827309668064117,0.07507298141717911,1.0,2.474611520767212,2.4713664054870605,2.4325857162475586,0.0,0.0,0.0,0.0,0.0,0.0,0.0,,,,,,,,,,,,,,,,,0.0005
21,6980,train,0.039529018104076385,0.11660516262054443,0.11877978593111038,0.0,0.0061897351406514645,0.0061897351406514645,0.0,3.3853557109832764,9.999999747378752e-05,0.029999999329447746,0.029999999329447746,0.029999999329447746,0.0010000000474974513,0.0010000000474974513,0.0767773687839508,0.02049878239631653,0.0,0.0,0.0,0.0,-1.6908934116363525,-1.6908934116363525,1.0,-1.6908934116363525,0.0,-4.385036468505859,2.525315999984741,1.0,0.0767773687839508,1.0,0.0,0.0,0.0767773687839508,0.0,0.0,0.02049878239631653,0.0,0.3204987943172455,0.09199400991201401,0.05910978838801384,0.5993022322654724,0.5889676213264465,0.0,0.0,0.0,0.0,0.0,0.0,0.0,0.0,1.0,0.0,0.1232968419790268,0.2871263325214386,0.37842050194740295,0.02659335359930992,0.0,0.11877978593111038,0.11660516262054443,0.11660516262054443,0.15984830260276794,0.03867052495479584,-2.058855447240049e-10,0.0,0.0,3.866755247116089,3.866755723953247,2.4247381687164307,2.4247381687164307,0.6392233371734619,0.0,0.0,0.0,0.0,0.3204987943172455,0.1256330907344818,0.0014222818426787853,0.8627727031707764,0.5889676213264465,0.07847733050584793,2.3965108394622803,2.4344606399536133,2.4247381687164307,2.477139472961426,2.525315999984741,0.15927959978580475,0.06810922175645828,1.0,2.3185505867004395,2.3987908363342285,2.4002768993377686,0.0,0.0,0.0,0.0,0.0,0.0,0.0,,,,,,,,,,,,,,,,,0.0005
21,7000,train,0.04376866668462753,0.11828549206256866,0.12105849385261536,0.0,0.00565052404999733,0.00565052404999733,0.0,3.3448326587677,9.999999747378752e-05,0.029999999329447746,0.029999999329447746,0.029999999329447746,0.0010000000474974513,0.0010000000474974513,0.08331096172332764,0.0020393729209899902,0.0,0.0,0.0,0.0,-1.6552979946136475,-1.6552979946136475,1.0,-1.6552979946136475,0.0,-4.3162689208984375,2.5828492641448975,1.0,0.08331096172332764,1.0,0.0,0.0,0.08331096172332764,0.0,0.0,0.0020393729209899902,0.0,0.30203938484191895,0.07236284017562866,0.0889246016740799,0.5215708613395691,0.5788701176643372,0.0,0.0,0.0,0.0,0.0,0.0,0.0,0.0,1.0,0.0,0.14642710983753204,0.29031339287757874,0.3921181559562683,0.028153911232948303,0.0,0.12105849385261536,0.11828549206256866,0.11828549206256866,0.16641603410243988,0.052949726581573486,5.239036635074079e-11,0.0,0.0,3.983048915863037,3.983048915863037,2.509469509124756,2.509469509124756,0.6936146020889282,0.0,0.0,0.0,0.0,0.30203938484191895,0.11607003211975098,0.005387349519878626,0.7489377856254578,0.5788701176643372,0.04459252581000328,2.488328218460083,2.520662307739258,2.509469509124756,2.514730930328369,2.5828492641448975,0.15813444554805756,0.06797652691602707,1.0,2.3194479942321777,2.366494655609131,2.4135212898254395,0.0,0.0,0.0,0.0,0.0,0.0,0.0,,,,,,,,,,,,,,,,,0.0005
21,7014,train_epoch,0.04053882904863822,0.11672094778832562,0.11999831687725947,0.0,0.006136029999156644,0.006136029999156644,0.0,3.353532055894772,9.999999747378752e-05,0.029999999329447746,0.029999999329447746,0.029999999329447746,0.0010000000474974513,0.0010000000474974513,0.08275384594223456,0.01106016025571766,0.0,0.0,0.0,0.0,-1.67991721415948,-1.67991721415948,1.0,-1.67991721415948,0.0,-4.345994509622722,2.519643967736981,1.0,0.08275384594223456,1.0,0.0,0.0,0.08275384594223456,0.0,0.0,0.01106016025571766,0.0,0.30101787562141874,0.08520673805412775,0.07536903939427372,0.585552198622755,0.5759456908988382,0.0,0.0,0.0,0.0,0.0,0.0,0.0,0.0,1.0,0.0,0.1345306685093991,0.28995899079802506,0.38714141510203925,0.02781279588642413,0.0,0.11999831687725947,0.11672094778832562,0.11672094778832562,0.16796793592368772,0.056404134002793024,-1.613980976199302e-11,0.0,0.0,3.9693941734508127,3.9693941805890933,2.4640792494048616,2.4640792494048616,0.6938941694662243,0.0,0.0,0.0,0.0,0.30101787133845026,0.11819176969235529,0.0076041690863022015,0.7950345822080167,0.5759456908988382,0.04784232364064027,2.444930216509425,2.473745234712155,2.4640792494048616,2.4584765484233104,2.519643967736981,0.16480672845761932,0.06902330365411179,1.0,2.390969677599604,2.391792110340324,2.392274244102889,0.0,0.0,0.0,0.0,0.0,0.0,0.0,,,,,,,,,,,,,,,,,0.0005
21,7014,val,,,,,,,,,,,,,,,,,,,,,,,,,,,,,,,,,,,,,,,,,,,,,,,,,,,,,,,,,,,,,,,,,,,,,,,,,,,,,,,,,,,,,,,,,,,,,,,,,,,16.707746097633432,722.0896006403742,26.8717249286378,11.043982239456865,15.588869305344316,24.802999324346892,10.048167834410796,16.670444883741773,26.88237341389356,11.00310740599761,18.802112317300057,30.12457235044954,12.926277929598147,16.707746097633432,26.8717249286378,11.043982239456865,0.0005
21,7014,test,,,,,,,,,,,,,,,,,,,,,,,,,,,,,,,,,,,,,,,,,,,,,,,,,,,,,,,,,,,,,,,,,,,,,,,,,,,,,,,,,,,,,,,,,,,,,,,,,,,16.164637445329546,648.2616498792494,25.46098289303163,10.018377845351761,15.138117549655673,23.63531131942117,9.44096139529804,16.112087464547372,25.49430756272481,10.0306019353437,18.10885498115608,28.317071950987714,11.257025284810108,16.164637445329546,25.46098289303163,10.018377845351761,0.0005
22,7020,train,0.03048866055905819,0.10884469747543335,0.11172106117010117,0.0,0.005430045071989298,0.005430045071989298,0.0,3.3999781608581543,9.999999747378752e-05,0.029999999329447746,0.029999999329447746,0.029999999329447746,0.0010000000474974513,0.0010000000474974513,0.0787138119339943,0.0005658268928527832,0.0,0.0,0.0,0.0,-1.6880406141281128,-1.6880406141281128,1.0,-1.6880406141281128,0.0,-4.365976333618164,2.5269641876220703,1.0,0.0787138119339943,1.0,0.0,0.0,0.0787138119339943,0.0,0.0,0.0005658268928527832,0.0,0.29943418502807617,0.08889175206422806,0.09746959060430527,0.5739240646362305,0.574903130531311,0.0,0.0,0.0,0.0,0.0,0.0,0.0,0.0,1.0,0.0,0.13419829308986664,0.29084858298301697,0.38865381479263306,0.02642860636115074,0.0,0.11172106117010117,0.10884469747543335,0.10884469747543335,0.16896869242191315,0.03511897847056389,-2.119833197866683e-10,0.0,0.0,3.9009008407592773,3.9009008407592773,2.481180191040039,2.481180191040039,0.6841334700584412,0.0,0.0,0.0,0.0,0.29943418502807617,0.12005680054426193,0.008900314569473267,0.8538045287132263,0.574903130531311,0.057138483971357346,2.44911789894104,2.4895949363708496,2.481180191040039,2.496206283569336,2.5269641876220703,0.1654176563024521,0.07065347582101822,1.0,2.3286473751068115,2.3906426429748535,2.403250217437744,0.0,0.0,0.0,0.0,0.0,0.0,0.0,,,,,,,,,,,,,,,,,0.0005
22,7040,train,0.05919669196009636,0.13283488154411316,0.13578222692012787,0.0,0.006119221448898315,0.006119221448898315,0.0,3.4039011001586914,9.999999747378752e-05,0.029999999329447746,0.029999999329447746,0.029999999329447746,0.0010000000474974513,0.0010000000474974513,0.08384431898593903,0.02361997961997986,0.0,0.0,0.0,0.0,-1.6904343366622925,-1.6904343366622925,1.0,-1.6904343366622925,0.0,-4.385709762573242,2.4439895153045654,1.0,0.08384431898593903,1.0,0.0,0.0,0.08384431898593903,0.0,0.0,0.02361997961997986,0.0,0.3236199915409088,0.09892897307872772,0.05957447737455368,0.588613748550415,0.5906853675842285,0.0,0.0,0.0,0.0,0.0,0.0,0.0,0.0,1.0,0.0,0.12995557487010956,0.2876991629600525,0.37121978402137756,0.026085907593369484,0.0,0.13578222692012787,0.13283488154411316,0.13283488154411316,0.18224738538265228,0.10098942369222641,-4.2346132156367844e-10,0.0,0.0,4.030055999755859,4.030055999755859,2.3712058067321777,2.3712058067321777,0.7771644592285156,0.0,0.0,0.0,0.0,0.3236199915409088,0.1255236566066742,0.0013839410385116935,0.758309543132782,0.5906853675842285,0.0753370150923729,2.3724143505096436,2.371208667755127,2.3712058067321777,2.3982107639312744,2.4439895153045654,0.15701298415660858,0.0640263557434082,1.0,2.3405776023864746,2.3244028091430664,2.3230655193328857,0.0,0.0,0.0,0.0,0.0,0.0,0.0,,,,,,,,,,,,,,,,,0.0005
22,7060,train,0.04277186468243599,0.12032894045114517,0.12286918610334396,0.0,0.005746767390519381,0.005746767390519381,0.0,3.3251266479492188,9.999999747378752e-05,0.029999999329447746,0.029999999329447746,0.029999999329447746,0.0010000000474974513,0.0010000000474974513,0.08335801213979721,0.01329222321510315,0.0,0.0,0.0,0.0,-1.7122080326080322,-1.7122080326080322,1.0,-1.7122080326080322,0.0,-4.413539886474609,2.3523926734924316,1.0,0.08335801213979721,1.0,0.0,0.0,0.08335801213979721,0.0,0.0,0.01329222321510315,0.0,0.2867077589035034,0.09691661596298218,0.04572024196386337,0.5464365482330322,0.5591113567352295,0.0,0.0,0.0,0.0,0.0,0.0,0.0,0.0,1.0,0.0,0.1282375454902649,0.281713604927063,0.3715602457523346,0.02822469174861908,0.0,0.12286918610334396,0.12032894045114517,0.12032894045114517,0.16168230772018433,0.06947845220565796,5.443118872294761e-11,0.0,0.0,4.029993057250977,4.029993057250977,2.366028308868408,2.366028308868408,0.6775657534599304,0.0,0.0,0.0,0.0,0.2867077887058258,0.122242271900177,0.001057966030202806,0.741859495639801,0.5591113567352295,0.038327209651470184,2.3570315837860107,2.371508836746216,2.366028308868408,2.297800302505493,2.3523926734924316,0.1573140025138855,0.06651712208986282,1.0,2.383533477783203,2.3813533782958984,2.392355442047119,0.0,0.0,0.0,0.0,0.0,0.0,0.0,,,,,,,,,,,,,,,,,0.0005
22,7080,train,0.04569466784596443,0.12160532921552658,0.12503692507743835,0.0,0.006057670805603266,0.006057670805603266,0.0,3.3543343544006348,9.999999747378752e-05,0.029999999329447746,0.029999999329447746,0.029999999329447746,0.0010000000474974513,0.0010000000474974513,0.08177991211414337,0.0024697184562683105,0.0,0.0,0.0,0.0,-1.6919910907745361,-1.6919910907745361,1.0,-1.6919910907745361,0.0,-4.354575157165527,2.429943799972534,1.0,0.08177991211414337,1.0,0.0,0.0,0.08177991211414337,0.0,0.0,0.0024697184562683105,0.0,0.30246973037719727,0.08958271145820618,0.08216308802366257,0.5908743739128113,0.5742549300193787,0.0,0.0,0.0,0.0,0.0,0.0,0.0,0.0,1.0,0.0,0.13561995327472687,0.2907316982746124,0.3809082508087158,0.027472198009490967,0.0,0.12503692507743835,0.12160532921552658,0.12160532921552658,0.17974962294101715,0.1093531921505928,-8.168723336643424e-11,0.0,0.0,4.0529561042785645,4.0529561042785645,2.4102861881256104,2.4102861881256104,0.77008455991745,0.0,0.0,0.0,0.0,0.30246973037719727,0.12472842633724213,0.008286678232252598,0.8485901355743408,0.5742549300193787,0.058900125324726105,2.3926541805267334,2.412914991378784,2.4102861881256104,2.3495025634765625,2.429943799972534,0.16045010089874268,0.06702428311109543,1.0,2.366572380065918,2.336205005645752,2.348978281021118,0.0,0.0,0.0,0.0,0.0,0.0,0.0,,,,,,,,,,,,,,,,,0.0005
22,7100,train,0.04373547062277794,0.11868863552808762,0.1227656826376915,0.0,0.006683360319584608,0.006683360319584608,0.0,3.375148057937622,9.999999747378752e-05,0.029999999329447746,0.029999999329447746,0.029999999329447746,0.0010000000474974513,0.0010000000474974513,0.07993611693382263,0.0037168562412261963,0.0,0.0,0.0,0.0,-1.6687997579574585,-1.6687997579574585,1.0,-1.6687997579574585,0.0,-4.329227447509766,2.554522752761841,1.0,0.07993611693382263,1.0,0.0,0.0,0.07993611693382263,0.0,0.0,0.0037168562412261963,0.0,0.29628318548202515,0.09148307144641876,0.07484954595565796,0.7096070051193237,0.5715706944465637,0.0,0.0,0.0,0.0,0.0,0.0,0.0,0.0,1.0,0.0,0.12464234232902527,0.29141712188720703,0.38541245460510254,0.0271221324801445,0.0,0.1227656826376915,0.11868863552808762,0.11868863552808762,0.15647628903388977,0.04058998078107834,3.5142788679110026e-10,0.0,0.0,3.9298226833343506,3.9298226833343506,2.450871467590332,2.450871467590332,0.6424173712730408,0.0,0.0,0.0,0.0,0.29628315567970276,0.12058380246162415,0.010733086615800858,0.8753389716148376,0.5715706944465637,0.04644608125090599,2.4084877967834473,2.4652533531188965,2.450871467590332,2.5018904209136963,2.554522752761841,0.16117163002490997,0.06828619539737701,1.0,2.3710179328918457,2.3439254760742188,2.382744073867798,0.0,0.0,0.0,0.0,0.0,0.0,0.0,,,,,,,,,,,,,,,,,0.0005
22,7120,train,0.04329709708690643,0.11874331533908844,0.12117260694503784,0.0,0.005179593339562416,0.005179593339562416,0.0,3.380864381790161,9.999999747378752e-05,0.029999999329447746,0.029999999329447746,0.029999999329447746,0.0010000000474974513,0.0010000000474974513,0.07877154648303986,0.0001983046531677246,0.0,0.0,0.0,0.0,-1.6708863973617554,-1.6708863973617554,1.0,-1.6708863973617554,0.0,-4.360443592071533,2.5157954692840576,1.0,0.07877154648303986,1.0,0.0,0.0,0.07877154648303986,0.0,0.0,0.0001983046531677246,0.0,0.3001983165740967,0.07606752961874008,0.09027142822742462,0.5816333293914795,0.5785738229751587,0.0,0.0,0.0,0.0,0.0,0.0,0.0,0.0,1.0,0.0,0.13827179372310638,0.2931691110134125,0.3851251006126404,0.02705051377415657,0.0,0.12117260694503784,0.11874331533908844,0.11874331533908844,0.16842633485794067,0.06425108015537262,9.342217971441968e-11,0.0,0.0,3.9159162044525146,3.9159162044525146,2.4707958698272705,2.4707958698272705,0.6832911968231201,0.0,0.0,0.0,0.0,0.3001983165740967,0.11364387720823288,0.010640386492013931,0.8345077633857727,0.5785738229751587,0.037699144333601,2.435471773147583,2.4846858978271484,2.4707958698272705,2.4965596199035645,2.5157954692840576,0.16358625888824463,0.06729573756456375,1.0,2.3820197582244873,2.415715456008911,2.379455804824829,0.0,0.0,0.0,0.0,0.0,0.0,0.0,,,,,,,,,,,,,,,,,0.0005
22,7140,train,0.029204247519373894,0.10683365911245346,0.10972308367490768,0.0,0.005851465743035078,0.005851465743035078,0.0,3.340796947479248,9.999999747378752e-05,0.029999999329447746,0.029999999329447746,0.029999999329447746,0.0010000000474974513,0.0010000000474974513,0.07305528223514557,0.0029624104499816895,0.0,0.0,0.0,0.0,-1.6693278551101685,-1.6693278551101685,1.0,-1.6693278551101685,0.0,-4.314379692077637,2.5199942588806152,1.0,0.07305528223514557,1.0,0.0,0.0,0.07305528223514557,0.0,0.0,0.0029624104499816895,0.0,0.30296242237091064,0.0988636165857315,0.054781824350357056,0.624154269695282,0.5704975724220276,0.0,0.0,0.0,0.0,0.0,0.0,0.0,0.0,1.0,0.0,0.13463838398456573,0.2921008765697479,0.3923850953578949,0.02855115570127964,0.0,0.10972308367490768,0.10683365911245346,0.10683365911245346,0.1623847931623459,0.0451192632317543,-1.072420069414548e-10,0.0,0.0,3.929405689239502,3.929405689239502,2.4824225902557373,2.4824225902557373,0.6600382924079895,0.0,0.0,0.0,0.0,0.30296242237091064,0.12974002957344055,0.001347931451164186,0.8071057200431824,0.5704975724220276,0.06593137979507446,2.443336009979248,2.498016595840454,2.4824225902557373,2.4565281867980957,2.5199942588806152,0.16794393956661224,0.07177203893661499,1.0,2.507181167602539,2.429048538208008,2.4338600635528564,0.0,0.0,0.0,0.0,0.0,0.0,0.0,,,,,,,,,,,,,,,,,0.0005
22,7160,train,0.03797690570354462,0.11576464027166367,0.11775235831737518,0.0,0.0065153795294463634,0.0065153795294463634,0.0,3.3589744567871094,9.999999747378752e-05,0.029999999329447746,0.029999999329447746,0.029999999329447746,0.0010000000474974513,0.0010000000474974513,0.08146293461322784,0.003978997468948364,0.0,0.0,0.0,0.0,-1.6992502212524414,-1.6992502212524414,1.0,-1.6992502212524414,0.0,-4.389748573303223,2.4063162803649902,1.0,0.08146293461322784,1.0,0.0,0.0,0.08146293461322784,0.0,0.0,0.003978997468948364,0.0,0.2960210144519806,0.08912232518196106,0.08296442031860352,0.6918678283691406,0.5723612904548645,0.0,0.0,0.0,0.0,0.0,0.0,0.0,0.0,1.0,0.0,0.12639915943145752,0.303329735994339,0.37478068470954895,0.027437731623649597,0.0,0.11775235831737518,0.11576464027166367,0.11576464027166367,0.17001891136169434,0.08980343490839005,1.002005076133905e-10,0.0,0.0,3.9902706146240234,3.9902710914611816,2.379974842071533,2.379974842071533,0.7091351747512817,0.0,0.0,0.0,0.0,0.2960210144519806,0.11760633438825607,0.0017083112616091967,0.8414350152015686,0.5723612904548645,0.04143688827753067,2.3449974060058594,2.3940060138702393,2.379974842071533,2.3627262115478516,2.4063162803649902,0.15709897875785828,0.06614350527524948,1.0,2.4198598861694336,2.41693377494812,2.364882469177246,0.0,0.0,0.0,0.0,0.0,0.0,0.0,,,,,,,,,,,,,,,,,0.0005
22,7180,train,0.03007284738123417,0.10847356915473938,0.11158300936222076,0.0,0.005660779774188995,0.005660779774188995,0.0,3.3558266162872314,9.999999747378752e-05,0.029999999329447746,0.029999999329447746,0.029999999329447746,0.0010000000474974513,0.0010000000474974513,0.08145277202129364,0.003846108913421631,0.0,0.0,0.0,0.0,-1.688467264175415,-1.688467264175415,1.0,-1.688467264175415,0.0,-4.347477436065674,2.500114679336548,1.0,0.08145277202129364,1.0,0.0,0.0,0.08145277202129364,0.0,0.0,0.003846108913421631,0.0,0.2961539626121521,0.08364561200141907,0.088628850877285,0.5580352544784546,0.5750768780708313,0.0,0.0,0.0,0.0,0.0,0.0,0.0,0.0,1.0,0.0,0.14241155982017517,0.30029386281967163,0.3891875445842743,0.027676332741975784,0.0,0.11158300936222076,0.10847356915473938,0.10847356915473938,0.17189258337020874,0.0743214339017868,-8.220134295466863e-11,0.0,0.0,4.037755489349365,4.037755489349365,2.487592935562134,2.487592935562134,0.73448246717453,0.0,0.0,0.0,0.0,0.2961539030075073,0.11245130747556686,0.0035147101152688265,0.7176266312599182,0.5750768780708313,0.029993874952197075,2.451367139816284,2.502556085586548,2.487592935562134,2.4480950832366943,2.500114679336548,0.16493265330791473,0.0694371834397316,1.0,2.436271905899048,2.3908586502075195,2.355870008468628,0.0,0.0,0.0,0.0,0.0,0.0,0.0,,,,,,,,,,,,,,,,,0.0005
22,7200,train,0.03913828730583191,0.11849053204059601,0.12050005048513412,0.0,0.006738812662661076,0.006738812662661076,0.0,3.355073928833008,9.999999747378752e-05,0.029999999329447746,0.029999999329447746,0.029999999329447746,0.0010000000474974513,0.0010000000474974513,0.08003939688205719,0.002101987600326538,0.0,0.0,0.0,0.0,-1.7345342636108398,-1.7345342636108398,1.0,-1.7345342636108398,0.0,-4.4408111572265625,2.3660929203033447,1.0,0.08003939688205719,1.0,0.0,0.0,0.08003939688205719,0.0,0.0,0.002101987600326538,0.0,0.2978980243206024,0.0754619911313057,0.08572368323802948,0.54461669921875,0.5800628662109375,0.0,0.0,0.0,0.0,0.0,0.0,0.0,0.0,1.0,0.0,0.1170807033777237,0.28079789876937866,0.36664873361587524,0.027115419507026672,0.0,0.12050005048513412,0.11849053204059601,0.11849053204059601,0.15474048256874084,0.08551451563835144,-2.129021819952115e-10,0.0,0.0,4.027585983276367,4.027585983276367,2.351515054702759,2.351515054702759,0.6570419669151306,0.0,0.0,0.0,0.0,0.2978980243206024,0.10617813467979431,0.007377601228654385,0.7866094708442688,0.5800628662109375,0.02184436470270157,2.316999673843384,2.3642258644104004,2.351515054702759,2.3220925331115723,2.3660929203033447,0.14556635916233063,0.06307856738567352,1.0,2.3642947673797607,2.32741379737854,2.3636271953582764,0.0,0.0,0.0,0.0,0.0,0.0,0.0,,,,,,,,,,,,,,,,,0.0005
22,7220,train,0.03499434143304825,0.1110573336482048,0.11385681480169296,0.0,0.006460413336753845,0.006460413336753845,0.0,3.359309673309326,9.999999747378752e-05,0.029999999329447746,0.029999999329447746,0.029999999329447746,0.0010000000474974513,0.0010000000474974513,0.07440818846225739,0.013505607843399048,0.0,0.0,0.0,0.0,-1.6575335264205933,-1.6575335264205933,1.0,-1.6575335264205933,0.0,-4.296061038970947,2.588045358657837,1.0,0.07440818846225739,1.0,0.0,0.0,0.07440818846225739,0.0,0.0,0.013505607843399048,0.0,0.2864943742752075,0.08949070423841476,0.06055952608585358,0.549095630645752,0.5571485757827759,0.0,0.0,0.0,0.0,0.0,0.0,0.0,0.0,1.0,0.0,0.12628893554210663,0.29823747277259827,0.38572216033935547,0.027515333145856857,0.0,0.11385681480169296,0.1110573336482048,0.1110573336482048,0.16047464311122894,0.0375487320125103,9.663325695186131e-11,0.0,0.0,3.8705086708068848,3.870508909225464,2.4575300216674805,2.4575300216674805,0.6473284363746643,0.0,0.0,0.0,0.0,0.2864944040775299,0.125033438205719,0.002980876946821809,0.7319402098655701,0.5571485757827759,0.035952821373939514,2.448812246322632,2.4707789421081543,2.4575300216674805,2.5070202350616455,2.588045358657837,0.16614679992198944,0.07093199342489243,1.0,2.469611883163452,2.4124646186828613,2.462401866912842,0.0,0.0,0.0,0.0,0.0,0.0,0.0,,,,,,,,,,,,,,,,,0.0005
22,7240,train,0.037216633558273315,0.11466314643621445,0.11745354533195496,0.0,0.0059525202959775925,0.0059525202959775925,0.0,3.397171974182129,9.999999747378752e-05,0.029999999329447746,0.029999999329447746,0.029999999329447746,0.0010000000474974513,0.0010000000474974513,0.08450968563556671,0.02924591302871704,0.0,0.0,0.0,0.0,-1.6928211450576782,-1.6928211450576782,1.0,-1.6928211450576782,0.0,-4.366174697875977,2.597754716873169,1.0,0.08450968563556671,1.0,0.0,0.0,0.08450968563556671,0.0,0.0,0.02924591302871704,0.0,0.329245924949646,0.0884334146976471,0.09634470194578171,0.5821574926376343,0.600096583366394,0.0,0.0,0.0,0.0,0.0,0.0,0.0,0.0,1.0,0.0,0.13955913484096527,0.283060222864151,0.3963605463504791,0.026535244658589363,0.0,0.11745354533195496,0.11466314643621445,0.11466314643621445,0.16951705515384674,0.0467635877430439,-3.472724538489125e-11,0.0,0.0,4.0198493003845215,4.0198493003845215,2.5534846782684326,2.5534846782684326,0.714415967464447,0.0,0.0,0.0,0.0,0.329245924949646,0.11891041696071625,0.021708877757191658,0.792801558971405,0.600096583366394,0.07300858199596405,2.5161373615264893,2.5656747817993164,2.5534846782684326,2.55183482170105,2.597754716873169,0.16374681890010834,0.06868302822113037,1.0,2.475425958633423,2.391244411468506,2.3371596336364746,0.0,0.0,0.0,0.0,0.0,0.0,0.0,,,,,,,,,,,,,,,,,0.0005
22,7260,train,0.03852604329586029,0.11838747560977936,0.12054367363452911,0.0,0.006521409377455711,0.006521409377455711,0.0,3.347316265106201,9.999999747378752e-05,0.029999999329447746,0.029999999329447746,0.029999999329447746,0.0010000000474974513,0.0010000000474974513,0.08517053723335266,0.012505829334259033,0.0,0.0,0.0,0.0,-1.743303656578064,-1.743303656578064,1.0,-1.743303656578064,0.0,-4.463449954986572,2.3439266681671143,1.0,0.08517053723335266,1.0,0.0,0.0,0.08517053723335266,0.0,0.0,0.012505829334259033,0.0,0.2874941825866699,0.07478737831115723,0.08822430670261383,0.5081928968429565,0.5699899196624756,0.0,0.0,0.0,0.0,0.0,0.0,0.0,0.0,1.0,0.0,0.12049301713705063,0.28432101011276245,0.35449644923210144,0.02694913186132908,0.0,0.12054367363452911,0.11838747560977936,0.11838747560977936,0.1723063737154007,0.10118885338306427,-6.031922739069273e-10,0.0,0.0,3.983687162399292,3.983686923980713,2.27679443359375,2.27679443359375,0.7227720618247986,0.0,0.0,0.0,0.0,0.2874941825866699,0.10866439342498779,0.02666996605694294,0.7677506804466248,0.5699899196624756,0.025275737047195435,2.255101203918457,2.280893564224243,2.27679443359375,2.3083243370056152,2.3439266681671143,0.1442926526069641,0.06011500582098961,1.0,2.2579185962677,2.3101959228515625,2.323375940322876,0.0,0.0,0.0,0.0,0.0,0.0,0.0,,,,,,,,,,,,,,,,,0.0005
22,7280,train,0.04297785088419914,0.1209113821387291,0.12472127377986908,0.0,0.0061400574631989,0.0061400574631989,0.0,3.371332883834839,9.999999747378752e-05,0.029999999329447746,0.029999999329447746,0.029999999329447746,0.0010000000474974513,0.0010000000474974513,0.08815768361091614,0.00047647953033447266,0.0,0.0,0.0,0.0,-1.724795937538147,-1.724795937538147,1.0,-1.724795937538147,0.0,-4.420482158660889,2.383999824523926,1.0,0.08815768361091614,1.0,0.0,0.0,0.08815768361091614,0.0,0.0,0.00047647953033447266,0.0,0.2995235323905945,0.08867587894201279,0.06654470413923264,0.6392823457717896,0.5756781697273254,0.0,0.0,0.0,0.0,0.0,0.0,0.0,0.0,1.0,0.0,0.1264955997467041,0.28618767857551575,0.36669763922691345,0.026693368330597878,0.0,0.12472127377986908,0.1209113821387291,0.1209113821387291,0.17298446595668793,0.09480071812868118,1.2690126727221696e-11,0.0,0.0,4.076801776885986,4.076801776885986,2.3259615898132324,2.3259615898132324,0.7431029677391052,0.0,0.0,0.0,0.0,0.2995235323905945,0.11641491204500198,0.005656283814460039,0.8514716029167175,0.5756781697273254,0.03768382593989372,2.3489279747009277,2.325222969055176,2.3259615898132324,2.3253281116485596,2.383999824523926,0.15681332349777222,0.06296499818563461,1.0,2.3633556365966797,2.360480308532715,2.325726270675659,0.0,0.0,0.0,0.0,0.0,0.0,0.0,,,,,,,,,,,,,,,,,0.0005
22,7300,train,0.03474322706460953,0.11142304539680481,0.1152956634759903,0.0,0.005940293427556753,0.005940293427556753,0.0,3.417266607284546,9.999999747378752e-05,0.029999999329447746,0.029999999329447746,0.029999999329447746,0.0010000000474974513,0.0010000000474974513,0.08769236505031586,0.02328789234161377,0.0,0.0,0.0,0.0,-1.6728310585021973,-1.6728310585021973,1.0,-1.6728310585021973,0.0,-4.337860584259033,2.489741563796997,1.0,0.08769236505031586,1.0,0.0,0.0,0.08769236505031586,0.0,0.0,0.02328789234161377,0.0,0.2767121195793152,0.08688483387231827,0.07159541547298431,0.5057287216186523,0.5537364482879639,0.0,0.0,0.0,0.0,0.0,0.0,0.0,0.0,1.0,0.0,0.13904331624507904,0.3007134795188904,0.3894062042236328,0.02592766098678112,0.0,0.1152956634759903,0.11142304539680481,0.11142304539680481,0.16644321382045746,0.056922346353530884,8.3101490966353e-11,0.0,0.0,3.983369827270508,3.983369827270508,2.4702885150909424,2.4702885150909424,0.6945779919624329,0.0,0.0,0.0,0.0,0.2767121195793152,0.11596236377954483,0.006989205721765757,0.6698762774467468,0.5537364482879639,0.021246938034892082,2.4613277912139893,2.4780654907226562,2.4702885150909424,2.4079291820526123,2.489741563796997,0.17042362689971924,0.07269404828548431,1.0,2.260524034500122,2.276998281478882,2.30928635597229,0.0,0.0,0.0,0.0,0.0,0.0,0.0,,,,,,,,,,,,,,,,,0.0005
22,7320,train,0.038710176944732666,0.11425696313381195,0.11738388240337372,0.0,0.006223304662853479,0.006223304662853479,0.0,3.371783494949341,9.999999747378752e-05,0.029999999329447746,0.029999999329447746,0.029999999329447746,0.0010000000474974513,0.0010000000474974513,0.07865316420793533,0.00639912486076355,0.0,0.0,0.0,0.0,-1.6605416536331177,-1.6605416536331177,1.0,-1.6605416536331177,0.0,-4.323782444000244,2.588625192642212,1.0,0.07865316420793533,1.0,0.0,0.0,0.07865316420793533,0.0,0.0,0.00639912486076355,0.0,0.2936008870601654,0.08551248162984848,0.10059793293476105,0.5433133840560913,0.5710781216621399,0.0,0.0,0.0,0.0,0.0,0.0,0.0,0.0,1.0,0.0,0.12759126722812653,0.2966817021369934,0.39322757720947266,0.027386827394366264,0.0,0.11738388240337372,0.11425696313381195,0.11425696313381195,0.1667432337999344,0.04010775312781334,-2.977416369009944e-10,0.0,0.0,3.957103967666626,3.957103967666626,2.5031826496124268,2.5031826496124268,0.6913609504699707,0.0,0.0,0.0,0.0,0.2936008870601654,0.11693108081817627,0.002534888219088316,0.7229802012443542,0.5710781216621399,0.046660542488098145,2.4477787017822266,2.5209944248199463,2.5031826496124268,2.511662483215332,2.588625192642212,0.16577960550785065,0.06948272138834,1.0,2.3687009811401367,2.3352556228637695,2.3783223628997803,0.0,0.0,0.0,0.0,0.0,0.0,0.0,,,,,,,,,,,,,,,,,0.0005
22,7340,train,0.03074728325009346,0.10786200314760208,0.11133302748203278,0.0,0.005636163055896759,0.005636163055896759,0.0,3.3362038135528564,9.999999747378752e-05,0.029999999329447746,0.029999999329447746,0.029999999329447746,0.0010000000474974513,0.0010000000474974513,0.08224906772375107,4.2766332626342773e-05,0.0,0.0,0.0,0.0,-1.6661055088043213,-1.6661055088043213,1.0,-1.6661055088043213,0.0,-4.334571361541748,2.5997185707092285,1.0,0.08224906772375107,1.0,0.0,0.0,0.08224906772375107,0.0,0.0,4.2766332626342773e-05,0.0,0.2999572157859802,0.0827396810054779,0.09190496802330017,0.6035524010658264,0.5796135663986206,0.0,0.0,0.0,0.0,0.0,0.0,0.0,0.0,1.0,0.0,0.14113856852054596,0.28702887892723083,0.4043384790420532,0.028846509754657745,0.0,0.11133302748203278,0.10786200314760208,0.10786200314760208,0.16993454098701477,0.026170456781983376,-2.0662792310499611e-10,0.0,0.0,3.9318971633911133,3.9318971633911133,2.579704761505127,2.579704761505127,0.6900883316993713,0.0,0.0,0.0,0.0,0.2999572455883026,0.1126122772693634,0.007723535876721144,0.7723242044448853,0.5796135663986206,0.04269301891326904,2.5237622261047363,2.5992183685302734,2.579704761505127,2.5255184173583984,2.5997185707092285,0.17192436754703522,0.07253476232290268,1.0,2.3378853797912598,2.4230716228485107,2.416417121887207,0.0,0.0,0.0,0.0,0.0,0.0,0.0,,,,,,,,,,,,,,,,,0.0005
22,7348,train_epoch,0.03956696637599411,0.11638845449793124,0.11955744960529362,0.0,0.006151440418130177,0.006151440418130177,0.0,3.367091600052611,9.999999747378752e-05,0.029999999329447746,0.029999999329447746,0.029999999329447746,0.0010000000474974513,0.0010000000474974513,0.08119780070588974,0.010479121240313182,0.0,0.0,0.0,0.0,-1.6890984969938587,-1.6890984969938587,1.0,-1.6890984969938587,0.0,-4.364468384645656,2.4891294326610907,1.0,0.08119780070588974,1.0,0.0,0.0,0.08119780070588974,0.0,0.0,0.010479121240313182,0.0,0.3001247048377991,0.08710664272040664,0.07527191130567097,0.583972732731682,0.5751449708453196,0.0,0.0,0.0,0.0,0.0,0.0,0.0,0.0,1.0,0.0,0.13139012940004915,0.2909158473600171,0.3822608699877105,0.02727571430945111,0.0,0.11955744960529362,0.11638845449793124,0.11638845449793124,0.16951501092867938,0.06436181753083665,-4.827772200432335e-12,0.0,0.0,3.9798580622244737,3.979858062938302,2.436038131485442,2.436038131485442,0.7048213283815784,0.0,0.0,0.0,0.0,0.3001247004656021,0.11817250884846299,0.007931659073505445,0.7875526881146574,0.5751449708453196,0.04659206673926757,2.4158278882146598,2.445267299692074,2.436038131485442,2.4306478100622484,2.4891294326610907,0.1623037009985147,0.06775073972558547,1.0,2.3808910768189118,2.38146778851926,2.381923380012284,0.0,0.0,0.0,0.0,0.0,0.0,0.0,,,,,,,,,,,,,,,,,0.0005
22,7348,val,,,,,,,,,,,,,,,,,,,,,,,,,,,,,,,,,,,,,,,,,,,,,,,,,,,,,,,,,,,,,,,,,,,,,,,,,,,,,,,,,,,,,,,,,,,,,,,,,,,16.668270957362544,717.7252452266109,26.79039464484633,11.86038250966115,15.457832937842017,24.629224823975022,10.510573339891863,16.675607569582827,26.82656190081902,11.760009202871236,18.78358305681933,30.06478067990803,14.414923105153951,16.668270957362544,26.79039464484633,11.86038250966115,0.0005
22,7348,test,,,,,,,,,,,,,,,,,,,,,,,,,,,,,,,,,,,,,,,,,,,,,,,,,,,,,,,,,,,,,,,,,,,,,,,,,,,,,,,,,,,,,,,,,,,,,,,,,,,16.149857624157054,645.0072246929547,25.396992434005934,10.879314293732515,15.015418469368875,23.471403238138404,9.875472738936141,16.13124419976999,25.451980962151115,10.838028770309311,18.15098591538163,28.29248391000942,12.810882744488415,16.149857624157054,25.396992434005934,10.879314293732515,0.0005
23,7360,train,0.04514821991324425,0.12065999954938889,0.12329631298780441,0.0,0.005875401198863983,0.005875401198863983,0.0,3.360799789428711,9.999999747378752e-05,0.029999999329447746,0.029999999329447746,0.029999999329447746,0.0010000000474974513,0.0010000000474974513,0.08001917600631714,0.004992663860321045,0.0,0.0,0.0,0.0,-1.6794734001159668,-1.6794734001159668,1.0,-1.6794734001159668,0.0,-4.369500637054443,2.55125093460083,1.0,0.08001917600631714,1.0,0.0,0.0,0.08001917600631714,0.0,0.0,0.004992663860321045,0.0,0.2950073480606079,0.08464334905147552,0.07968732714653015,0.6151829957962036,0.5745805501937866,0.0,0.0,0.0,0.0,0.0,0.0,0.0,0.0,1.0,0.0,0.1322934925556183,0.2903430461883545,0.38357293605804443,0.0272603090852499,0.0,0.12329631298780441,0.12065999954938889,0.12065999954938889,0.16907784342765808,0.05096634104847908,3.085096900168338e-10,0.0,0.0,3.975268602371216,3.975268602371216,2.4472079277038574,2.4472079277038574,0.6978012919425964,0.0,0.0,0.0,0.0,0.2950073480606079,0.11327013373374939,0.009822145104408264,0.7521212697029114,0.5745805501937866,0.04673713445663452,2.417240619659424,2.461106061935425,2.4472079277038574,2.4835948944091797,2.55125093460083,0.16070161759853363,0.0665522888302803,1.0,2.3560237884521484,2.3762125968933105,2.4000604152679443,0.0,0.0,0.0,0.0,0.0,0.0,0.0,,,,,,,,,,,,,,,,,0.0005
23,7380,train,0.03331949561834335,0.11170190572738647,0.11427142471075058,0.0,0.006818552501499653,0.006818552501499653,0.0,3.320354461669922,9.999999747378752e-05,0.029999999329447746,0.029999999329447746,0.029999999329447746,0.0010000000474974513,0.0010000000474974513,0.08377835899591446,0.003015965223312378,0.0,0.0,0.0,0.0,-1.6976680755615234,-1.6976680755615234,1.0,-1.6976680755615234,0.0,-4.373159885406494,2.501009702682495,1.0,0.08377835899591446,1.0,0.0,0.0,0.08377835899591446,0.0,0.0,0.003015965223312378,0.0,0.2969840466976166,0.07409092783927917,0.09068705886602402,0.5436147451400757,0.5781427025794983,0.0,0.0,0.0,0.0,0.0,0.0,0.0,0.0,1.0,0.0,0.11815483123064041,0.29146715998649597,0.37880393862724304,0.02832692302763462,0.0,0.11427142471075058,0.11170190572738647,0.11170190572738647,0.16117262840270996,0.06470947712659836,-4.440698642138585e-10,0.0,0.0,3.9531502723693848,3.9531502723693848,2.4182121753692627,2.4182121753692627,0.6629860997200012,0.0,0.0,0.0,0.0,0.2969840466976166,0.1083008199930191,0.004978328477591276,0.723852813243866,0.5781427025794983,0.02037377655506134,2.3558568954467773,2.441061019897461,2.4182121753692627,2.445094347000122,2.501009702682495,0.1539333611726761,0.06524305790662766,1.0,2.391536235809326,2.375622510910034,2.3697457313537598,0.0,0.0,0.0,0.0,0.0,0.0,0.0,,,,,,,,,,,,,,,,,0.0005
23,7400,train,0.03585943579673767,0.1146063432097435,0.11756211519241333,0.0,0.0057712337002158165,0.0057712337002158165,0.0,3.3720805644989014,9.999999747378752e-05,0.029999999329447746,0.029999999329447746,0.029999999329447746,0.0010000000474974513,0.0010000000474974513,0.07990507036447525,0.00832754373550415,0.0,0.0,0.0,0.0,-1.7142984867095947,-1.7142984867095947,1.0,-1.7142984867095947,0.0,-4.399905681610107,2.453212261199951,1.0,0.07990507036447525,1.0,0.0,0.0,0.07990507036447525,0.0,0.0,0.00832754373550415,0.0,0.3083275556564331,0.0810757502913475,0.09105183929204941,0.5405420064926147,0.5880686044692993,0.0,0.0,0.0,0.0,0.0,0.0,0.0,0.0,1.0,0.0,0.12896543741226196,0.28899380564689636,0.37495583295822144,0.026728149503469467,0.0,0.11756211519241333,0.1146063432097435,0.1146063432097435,0.1843353807926178,0.08623670786619186,-2.6058818991536725e-10,0.0,0.0,4.049433708190918,4.049433708190918,2.4038279056549072,2.4038279056549072,0.7826839089393616,0.0,0.0,0.0,0.0,0.3083275556564331,0.10907863825559616,0.009843324311077595,0.7427940964698792,0.5880686044692993,0.03481924161314964,2.4046778678894043,2.406773567199707,2.4038279056549072,2.408863067626953,2.453212261199951,0.15699607133865356,0.06278824806213379,1.0,2.37888240814209,2.3584539890289307,2.3736929893493652,0.0,0.0,0.0,0.0,0.0,0.0,0.0,,,,,,,,,,,,,,,,,0.0005
23,7420,train,0.03584663197398186,0.1128574013710022,0.11640484631061554,0.0,0.005733441561460495,0.005733441561460495,0.0,3.3805782794952393,9.999999747378752e-05,0.029999999329447746,0.029999999329447746,0.029999999329447746,0.0010000000474974513,0.0010000000474974513,0.08184397220611572,0.0011417865753173828,0.0,0.0,0.0,0.0,-1.6814130544662476,-1.6814130544662476,1.0,-1.6814130544662476,0.0,-4.3499755859375,2.558488607406616,1.0,0.08184397220611572,1.0,0.0,0.0,0.08184397220611572,0.0,0.0,0.0011417865753173828,0.0,0.29885825514793396,0.08247102797031403,0.07203789055347443,0.523230791091919,0.5748534798622131,0.0,0.0,0.0,0.0,0.0,0.0,0.0,0.0,1.0,0.0,0.13587428629398346,0.298452764749527,0.3911157250404358,0.026954585686326027,0.0,0.11640484631061554,0.1128574013710022,0.1128574013710022,0.18932026624679565,0.06665327399969101,2.2401669408367297e-10,0.0,0.0,3.962730646133423,3.962730646133423,2.513077735900879,2.513077735900879,0.7832261323928833,0.0,0.0,0.0,0.0,0.2988582253456116,0.11863470822572708,0.011955981142818928,0.7974083423614502,0.5748534798622131,0.05000000447034836,2.469512939453125,2.531719207763672,2.513077735900879,2.4811341762542725,2.558488607406616,0.16721808910369873,0.06957187503576279,1.0,2.443307399749756,2.415310859680176,2.332958698272705,0.0,0.0,0.0,0.0,0.0,0.0,0.0,,,,,,,,,,,,,,,,,0.0005
23,7440,train,0.033595599234104156,0.11262968927621841,0.11623873561620712,0.0,0.005728174466639757,0.005728174466639757,0.0,3.3787589073181152,9.999999747378752e-05,0.029999999329447746,0.029999999329447746,0.029999999329447746,0.0010000000474974513,0.0010000000474974513,0.08234058320522308,0.012045472860336304,0.0,0.0,0.0,0.0,-1.7147656679153442,-1.7147656679153442,1.0,-1.7147656679153442,0.0,-4.416413307189941,2.4637532234191895,1.0,0.08234058320522308,1.0,0.0,0.0,0.08234058320522308,0.0,0.0,0.012045472860336304,0.0,0.3120454251766205,0.08507713675498962,0.09205195307731628,0.621062159538269,0.5873985290527344,0.0,0.0,0.0,0.0,0.0,0.0,0.0,0.0,1.0,0.0,0.1269364207983017,0.2806837558746338,0.37077417969703674,0.026549233123660088,0.0,0.11623873561620712,0.11262968927621841,0.11262968927621841,0.1551656872034073,0.06067509576678276,2.8777299987403637e-10,0.0,0.0,3.9107825756073,3.9107825756073,2.389410972595215,2.389410972595215,0.6375566720962524,0.0,0.0,0.0,0.0,0.31204548478126526,0.11794131994247437,0.018886873498558998,0.8114274144172668,0.5873985290527344,0.06775429099798203,2.3530850410461426,2.4006893634796143,2.389410972595215,2.4083588123321533,2.4637532234191895,0.14847560226917267,0.06292285770177841,1.0,2.408566474914551,2.3186426162719727,2.3225674629211426,0.0,0.0,0.0,0.0,0.0,0.0,0.0,,,,,,,,,,,,,,,,,0.0005
23,7460,train,0.04261241480708122,0.11902163177728653,0.12248367816209793,0.0,0.006731994915753603,0.006731994915753603,0.0,3.3708267211914062,9.999999747378752e-05,0.029999999329447746,0.029999999329447746,0.029999999329447746,0.0010000000474974513,0.0010000000474974513,0.07855058461427689,0.017963290214538574,0.0,0.0,0.0,0.0,-1.6923586130142212,-1.6923586130142212,1.0,-1.6923586130142212,0.0,-4.384162902832031,2.428309917449951,1.0,0.07855058461427689,1.0,0.0,0.0,0.07855058461427689,0.0,0.0,0.017963290214538574,0.0,0.2820367217063904,0.09806501865386963,0.03200255334377289,0.6555382609367371,0.5546175241470337,0.0,0.0,0.0,0.0,0.0,0.0,0.0,0.0,1.0,0.0,0.11258036643266678,0.2888147532939911,0.3657405972480774,0.02667493000626564,0.0,0.12248367816209793,0.11902163177728653,0.11902163177728653,0.17000846564769745,0.068529412150383,4.784476148600447e-10,0.0,0.0,4.050961494445801,4.050961494445801,2.333692789077759,2.333692789077759,0.7164095044136047,0.0,0.0,0.0,0.0,0.2820367217063904,0.12338463217020035,0.004846356809139252,0.8031226396560669,0.5546175241470337,0.03889399766921997,2.32722806930542,2.340278148651123,2.333692789077759,2.3928563594818115,2.428309917449951,0.15569406747817993,0.06270334124565125,1.0,2.504222869873047,2.4386959075927734,2.4661402702331543,0.0,0.0,0.0,0.0,0.0,0.0,0.0,,,,,,,,,,,,,,,,,0.0005
23,7480,train,0.038622111082077026,0.1166779175400734,0.12002973258495331,0.0,0.0056774611584842205,0.0056774611584842205,0.0,3.3686106204986572,9.999999747378752e-05,0.029999999329447746,0.029999999329447746,0.029999999329447746,0.0010000000474974513,0.0010000000474974513,0.07831152528524399,0.011805117130279541,0.0,0.0,0.0,0.0,-1.710984230041504,-1.710984230041504,1.0,-1.710984230041504,0.0,-4.394138336181641,2.429903507232666,1.0,0.07831152528524399,1.0,0.0,0.0,0.07831152528524399,0.0,0.0,0.011805117130279541,0.0,0.3118051290512085,0.08561790734529495,0.10058963298797607,0.5814563632011414,0.5864980816841125,0.0,0.0,0.0,0.0,0.0,0.0,0.0,0.0,1.0,0.0,0.13275191187858582,0.2918296754360199,0.3726556599140167,0.02683519572019577,0.0,0.12002973258495331,0.1166779175400734,0.1166779175400734,0.16329389810562134,0.07881986349821091,8.741640050713428e-11,0.0,0.0,3.974951982498169,3.974951982498169,2.3756043910980225,2.3756043910980225,0.682762622833252,0.0,0.0,0.0,0.0,0.3118051290512085,0.11740692704916,0.007686949335038662,0.7744711637496948,0.5864980816841125,0.05384497717022896,2.357128858566284,2.3868892192840576,2.3756043910980225,2.362266778945923,2.429903507232666,0.15252330899238586,0.06323938816785812,1.0,2.3046131134033203,2.422774314880371,2.4194867610931396,0.0,0.0,0.0,0.0,0.0,0.0,0.0,,,,,,,,,,,,,,,,,0.0005
23,7500,train,0.04083472490310669,0.11817533522844315,0.12128910422325134,0.0,0.006434913724660873,0.006434913724660873,0.0,3.387557029724121,9.999999747378752e-05,0.029999999329447746,0.029999999329447746,0.029999999329447746,0.0010000000474974513,0.0010000000474974513,0.08320942521095276,0.005145132541656494,0.0,0.0,0.0,0.0,-1.7036430835723877,-1.7036430835723877,1.0,-1.7036430835723877,0.0,-4.402749538421631,2.423725128173828,1.0,0.08320942521095276,1.0,0.0,0.0,0.08320942521095276,0.0,0.0,0.005145132541656494,0.0,0.29485487937927246,0.09060521423816681,0.06457662582397461,0.5827480554580688,0.5715305805206299,0.0,0.0,0.0,0.0,0.0,0.0,0.0,0.0,1.0,0.0,0.1235390454530716,0.29253822565078735,0.36887893080711365,0.026359902694821358,0.0,0.12128910422325134,0.11817533522844315,0.11817533522844315,0.1698959767818451,0.07001542299985886,5.372489120247792e-10,0.0,0.0,3.968071937561035,3.968071937561035,2.3642163276672363,2.3642163276672363,0.7079596519470215,0.0,0.0,0.0,0.0,0.29485487937927246,0.11724776774644852,0.013784957118332386,0.7598227858543396,0.5715305805206299,0.04033394902944565,2.337080955505371,2.3745763301849365,2.3642163276672363,2.347137212753296,2.423725128173828,0.15534599125385284,0.06497150659561157,1.0,2.3320116996765137,2.3585011959075928,2.3361032009124756,0.0,0.0,0.0,0.0,0.0,0.0,0.0,,,,,,,,,,,,,,,,,0.0005
23,7520,train,0.04458114504814148,0.12189777195453644,0.12495449930429459,0.0,0.006508605554699898,0.006508605554699898,0.0,3.424042224884033,9.999999747378752e-05,0.029999999329447746,0.029999999329447746,0.029999999329447746,0.0010000000474974513,0.0010000000474974513,0.07333117723464966,0.03140038251876831,0.0,0.0,0.0,0.0,-1.7158321142196655,-1.7158321142196655,1.0,-1.7158321142196655,0.0,-4.41793966293335,2.409818649291992,1.0,0.07333117723464966,1.0,0.0,0.0,0.07333117723464966,0.0,0.0,0.03140038251876831,0.0,0.33140039443969727,0.09676428884267807,0.10097557306289673,0.6610724925994873,0.5929833054542542,0.0,0.0,0.0,0.0,0.0,0.0,0.0,0.0,1.0,0.0,0.11271543055772781,0.28236767649650574,0.36669450998306274,0.02532120794057846,0.0,0.12495449930429459,0.12189777195453644,0.12189777195453644,0.1653398722410202,0.07500352710485458,-5.756589649408284e-10,0.0,0.0,3.9756765365600586,3.9756765365600586,2.3189172744750977,2.3189172744750977,0.6880103945732117,0.0,0.0,0.0,0.0,0.33140039443969727,0.13360176980495453,0.009242748841643333,0.8569867610931396,0.5929833054542542,0.10952819138765335,2.2965304851531982,2.3293683528900146,2.3189172744750977,2.3709423542022705,2.409818649291992,0.15146760642528534,0.06131838634610176,1.0,2.3673129081726074,2.3732099533081055,2.4105000495910645,0.0,0.0,0.0,0.0,0.0,0.0,0.0,,,,,,,,,,,,,,,,,0.0005
23,7540,train,0.04711947217583656,0.12390582263469696,0.126251220703125,0.0,0.006508927326649427,0.006508927326649427,0.0,3.445652961730957,9.999999747378752e-05,0.029999999329447746,0.029999999329447746,0.029999999329447746,0.0010000000474974513,0.0010000000474974513,0.08187579363584518,0.003055781126022339,0.0,0.0,0.0,0.0,-1.7110226154327393,-1.7110226154327393,1.0,-1.7110226154327393,0.0,-4.4037370681762695,2.3991494178771973,1.0,0.08187579363584518,1.0,0.0,0.0,0.08187579363584518,0.0,0.0,0.003055781126022339,0.0,0.3030558228492737,0.10242360830307007,0.07560837268829346,0.5298464298248291,0.571160078048706,0.0,0.0,0.0,0.0,0.0,0.0,0.0,0.0,1.0,0.0,0.12432929128408432,0.30113381147384644,0.36851462721824646,0.024790380150079727,0.0,0.126251220703125,0.12390582263469696,0.12390582263469696,0.17726968228816986,0.08895018696784973,7.179842276272552e-10,0.0,0.0,4.050978183746338,4.050978183746338,2.3399956226348877,2.3399956226348877,0.7558401823043823,0.0,0.0,0.0,0.0,0.3030557930469513,0.12841905653476715,0.0027681051287800074,0.7488564848899841,0.571160078048706,0.05628063902258873,2.3331644535064697,2.3438642024993896,2.3399956226348877,2.3517346382141113,2.3991494178771973,0.15114744007587433,0.06218777969479561,1.0,2.3162178993225098,2.333991289138794,2.36631441116333,0.0,0.0,0.0,0.0,0.0,0.0,0.0,,,,,,,,,,,,,,,,,0.0005
23,7560,train,0.028473559767007828,0.10694961249828339,0.111313097178936,0.0,0.005881912540644407,0.005881912540644407,0.0,3.349299907684326,9.999999747378752e-05,0.029999999329447746,0.029999999329447746,0.029999999329447746,0.0010000000474974513,0.0010000000474974513,0.07111114263534546,0.02707657217979431,0.0,0.0,0.0,0.0,-1.6891374588012695,-1.6891374588012695,1.0,-1.6891374588012695,0.0,-4.341378688812256,2.486501455307007,1.0,0.07111114263534546,1.0,0.0,0.0,0.07111114263534546,0.0,0.0,0.02707657217979431,0.0,0.27292340993881226,0.08437544107437134,0.062441952526569366,0.5801851153373718,0.548490047454834,0.0,0.0,0.0,0.0,0.0,0.0,0.0,0.0,1.0,0.0,0.12338954210281372,0.29246991872787476,0.3878241777420044,0.028033340349793434,0.0,0.111313097178936,0.10694961249828339,0.10694961249828339,0.15864938497543335,0.04429970309138298,1.4014579774457303e-10,0.0,0.0,3.9576761722564697,3.9576761722564697,2.466137409210205,2.466137409210205,0.6528652310371399,0.0,0.0,0.0,0.0,0.27292343974113464,0.11927246302366257,0.0022158899810165167,0.851216733455658,0.548490047454834,0.036764707416296005,2.4240007400512695,2.479576349258423,2.466137409210205,2.415034532546997,2.486501455307007,0.1649354249238968,0.0702480748295784,1.0,2.489614725112915,2.418031692504883,2.3910038471221924,0.0,0.0,0.0,0.0,0.0,0.0,0.0,,,,,,,,,,,,,,,,,0.0005
23,7580,train,0.03080488182604313,0.11159457266330719,0.11430101841688156,0.0,0.00583844818174839,0.00583844818174839,0.0,3.3740780353546143,9.999999747378752e-05,0.029999999329447746,0.029999999329447746,0.029999999329447746,0.0010000000474974513,0.0010000000474974513,0.0827026516199112,0.010060638189315796,0.0,0.0,0.0,0.0,-1.7375869750976562,-1.7375869750976562,1.0,-1.7375869750976562,0.0,-4.42958927154541,2.405491352081299,1.0,0.0827026516199112,1.0,0.0,0.0,0.0827026516199112,0.0,0.0,0.010060638189315796,0.0,0.28993937373161316,0.07857444882392883,0.09186234325170517,0.541339099407196,0.5725157856941223,0.0,0.0,0.0,0.0,0.0,0.0,0.0,0.0,1.0,0.0,0.12573859095573425,0.28952556848526,0.3712644875049591,0.02682618983089924,0.0,0.11430101841688156,0.11159457266330719,0.11159457266330719,0.16599249839782715,0.056369803845882416,8.56128085091612e-11,0.0,0.0,3.979393243789673,3.979393243789673,2.3664238452911377,2.3664238452911377,0.692049503326416,0.0,0.0,0.0,0.0,0.28993937373161316,0.10776234418153763,0.012516540475189686,0.7450850605964661,0.5725157856941223,0.02633272297680378,2.3381316661834717,2.3769524097442627,2.3664238452911377,2.351790428161621,2.405491352081299,0.15679232776165009,0.06419887393712997,1.0,2.3649280071258545,2.3624744415283203,2.328294515609741,0.0,0.0,0.0,0.0,0.0,0.0,0.0,,,,,,,,,,,,,,,,,0.0005
23,7600,train,0.04761180281639099,0.12481386214494705,0.12776418030261993,0.0,0.007455641403794289,0.007455641403794289,0.0,3.377427816390991,9.999999747378752e-05,0.029999999329447746,0.029999999329447746,0.029999999329447746,0.0010000000474974513,0.0010000000474974513,0.08133938163518906,0.008774280548095703,0.0,0.0,0.0,0.0,-1.7234402894973755,-1.7234402894973755,1.0,-1.7234402894973755,0.0,-4.431112766265869,2.3942904472351074,1.0,0.08133938163518906,1.0,0.0,0.0,0.08133938163518906,0.0,0.0,0.008774280548095703,0.0,0.29122573137283325,0.09187693893909454,0.032492782920598984,0.6586782932281494,0.5681796073913574,0.0,0.0,0.0,0.0,0.0,0.0,0.0,0.0,1.0,0.0,0.10899350047111511,0.2880682945251465,0.3644197881221771,0.026608603075146675,0.0,0.12776418030261993,0.12481386214494705,0.12481386214494705,0.17066314816474915,0.07405360043048859,9.893622032741689e-11,0.0,0.0,4.027609348297119,4.027609348297119,2.326042890548706,2.326042890548706,0.7193446755409241,0.0,0.0,0.0,0.0,0.29122573137283325,0.11749295145273209,0.006042078603059053,0.8284446001052856,0.5681796073913574,0.0429074764251709,2.311389446258545,2.333127021789551,2.326042890548706,2.368370532989502,2.3942904472351074,0.15283818542957306,0.06163037195801735,1.0,2.493373394012451,2.393913745880127,2.3739089965820312,0.0,0.0,0.0,0.0,0.0,0.0,0.0,,,,,,,,,,,,,,,,,0.0005
23,7620,train,0.029172290116548538,0.10768378525972366,0.11130888760089874,0.0,0.005975811742246151,0.005975811742246151,0.0,3.438671588897705,9.999999747378752e-05,0.029999999329447746,0.029999999329447746,0.029999999329447746,0.0010000000474974513,0.0010000000474974513,0.07781493663787842,0.023019134998321533,0.0,0.0,0.0,0.0,-1.689954161643982,-1.689954161643982,1.0,-1.689954161643982,0.0,-4.362067699432373,2.547163724899292,1.0,0.07781493663787842,1.0,0.0,0.0,0.07781493663787842,0.0,0.0,0.023019134998321533,0.0,0.2769808769226074,0.09081888198852539,0.07003448158502579,0.5946341753005981,0.5546872019767761,0.0,0.0,0.0,0.0,0.0,0.0,0.0,0.0,1.0,0.0,0.12974391877651215,0.28701451420783997,0.3944118022918701,0.025460263714194298,0.0,0.11130888760089874,0.10768378525972366,0.10768378525972366,0.17167267203330994,0.04813678562641144,-2.381284613939272e-10,0.0,0.0,3.9664342403411865,3.9664342403411865,2.516078233718872,2.516078233718872,0.7155160307884216,0.0,0.0,0.0,0.0,0.2769808769226074,0.11616825312376022,0.004801387898623943,0.7873731255531311,0.5546872019767761,0.030805760994553566,2.4642438888549805,2.530552864074707,2.516078233718872,2.4675135612487793,2.547163724899292,0.1680215448141098,0.0709352195262909,1.0,2.411935329437256,2.3663086891174316,2.374185085296631,0.0,0.0,0.0,0.0,0.0,0.0,0.0,,,,,,,,,,,,,,,,,0.0005
23,7640,train,0.03547433391213417,0.11379151791334152,0.1163407564163208,0.0,0.006189764477312565,0.006189764477312565,0.0,3.3937933444976807,9.999999747378752e-05,0.029999999329447746,0.029999999329447746,0.029999999329447746,0.0010000000474974513,0.0010000000474974513,0.08772586286067963,0.007360607385635376,0.0,0.0,0.0,0.0,-1.7034250497817993,-1.7034250497817993,1.0,-1.7034250497817993,0.0,-4.396834850311279,2.4989194869995117,1.0,0.08772586286067963,1.0,0.0,0.0,0.08772586286067963,0.0,0.0,0.007360607385635376,0.0,0.2926394045352936,0.08817774057388306,0.06867390125989914,0.5298992991447449,0.5694056153297424,0.0,0.0,0.0,0.0,0.0,0.0,0.0,0.0,1.0,0.0,0.13078655302524567,0.2930242717266083,0.38283637166023254,0.026426754891872406,0.0,0.1163407564163208,0.11379151791334152,0.11379151791334152,0.17305797338485718,0.05485869199037552,-7.532233517459908e-12,0.0,0.0,3.9909260272979736,3.9909260272979736,2.468679904937744,2.468679904937744,0.7313063740730286,0.0,0.0,0.0,0.0,0.2926394045352936,0.11815435439348221,0.008570322766900063,0.8257842659950256,0.5694056153297424,0.0494791679084301,2.421198606491089,2.480463981628418,2.468679904937744,2.4641404151916504,2.4989194869995117,0.15782397985458374,0.0668979287147522,1.0,2.3562679290771484,2.3803975582122803,2.354578971862793,0.0,0.0,0.0,0.0,0.0,0.0,0.0,,,,,,,,,,,,,,,,,0.0005
23,7660,train,0.03635070472955704,0.11342425644397736,0.11686811596155167,0.0,0.0058819991536438465,0.0058819991536438465,0.0,3.3220348358154297,9.999999747378752e-05,0.029999999329447746,0.029999999329447746,0.029999999329447746,0.0010000000474974513,0.0010000000474974513,0.08060859143733978,0.016724348068237305,0.0,0.0,0.0,0.0,-1.684219479560852,-1.684219479560852,1.0,-1.684219479560852,0.0,-4.355006694793701,2.4173583984375,1.0,0.08060859143733978,1.0,0.0,0.0,0.08060859143733978,0.0,0.0,0.016724348068237305,0.0,0.28327566385269165,0.09244096279144287,0.06148166581988335,0.6204257011413574,0.5588929653167725,0.0,0.0,0.0,0.0,0.0,0.0,0.0,0.0,1.0,0.0,0.1303706020116806,0.2974507510662079,0.3787100315093994,0.02863544039428234,0.0,0.11686811596155167,0.11342425644397736,0.11342425644397736,0.15794385969638824,0.06640677899122238,-2.2153059942020548e-10,0.0,0.0,3.973846912384033,3.973846912384033,2.396088123321533,2.396088123321533,0.6567773222923279,0.0,0.0,0.0,0.0,0.28327566385269165,0.11919350922107697,0.008519929833710194,0.7671953439712524,0.5588929653167725,0.03717831149697304,2.3822786808013916,2.4043538570404053,2.396088123321533,2.3422696590423584,2.4173583984375,0.15947896242141724,0.06869224458932877,1.0,2.3502559661865234,2.384209394454956,2.4164960384368896,0.0,0.0,0.0,0.0,0.0,0.0,0.0,,,,,,,,,,,,,,,,,0.0005
23,7680,train,0.02321092039346695,0.1027015671133995,0.1055307686328888,0.0,0.005064656492322683,0.005064656492322683,0.0,3.386441469192505,9.999999747378752e-05,0.029999999329447746,0.029999999329447746,0.029999999329447746,0.0010000000474974513,0.0010000000474974513,0.0822952389717102,0.0023962855339050293,0.0,0.0,0.0,0.0,-1.6862013339996338,-1.6862013339996338,1.0,-1.6862013339996338,0.0,-4.3399505615234375,2.5625901222229004,1.0,0.0822952389717102,1.0,0.0,0.0,0.0822952389717102,0.0,0.0,0.0023962855339050293,0.0,0.30239632725715637,0.09240607917308807,0.07416293025016785,0.64274001121521,0.5782326459884644,0.0,0.0,0.0,0.0,0.0,0.0,0.0,0.0,1.0,0.0,0.14079219102859497,0.2902023494243622,0.394848108291626,0.027209075167775154,0.0,0.1055307686328888,0.1027015671133995,0.1027015671133995,0.16451981663703918,0.025162985548377037,3.769329015579359e-10,0.0,0.0,3.8916611671447754,3.8916611671447754,2.5344862937927246,2.5344862937927246,0.6657773852348328,0.0,0.0,0.0,0.0,0.302396297454834,0.11841925978660583,0.009975847788155079,0.8349469900131226,0.5782326459884644,0.05431985482573509,2.503946542739868,2.544957399368286,2.5344862937927246,2.486809253692627,2.5625901222229004,0.1684197336435318,0.07287556678056717,1.0,2.373991012573242,2.3690686225891113,2.3841147422790527,0.0,0.0,0.0,0.0,0.0,0.0,0.0,,,,,,,,,,,,,,,,,0.0005
23,7682,train_epoch,0.03836582287655262,0.11585732029672868,0.11895552134799386,0.0,0.0062230097835403895,0.0062230097835403895,0.0,3.3801640372076434,9.999999747378752e-05,0.029999999329447746,0.029999999329447746,0.029999999329447746,0.0010000000474974513,0.0010000000474974513,0.07991911598040673,0.012903668744835312,0.0,0.0,0.0,0.0,-1.698335552286959,-1.698335552286959,1.0,-1.698335552286959,0.0,-4.382970237446402,2.4606912557236447,1.0,0.07991911598040673,1.0,0.0,0.0,0.07991911598040673,0.0,0.0,0.012903668744835312,0.0,0.3003850912084123,0.08882922650186602,0.0732382856487871,0.5957780841760293,0.5749509496960098,0.0,0.0,0.0,0.0,0.0,0.0,0.0,0.0,1.0,0.0,0.1262780713687043,0.2921131345147858,0.37801686393286654,0.026746160149975808,0.0,0.11895552134799386,0.11585732029672868,0.11585732029672868,0.17363803289429156,0.07025337165282916,9.939155060641823e-12,0.0,0.0,3.989789068341969,3.989789076907906,2.411399356619327,2.411399356619327,0.7256232517921996,0.0,0.0,0.0,0.0,0.3003850873715863,0.11859811302609072,0.007976949713883007,0.7948858959232262,0.5749509496960098,0.04794877431840597,2.389337085678192,2.4209054808416766,2.411399356619327,2.4052368116949845,2.4606912557236447,0.1587579558620196,0.06596710979046222,1.0,2.3675546217821317,2.3679586870227745,2.3687386491341504,0.0,0.0,0.0,0.0,0.0,0.0,0.0,,,,,,,,,,,,,,,,,0.0005
23,7682,val,,,,,,,,,,,,,,,,,,,,,,,,,,,,,,,,,,,,,,,,,,,,,,,,,,,,,,,,,,,,,,,,,,,,,,,,,,,,,,,,,,,,,,,,,,,,,,,,,,,16.739957732123298,717.8470356571781,26.792667572624755,11.782567011343467,15.565754061346656,24.682890749316932,10.681325229438576,16.793320668710244,26.83479072370339,11.992597532701922,18.753663406715738,30.011752321095656,13.757659791826129,16.739957732123298,26.792667572624755,11.782567011343467,0.0005
24,7700,train,0.03318114951252937,0.11106184124946594,0.11399204283952713,0.0,0.005387299694120884,0.005387299694120884,0.0,3.413665533065796,9.999999747378752e-05,0.029999999329447746,0.029999999329447746,0.029999999329447746,0.0010000000474974513,0.0010000000474974513,0.07495831698179245,0.005767762660980225,0.0,0.0,0.0,0.0,-1.687713384628296,-1.687713384628296,1.0,-1.687713384628296,0.0,-4.363114833831787,2.441462755203247,1.0,0.07495831698179245,1.0,0.0,0.0,0.07495831698179245,0.0,0.0,0.005767762660980225,0.0,0.29423224925994873,0.08860960602760315,0.09299613535404205,0.6256756782531738,0.5705881118774414,0.0,0.0,0.0,0.0,0.0,0.0,0.0,0.0,1.0,0.0,0.1390027403831482,0.3078761398792267,0.3859243392944336,0.026202218607068062,0.0,0.11399204283952713,0.11106184124946594,0.11106184124946594,0.1621989905834198,0.06633660197257996,3.5687724997401915e-10,0.0,0.0,4.009230613708496,4.009230613708496,2.4310343265533447,2.4310343265533447,0.6862609386444092,0.0,0.0,0.0,0.0,0.29423224925994873,0.1173625960946083,0.003177137579768896,0.8482048511505127,0.5705881118774414,0.03720894828438759,2.41943621635437,2.439976930618286,2.4310343265533447,2.368222713470459,2.441462755203247,0.16530269384384155,0.06861933320760727,1.0,2.3921542167663574,2.3519349098205566,2.375054359436035,0.0,0.0,0.0,0.0,0.0,0.0,0.0,,,,,,,,,,,,,,,,,0.0005
24,7720,train,0.06265221536159515,0.13610966503620148,0.13970863819122314,0.0,0.007130193058401346,0.007130193058401346,0.0,3.4153475761413574,9.999999747378752e-05,0.029999999329447746,0.029999999329447746,0.029999999329447746,0.0010000000474974513,0.0010000000474974513,0.07831630855798721,0.03409847617149353,0.0,0.0,0.0,0.0,-1.7011173963546753,-1.7011173963546753,1.0,-1.7011173963546753,0.0,-4.414233207702637,2.327573537826538,1.0,0.07831630855798721,1.0,0.0,0.0,0.07831630855798721,0.0,0.0,0.03409847617149353,0.0,0.3340984582901001,0.08920568972826004,0.07837645709514618,0.6418790817260742,0.6013414859771729,0.0,0.0,0.0,0.0,0.0,0.0,0.0,0.0,1.0,0.0,0.10522747784852982,0.2800765931606293,0.36178573966026306,0.025390423834323883,0.0,0.13970863819122314,0.13610966503620148,0.13610966503620148,0.20165742933750153,0.14653226733207703,2.4872276460641274e-10,0.0,0.0,4.150660514831543,4.150660514831543,2.2745983600616455,2.2745983600616455,0.8723747730255127,0.0,0.0,0.0,0.0,0.3340984880924225,0.12166479974985123,0.0029779872857034206,0.8409005999565125,0.6013414859771729,0.07432598620653152,2.269322633743286,2.2804908752441406,2.2745983600616455,2.247650146484375,2.327573537826538,0.1501190960407257,0.05744490399956703,1.0,2.433807611465454,2.359863758087158,2.332181930541992,0.0,0.0,0.0,0.0,0.0,0.0,0.0,,,,,,,,,,,,,,,,,0.0005
24,7740,train,0.05931353196501732,0.1350403130054474,0.13894422352313995,0.0,0.006270437501370907,0.006270437501370907,0.0,3.433584213256836,9.999999747378752e-05,0.029999999329447746,0.029999999329447746,0.029999999329447746,0.0010000000474974513,0.0010000000474974513,0.0897698774933815,0.02141067385673523,0.0,0.0,0.0,0.0,-1.7359713315963745,-1.7359713315963745,1.0,-1.7359713315963745,0.0,-4.480899333953857,2.336019992828369,1.0,0.0897698774933815,1.0,0.0,0.0,0.0897698774933815,0.0,0.0,0.02141067385673523,0.0,0.3214106857776642,0.07159436494112015,0.09983544796705246,0.5293969511985779,0.6014659404754639,0.0,0.0,0.0,0.0,0.0,0.0,0.0,0.0,1.0,0.0,0.1156800165772438,0.2766698896884918,0.3609687387943268,0.0250602588057518,0.0,0.13894422352313995,0.1350403130054474,0.1350403130054474,0.17889955639839172,0.10060835629701614,-1.3183691638385397e-10,0.0,0.0,4.035242557525635,4.035242557525635,2.3127875328063965,2.3127875328063965,0.7641314268112183,0.0,0.0,0.0,0.0,0.3214106857776642,0.10525277256965637,0.0160469152033329,0.7929328680038452,0.6014659404754639,0.042984072118997574,2.2992799282073975,2.3180184364318848,2.3127875328063965,2.28224515914917,2.336019992828369,0.14346036314964294,0.05853358656167984,1.0,2.2947187423706055,2.2790627479553223,2.2534279823303223,0.0,0.0,0.0,0.0,0.0,0.0,0.0,,,,,,,,,,,,,,,,,0.0005
24,7760,train,0.043974097818136215,0.12221772968769073,0.12510910630226135,0.0,0.005884566809982061,0.005884566809982061,0.0,3.4405102729797363,9.999999747378752e-05,0.029999999329447746,0.029999999329447746,0.029999999329447746,0.0010000000474974513,0.0010000000474974513,0.08468987047672272,0.006400495767593384,0.0,0.0,0.0,0.0,-1.731285572052002,-1.731285572052002,1.0,-1.731285572052002,0.0,-4.441588401794434,2.431729793548584,1.0,0.08468987047672272,1.0,0.0,0.0,0.08468987047672272,0.0,0.0,0.006400495767593384,0.0,0.30640050768852234,0.07804926484823227,0.1025112196803093,0.5500934720039368,0.5862628221511841,0.0,0.0,0.0,0.0,0.0,0.0,0.0,0.0,1.0,0.0,0.1350044459104538,0.2908479571342468,0.3748045861721039,0.025073792785406113,0.0,0.12510910630226135,0.12221772968769073,0.12221772968769073,0.17203764617443085,0.08135917037725449,-6.201317237497506e-10,0.0,0.0,4.038679599761963,4.038679599761963,2.4207584857940674,2.4207584857940674,0.7296597957611084,0.0,0.0,0.0,0.0,0.30640050768852234,0.11066809296607971,0.024600457400083542,0.7614615559577942,0.5862628221511841,0.03990502655506134,2.381196975708008,2.4306938648223877,2.4207584857940674,2.3772544860839844,2.431729793548584,0.15173977613449097,0.06299266964197159,1.0,2.2484331130981445,2.3045663833618164,2.2740139961242676,0.0,0.0,0.0,0.0,0.0,0.0,0.0,,,,,,,,,,,,,,,,,0.0005
24,7780,train,0.04174713417887688,0.11880704015493393,0.12155073136091232,0.0,0.007037539500743151,0.007037539500743151,0.0,3.386124849319458,9.999999747378752e-05,0.029999999329447746,0.029999999329447746,0.029999999329447746,0.0010000000474974513,0.0010000000474974513,0.0849471464753151,0.00026360154151916504,0.0,0.0,0.0,0.0,-1.700083613395691,-1.700083613395691,1.0,-1.700083613395691,0.0,-4.391456127166748,2.429520606994629,1.0,0.0849471464753151,1.0,0.0,0.0,0.0849471464753151,0.0,0.0,0.00026360154151916504,0.0,0.30026358366012573,0.09389027208089828,0.06564629822969437,0.5495533347129822,0.5732241272926331,0.0,0.0,0.0,0.0,0.0,0.0,0.0,0.0,1.0,0.0,0.12437008321285248,0.30457741022109985,0.37013906240463257,0.026480654254555702,0.0,0.12155073136091232,0.11880704015493393,0.11880704015493393,0.17488150298595428,0.06856030225753784,1.9309873144912615e-10,0.0,0.0,4.00573205947876,4.00573205947876,2.3676466941833496,2.3676466941833496,0.7386534214019775,0.0,0.0,0.0,0.0,0.3002636134624481,0.12102049589157104,0.007094040513038635,0.7739853262901306,0.5732241272926331,0.04528186470270157,2.3763482570648193,2.3729522228240967,2.3676466941833496,2.405693531036377,2.429520606994629,0.1565721482038498,0.06504295766353607,1.0,2.394613742828369,2.4005231857299805,2.3452422618865967,0.0,0.0,0.0,0.0,0.0,0.0,0.0,,,,,,,,,,,,,,,,,0.0005
24,7800,train,0.04062344878911972,0.11759483814239502,0.11980622261762619,0.0,0.006273339502513409,0.006273339502513409,0.0,3.3822333812713623,9.999999747378752e-05,0.029999999329447746,0.029999999329447746,0.029999999329447746,0.0010000000474974513,0.0010000000474974513,0.07743313908576965,0.0011800527572631836,0.0,0.0,0.0,0.0,-1.6922945976257324,-1.6922945976257324,1.0,-1.6922945976257324,0.0,-4.385287761688232,2.4238474369049072,1.0,0.07743313908576965,1.0,0.0,0.0,0.07743313908576965,0.0,0.0,0.0011800527572631836,0.0,0.29881995916366577,0.06597413867712021,0.11829499900341034,0.5422722697257996,0.581447958946228,0.0,0.0,0.0,0.0,0.0,0.0,0.0,0.0,1.0,0.0,0.12176351994276047,0.29006078839302063,0.3802643418312073,0.02677764557301998,0.0,0.11980622261762619,0.11759483814239502,0.11759483814239502,0.1675165891647339,0.07845725864171982,5.077950213094873e-11,0.0,0.0,3.9966909885406494,3.9966909885406494,2.398362159729004,2.398362159729004,0.703851044178009,0.0,0.0,0.0,0.0,0.29881995916366577,0.10668669641017914,0.009272200055420399,0.7617135643959045,0.581447958946228,0.0313112773001194,2.351605176925659,2.420954465866089,2.398362159729004,2.344214916229248,2.4238474369049072,0.15661518275737762,0.06389394402503967,1.0,2.5126566886901855,2.352098226547241,2.3815343379974365,0.0,0.0,0.0,0.0,0.0,0.0,0.0,,,,,,,,,,,,,,,,,0.0005
24,7820,train,0.03609708324074745,0.11515329033136368,0.11791650950908661,0.0,0.0057206060737371445,0.0057206060737371445,0.0,3.3692731857299805,9.999999747378752e-05,0.029999999329447746,0.029999999329447746,0.029999999329447746,0.0010000000474974513,0.0010000000474974513,0.08158793300390244,0.01210591197013855,0.0,0.0,0.0,0.0,-1.7206958532333374,-1.7206958532333374,1.0,-1.7206958532333374,0.0,-4.423142910003662,2.4461517333984375,1.0,0.08158793300390244,1.0,0.0,0.0,0.08158793300390244,0.0,0.0,0.01210591197013855,0.0,0.3121059238910675,0.09992419928312302,0.06512990593910217,0.6679677963256836,0.581367552280426,0.0,0.0,0.0,0.0,0.0,0.0,0.0,0.0,1.0,0.0,0.12819981575012207,0.29585814476013184,0.3743818402290344,0.02684151753783226,0.0,0.11791650950908661,0.11515329033136368,0.11515329033136368,0.1686335653066635,0.07460667937994003,6.049619138970286e-11,0.0,0.0,4.0107622146606445,4.0107622146606445,2.405860424041748,2.405860424041748,0.7151912450790405,0.0,0.0,0.0,0.0,0.3121059238910675,0.1260303407907486,0.005645735189318657,0.8239644169807434,0.581367552280426,0.06481311470270157,2.3835880756378174,2.41524076461792,2.405860424041748,2.420895576477051,2.4461517333984375,0.15174178779125214,0.06297608464956284,1.0,2.356031894683838,2.33215069770813,2.2988452911376953,0.0,0.0,0.0,0.0,0.0,0.0,0.0,,,,,,,,,,,,,,,,,0.0005
24,7840,train,0.04704497382044792,0.12642902135849,0.12965241074562073,0.0,0.006455900613218546,0.006455900613218546,0.0,3.3906891345977783,9.999999747378752e-05,0.029999999329447746,0.029999999329447746,0.029999999329447746,0.0010000000474974513,0.0010000000474974513,0.07793749868869781,0.019945353269577026,0.0,0.0,0.0,0.0,-1.7657526731491089,-1.7657526731491089,1.0,-1.7657526731491089,0.0,-4.507151126861572,2.247842311859131,1.0,0.07793749868869781,1.0,0.0,0.0,0.07793749868869781,0.0,0.0,0.019945353269577026,0.0,0.319945365190506,0.08955509960651398,0.07209335267543793,0.6202504634857178,0.5952925086021423,0.0,0.0,0.0,0.0,0.0,0.0,0.0,0.0,1.0,0.0,0.10197910666465759,0.275402694940567,0.3450169265270233,0.025460252538323402,0.0,0.12965241074562073,0.12642902135849,0.12642902135849,0.18534187972545624,0.12729670107364655,-4.3251477399586236e-10,0.0,0.0,4.056490421295166,4.056490421295166,2.2099273204803467,2.2099273204803467,0.7899373173713684,0.0,0.0,0.0,0.0,0.319945365190506,0.1133582592010498,0.011599198915064335,0.7481957674026489,0.5952925086021423,0.04787071421742439,2.2172231674194336,2.2081778049468994,2.2099273204803467,2.2166614532470703,2.247842311859131,0.14712221920490265,0.055272310972213745,1.0,2.30883526802063,2.3250718116760254,2.3101253509521484,0.0,0.0,0.0,0.0,0.0,0.0,0.0,,,,,,,,,,,,,,,,,0.0005
24,7860,train,0.03908318653702736,0.11702410876750946,0.12056179344654083,0.0,0.0064543308690190315,0.0064543308690190315,0.0,3.353342294692993,9.999999747378752e-05,0.029999999329447746,0.029999999329447746,0.029999999329447746,0.0010000000474974513,0.0010000000474974513,0.07903552055358887,0.00482669472694397,0.0,0.0,0.0,0.0,-1.7111018896102905,-1.7111018896102905,1.0,-1.7111018896102905,0.0,-4.410895824432373,2.394991397857666,1.0,0.07903552055358887,1.0,0.0,0.0,0.07903552055358887,0.0,0.0,0.00482669472694397,0.0,0.295173317193985,0.08769739419221878,0.06986136734485626,0.6466460227966309,0.5687300562858582,0.0,0.0,0.0,0.0,0.0,0.0,0.0,0.0,1.0,0.0,0.11402584612369537,0.2932094633579254,0.36778074502944946,0.02715732343494892,0.0,0.12056179344654083,0.11702410876750946,0.11702410876750946,0.18558669090270996,0.09356255829334259,5.375107026139858e-10,0.0,0.0,4.024635314941406,4.024635314941406,2.340219259262085,2.340219259262085,0.7776169776916504,0.0,0.0,0.0,0.0,0.295173317193985,0.12158181518316269,0.004015513230115175,0.7923233509063721,0.5687300562858582,0.05176164582371712,2.3148722648620605,2.3572540283203125,2.340219259262085,2.3422093391418457,2.394991397857666,0.1566588431596756,0.061968669295310974,1.0,2.4820070266723633,2.452038526535034,2.425788402557373,0.0,0.0,0.0,0.0,0.0,0.0,0.0,,,,,,,,,,,,,,,,,0.0005
24,7880,train,0.02894820272922516,0.10986875742673874,0.11256023496389389,0.0,0.005472158547490835,0.005472158547490835,0.0,3.368863105773926,9.999999747378752e-05,0.029999999329447746,0.029999999329447746,0.029999999329447746,0.0010000000474974513,0.0010000000474974513,0.07628397643566132,0.023894846439361572,0.0,0.0,0.0,0.0,-1.733897089958191,-1.733897089958191,1.0,-1.733897089958191,0.0,-4.448116302490234,2.425382137298584,1.0,0.07628397643566132,1.0,0.0,0.0,0.07628397643566132,0.0,0.0,0.023894846439361572,0.0,0.3238948881626129,0.08118946850299835,0.08532323688268661,0.5931273698806763,0.5991081595420837,0.0,0.0,0.0,0.0,0.0,0.0,0.0,0.0,1.0,0.0,0.12335169315338135,0.28786608576774597,0.36320459842681885,0.02672208473086357,0.0,0.11256023496389389,0.10986875742673874,0.10986875742673874,0.16963154077529907,0.06841079890727997,-4.5575099250072526e-10,0.0,0.0,3.924758195877075,3.924758195877075,2.343996524810791,2.343996524810791,0.6951389908790588,0.0,0.0,0.0,0.0,0.3238948583602905,0.11334992200136185,0.015014676377177238,0.8852354288101196,0.5991081595420837,0.05712316557765007,2.3075196743011475,2.357574701309204,2.343996524810791,2.398400068283081,2.425382137298584,0.1478024572134018,0.0626622661948204,1.0,2.3302464485168457,2.3515913486480713,2.3488729000091553,0.0,0.0,0.0,0.0,0.0,0.0,0.0,,,,,,,,,,,,,,,,,0.0005
24,7900,train,0.038062334060668945,0.1180025115609169,0.12062615156173706,0.0,0.0060397046618163586,0.0060397046618163586,0.0,3.427293539047241,9.999999747378752e-05,0.029999999329447746,0.029999999329447746,0.029999999329447746,0.0010000000474974513,0.0010000000474974513,0.0778254047036171,0.00982666015625,0.0,0.0,0.0,0.0,-1.7446162700653076,-1.7446162700653076,1.0,-1.7446162700653076,0.0,-4.468017101287842,2.3423638343811035,1.0,0.0778254047036171,1.0,0.0,0.0,0.0778254047036171,0.0,0.0,0.00982666015625,0.0,0.30982667207717896,0.08958283811807632,0.06604046374559402,0.5978626012802124,0.5864244699478149,0.0,0.0,0.0,0.0,0.0,0.0,0.0,0.0,1.0,0.0,0.12033533304929733,0.28320473432540894,0.3581518530845642,0.02513410523533821,0.0,0.12062615156173706,0.1180025115609169,0.1180025115609169,0.1570320427417755,0.0744113177061081,2.790313986811288e-11,0.0,0.0,4.050395488739014,4.050395488739014,2.298900604248047,2.298900604248047,0.6707745790481567,0.0,0.0,0.0,0.0,0.30982667207717896,0.11445489525794983,0.004837166517972946,0.7826368808746338,0.5864244699478149,0.04111519828438759,2.3088016510009766,2.299917459487915,2.298900604248047,2.3028817176818848,2.3423638343811035,0.14619113504886627,0.061516594141721725,1.0,2.291131019592285,2.22025203704834,2.277527332305908,0.0,0.0,0.0,0.0,0.0,0.0,0.0,,,,,,,,,,,,,,,,,0.0005
24,7920,train,0.031292904168367386,0.1110030934214592,0.11444137990474701,0.0,0.006046893075108528,0.006046893075108528,0.0,3.420299768447876,9.999999747378752e-05,0.029999999329447746,0.029999999329447746,0.029999999329447746,0.0010000000474974513,0.0010000000474974513,0.07552528381347656,0.0017582178115844727,0.0,0.0,0.0,0.0,-1.7199865579605103,-1.7199865579605103,1.0,-1.7199865579605103,0.0,-4.404695510864258,2.331242084503174,1.0,0.07552528381347656,1.0,0.0,0.0,0.07552528381347656,0.0,0.0,0.0017582178115844727,0.0,0.29824182391166687,0.07681403309106827,0.09286676347255707,0.5073378086090088,0.5776247978210449,0.0,0.0,0.0,0.0,0.0,0.0,0.0,0.0,1.0,0.0,0.12368758022785187,0.2965008020401001,0.3701057732105255,0.0254156943410635,0.0,0.11444137990474701,0.1110030934214592,0.1110030934214592,0.18046703934669495,0.11334073543548584,-7.415056763049321e-11,0.0,0.0,4.110724925994873,4.110725402832031,2.326549530029297,2.326549530029297,0.778378427028656,0.0,0.0,0.0,0.0,0.2982417941093445,0.11112437397241592,0.003000817261636257,0.6762920022010803,0.5776247978210449,0.02838541753590107,2.3008980751037598,2.340592622756958,2.326549530029297,2.245640993118286,2.331242084503174,0.1568688005208969,0.06462960690259933,1.0,2.421349048614502,2.3297500610351562,2.3151135444641113,0.0,0.0,0.0,0.0,0.0,0.0,0.0,,,,,,,,,,,,,,,,,0.0005
24,7940,train,0.033409591764211655,0.1111970916390419,0.11499924212694168,0.0,0.006422468461096287,0.006422468461096287,0.0,3.3863816261291504,9.999999747378752e-05,0.029999999329447746,0.029999999329447746,0.029999999329447746,0.0010000000474974513,0.0010000000474974513,0.0731169581413269,0.0034743845462799072,0.0,0.0,0.0,0.0,-1.6899209022521973,-1.6899209022521973,1.0,-1.6899209022521973,0.0,-4.360445022583008,2.4690277576446533,1.0,0.0731169581413269,1.0,0.0,0.0,0.0731169581413269,0.0,0.0,0.0034743845462799072,0.0,0.29652562737464905,0.08275772631168365,0.08588612079620361,0.5963038206100464,0.5722501277923584,0.0,0.0,0.0,0.0,0.0,0.0,0.0,0.0,1.0,0.0,0.13026556372642517,0.30299633741378784,0.380893737077713,0.026588093489408493,0.0,0.11499924212694168,0.1111970916390419,0.1111970916390419,0.18398545682430267,0.09051826596260071,-3.1061989091973885e-10,0.0,0.0,3.966200351715088,3.966200351715088,2.4188172817230225,2.4188172817230225,0.7726883888244629,0.0,0.0,0.0,0.0,0.29652562737464905,0.11782412976026535,0.001390195800922811,0.7673162221908569,0.5722501277923584,0.03356311470270157,2.3995227813720703,2.427809953689575,2.4188172817230225,2.405712127685547,2.4690277576446533,0.16258269548416138,0.06745792180299759,1.0,2.2440571784973145,2.3157918453216553,2.3770692348480225,0.0,0.0,0.0,0.0,0.0,0.0,0.0,,,,,,,,,,,,,,,,,0.0005
24,7960,train,0.0396939180791378,0.11808367073535919,0.12120608240365982,0.0,0.006846547592431307,0.006846547592431307,0.0,3.402587652206421,9.999999747378752e-05,0.029999999329447746,0.029999999329447746,0.029999999329447746,0.0010000000474974513,0.0010000000474974513,0.0796557366847992,0.007680743932723999,0.0,0.0,0.0,0.0,-1.7210661172866821,-1.7210661172866821,1.0,-1.7210661172866821,0.0,-4.425532817840576,2.3673834800720215,1.0,0.0796557366847992,1.0,0.0,0.0,0.0796557366847992,0.0,0.0,0.007680743932723999,0.0,0.30768075585365295,0.09054616093635559,0.07954549789428711,0.6563554406166077,0.5812154412269592,0.0,0.0,0.0,0.0,0.0,0.0,0.0,0.0,1.0,0.0,0.11368352919816971,0.2941093444824219,0.3649279773235321,0.025885317474603653,0.0,0.12120608240365982,0.11808367073535919,0.11808367073535919,0.17546862363815308,0.0858539417386055,-3.862207775817694e-10,0.0,0.0,3.972308874130249,3.972308874130249,2.316361427307129,2.316361427307129,0.7371638417243958,0.0,0.0,0.0,0.0,0.30768075585365295,0.12023552507162094,0.004173241555690765,0.7975450754165649,0.5812154412269592,0.05431985482573509,2.3089144229888916,2.3218319416046143,2.316361427307129,2.3141896724700928,2.3673834800720215,0.1514214128255844,0.06195242330431938,1.0,2.3400092124938965,2.3218324184417725,2.3558566570281982,0.0,0.0,0.0,0.0,0.0,0.0,0.0,,,,,,,,,,,,,,,,,0.0005
24,7980,train,0.03896673396229744,0.11920446157455444,0.12195655703544617,0.0,0.0061890440993011,0.0061890440993011,0.0,3.3989617824554443,9.999999747378752e-05,0.029999999329447746,0.029999999329447746,0.029999999329447746,0.0010000000474974513,0.0010000000474974513,0.07566706836223602,0.001727372407913208,0.0,0.0,0.0,0.0,-1.7538666725158691,-1.7538666725158691,1.0,-1.7538666725158691,0.0,-4.478394508361816,2.3179142475128174,1.0,0.07566706836223602,1.0,0.0,0.0,0.07566706836223602,0.0,0.0,0.001727372407913208,0.0,0.30172738432884216,0.09626790136098862,0.03050287626683712,0.6137596368789673,0.5742631554603577,0.0,0.0,0.0,0.0,0.0,0.0,0.0,0.0,1.0,0.0,0.11675117909908295,0.2832885682582855,0.3590451180934906,0.02601923979818821,0.0,0.12195655703544617,0.11920446157455444,0.11920446157455444,0.16666166484355927,0.08466123044490814,2.4523788555441683e-10,0.0,0.0,4.054107189178467,4.054107189178467,2.3027162551879883,2.3027162551879883,0.7113685607910156,0.0,0.0,0.0,0.0,0.30172738432884216,0.1233464702963829,0.0022149644792079926,0.833962082862854,0.5742631554603577,0.06259191781282425,2.287389039993286,2.309035301208496,2.3027162551879883,2.276606321334839,2.3179142475128174,0.1426362246274948,0.059674978256225586,1.0,2.4229812622070312,2.3574464321136475,2.3267931938171387,0.0,0.0,0.0,0.0,0.0,0.0,0.0,,,,,,,,,,,,,,,,,0.0005
24,8000,train,0.038317661732435226,0.11547624319791794,0.11878342181444168,0.0,0.006009052507579327,0.006009052507579327,0.0,3.412599563598633,9.999999747378752e-05,0.029999999329447746,0.029999999329447746,0.029999999329447746,0.0010000000474974513,0.0010000000474974513,0.07954369485378265,0.0011238157749176025,0.0,0.0,0.0,0.0,-1.6919578313827515,-1.6919578313827515,1.0,-1.6919578313827515,0.0,-4.373560428619385,2.484853982925415,1.0,0.07954369485378265,1.0,0.0,0.0,0.07954369485378265,0.0,0.0,0.0011238157749176025,0.0,0.30112388730049133,0.08414087444543839,0.05904166027903557,0.52936851978302,0.5768072605133057,0.0,0.0,0.0,0.0,0.0,0.0,0.0,0.0,1.0,0.0,0.1368863880634308,0.3017025887966156,0.38179582357406616,0.026174793019890785,0.0,0.11878342181444168,0.11547624319791794,0.11547624319791794,0.18723252415657043,0.08068100363016129,1.95773341982175e-10,0.0,0.0,3.933474540710449,3.933474540710449,2.4443953037261963,2.4443953037261963,0.7687373757362366,0.0,0.0,0.0,0.0,0.30112382769584656,0.11728951334953308,0.002116313436999917,0.7710424065589905,0.5768072605133057,0.0469362773001194,2.430323362350464,2.4527194499969482,2.4443953037261963,2.4382693767547607,2.484853982925415,0.16022896766662598,0.06621499359607697,1.0,2.306077480316162,2.351555109024048,2.3668413162231445,0.0,0.0,0.0,0.0,0.0,0.0,0.0,,,,,,,,,,,,,,,,,0.0005
24,8016,train_epoch,0.037293187063745036,0.11549515868286173,0.11854688149547862,0.0,0.006284585501440985,0.006284585501440985,0.0,3.3996551193876896,9.999999747378752e-05,0.029999999329447746,0.029999999329447746,0.029999999329447746,0.0010000000474974513,0.0010000000474974513,0.07899862469848759,0.011200035135903045,0.0,0.0,0.0,0.0,-1.7088342048450857,-1.7088342048450857,1.0,-1.7088342048450857,0.0,-4.404355782948568,2.4324257537990275,1.0,0.07899862469848759,1.0,0.0,0.0,0.07899862469848759,0.0,0.0,0.011200035135903045,0.0,0.29994717284947814,0.08917384030308552,0.07342612975371812,0.600580905904313,0.5752342586031931,0.0,0.0,0.0,0.0,0.0,0.0,0.0,0.0,1.0,0.0,0.12243360814130949,0.29325096005808093,0.3735914161640727,0.026122667241150033,0.0,0.11854688149547862,0.11549515868286173,0.11549515868286173,0.17481900747129303,0.07812411367090162,-6.857693456052893e-12,0.0,0.0,3.9996743666197725,3.9996743751857093,2.3861174654817865,2.3861174654817865,0.7345557257443845,0.0,0.0,0.0,0.0,0.29994716874496663,0.11763608228125258,0.0078335439679659,0.7921364810652362,0.5752342586031931,0.04536194423726665,2.363737697372893,2.3954334466043345,2.3861174654817865,2.380059496371332,2.4324257537990275,0.15626676639396989,0.0645930945962489,1.0,2.354435809358151,2.3547999609016372,2.35617897039402,0.0,0.0,0.0,0.0,0.0,0.0,0.0,,,,,,,,,,,,,,,,,0.0005
24,8016,val,,,,,,,,,,,,,,,,,,,,,,,,,,,,,,,,,,,,,,,,,,,,,,,,,,,,,,,,,,,,,,,,,,,,,,,,,,,,,,,,,,,,,,,,,,,,,,,,,,,16.714275592082256,715.7039137831679,26.752643117702743,11.775141170432976,15.85801311011787,24.898004065647722,11.472607264647612,16.678538073290575,26.76683602273447,11.339382833188719,18.53021494547526,29.832290150426555,13.074562167262172,16.714275592082256,26.752643117702743,11.775141170432976,0.0005
25,8020,train,0.02909340150654316,0.108115054666996,0.11073823273181915,0.0,0.006485706195235252,0.006485706195235252,0.0,3.4067575931549072,9.999999747378752e-05,0.029999999329447746,0.029999999329447746,0.029999999329447746,0.0010000000474974513,0.0010000000474974513,0.0722959116101265,0.025536447763442993,0.0,0.0,0.0,0.0,-1.6967065334320068,-1.6967065334320068,1.0,-1.6967065334320068,0.0,-4.376865386962891,2.4801290035247803,1.0,0.0722959116101265,1.0,0.0,0.0,0.0722959116101265,0.0,0.0,0.025536447763442993,0.0,0.27446356415748596,0.07305023819208145,0.06920357048511505,0.5320765972137451,0.5598229765892029,0.0,0.0,0.0,0.0,0.0,0.0,0.0,0.0,1.0,0.0,0.11070519685745239,0.2963925898075104,0.3791118860244751,0.026223190128803253,0.0,0.11073823273181915,0.108115054666996,0.108115054666996,0.17109225690364838,0.05263525992631912,3.1575919656745555e-10,0.0,0.0,3.9112730026245117,3.9112725257873535,2.42189359664917,2.42189359664917,0.6955381035804749,0.0,0.0,0.0,0.0,0.27446356415748596,0.10290290415287018,0.016327057033777237,0.7444788813591003,0.5598229765892029,0.011933211237192154,2.3804931640625,2.4387238025665283,2.42189359664917,2.420606851577759,2.4801290035247803,0.16450317203998566,0.06881129741668701,1.0,2.380988836288452,2.343986988067627,2.317369222640991,0.0,0.0,0.0,0.0,0.0,0.0,0.0,,,,,,,,,,,,,,,,,0.0005
25,8040,train,0.03932748734951019,0.11720983684062958,0.12091782689094543,0.0,0.006525603588670492,0.006525603588670492,0.0,3.4710283279418945,9.999999747378752e-05,0.029999999329447746,0.029999999329447746,0.029999999329447746,0.0010000000474974513,0.0010000000474974513,0.07165750116109848,0.007760137319564819,0.0,0.0,0.0,0.0,-1.711470127105713,-1.711470127105713,1.0,-1.711470127105713,0.0,-4.402419567108154,2.4025485515594482,1.0,0.07165750116109848,1.0,0.0,0.0,0.07165750116109848,0.0,0.0,0.007760137319564819,0.0,0.3077601194381714,0.08787205815315247,0.08384104818105698,0.5756698846817017,0.5831337571144104,0.0,0.0,0.0,0.0,0.0,0.0,0.0,0.0,1.0,0.0,0.12310091406106949,0.3005307912826538,0.3717755973339081,0.024201607331633568,0.0,0.12091782689094543,0.11720983684062958,0.11720983684062958,0.2023654282093048,0.11585898697376251,-1.43591027956802e-10,0.0,0.0,4.045310974121094,4.045310974121094,2.360017776489258,2.360017776489258,0.8555482625961304,0.0,0.0,0.0,0.0,0.3077601492404938,0.11774984002113342,0.006829583551734686,0.7669264674186707,0.5831337571144104,0.055775124579668045,2.3393471240997314,2.3674378395080566,2.360017776489258,2.3623785972595215,2.4025485515594482,0.159626767039299,0.06270036101341248,1.0,2.400961399078369,2.3923683166503906,2.3552660942077637,0.0,0.0,0.0,0.0,0.0,0.0,0.0,,,,,,,,,,,,,,,,,0.0005
25,8060,train,0.02851243130862713,0.10828506201505661,0.11127914488315582,0.0,0.005882704630494118,0.005882704630494118,0.0,3.448409080505371,9.999999747378752e-05,0.029999999329447746,0.029999999329447746,0.029999999329447746,0.0010000000474974513,0.0010000000474974513,0.07834136486053467,0.0017160773277282715,0.0,0.0,0.0,0.0,-1.7104973793029785,-1.7104973793029785,1.0,-1.7104973793029785,0.0,-4.404383659362793,2.4819705486297607,1.0,0.07834136486053467,1.0,0.0,0.0,0.07834136486053467,0.0,0.0,0.0017160773277282715,0.0,0.3017161190509796,0.09035772830247879,0.07908955216407776,0.5803033709526062,0.5786369442939758,0.0,0.0,0.0,0.0,0.0,0.0,0.0,0.0,1.0,0.0,0.1352616846561432,0.30331483483314514,0.38262346386909485,0.024999313056468964,0.0,0.11127914488315582,0.10828506201505661,0.10828506201505661,0.18574395775794983,0.07476545125246048,-1.1499300817119362e-10,0.0,0.0,4.017904281616211,4.017904281616211,2.464404821395874,2.464404821395874,0.7767158150672913,0.0,0.0,0.0,0.0,0.3017160892486572,0.11640475690364838,0.009340006858110428,0.8263115286827087,0.5786369442939758,0.046982232481241226,2.439063549041748,2.469796895980835,2.464404821395874,2.421095848083496,2.4819705486297607,0.1631455421447754,0.06734519451856613,1.0,2.358106851577759,2.4079036712646484,2.330045223236084,0.0,0.0,0.0,0.0,0.0,0.0,0.0,,,,,,,,,,,,,,,,,0.0005
25,8080,train,0.03811566159129143,0.11819517612457275,0.12098398804664612,0.0,0.0058801546692848206,0.0058801546692848206,0.0,3.4189040660858154,9.999999747378752e-05,0.029999999329447746,0.029999999329447746,0.029999999329447746,0.0010000000474974513,0.0010000000474974513,0.07864318788051605,0.015001356601715088,0.0,0.0,0.0,0.0,-1.7481377124786377,-1.7481377124786377,1.0,-1.7481377124786377,0.0,-4.475428104400635,2.3618898391723633,1.0,0.07864318788051605,1.0,0.0,0.0,0.07864318788051605,0.0,0.0,0.015001356601715088,0.0,0.31500136852264404,0.09112868458032608,0.05754172056913376,0.6062371134757996,0.5899642109870911,0.0,0.0,0.0,0.0,0.0,0.0,0.0,0.0,1.0,0.0,0.11295697838068008,0.2810676097869873,0.356615275144577,0.025162462145090103,0.0,0.12098398804664612,0.11819517612457275,0.11819517612457275,0.18172694742679596,0.1018158420920372,-1.37401229283185e-10,0.0,0.0,4.060683250427246,4.060682773590088,2.2952775955200195,2.2952775955200195,0.7775822281837463,0.0,0.0,0.0,0.0,0.31500136852264404,0.11636799573898315,0.012174533680081367,0.7842394113540649,0.5899642109870911,0.049954045563936234,2.2729811668395996,2.3021695613861084,2.2952775955200195,2.3196146488189697,2.3618898391723633,0.14676852524280548,0.057966411113739014,1.0,2.4131240844726562,2.3672995567321777,2.328324317932129,0.0,0.0,0.0,0.0,0.0,0.0,0.0,,,,,,,,,,,,,,,,,0.0005
25,8100,train,0.03991816192865372,0.117342509329319,0.12061479687690735,0.0,0.006625680718570948,0.006625680718570948,0.0,3.411895513534546,9.999999747378752e-05,0.029999999329447746,0.029999999329447746,0.029999999329447746,0.0010000000474974513,0.0010000000474974513,0.07323883473873138,0.012525796890258789,0.0,0.0,0.0,0.0,-1.7028838396072388,-1.7028838396072388,1.0,-1.7028838396072388,0.0,-4.414361476898193,2.422257661819458,1.0,0.07323883473873138,1.0,0.0,0.0,0.07323883473873138,0.0,0.0,0.012525796890258789,0.0,0.31252580881118774,0.09161688387393951,0.08150731772184372,0.6571561098098755,0.5871138572692871,0.0,0.0,0.0,0.0,0.0,0.0,0.0,0.0,1.0,0.0,0.11418086290359497,0.29552900791168213,0.3713599741458893,0.02557435631752014,0.0,0.12061479687690735,0.117342509329319,0.117342509329319,0.18008999526500702,0.09356352686882019,-5.749556386547283e-11,0.0,0.0,4.116250991821289,4.116250991821289,2.3690226078033447,2.3690226078033447,0.7785516977310181,0.0,0.0,0.0,0.0,0.31252580881118774,0.11771038174629211,0.011766592040657997,0.8657055497169495,0.5871138572692871,0.053492650389671326,2.346163034439087,2.377598285675049,2.3690226078033447,2.3921680450439453,2.422257661819458,0.15515320003032684,0.06059377267956734,1.0,2.404531478881836,2.3732993602752686,2.376694679260254,0.0,0.0,0.0,0.0,0.0,0.0,0.0,,,,,,,,,,,,,,,,,0.0005
25,8120,train,0.033678214997053146,0.11500860750675201,0.11795616894960403,0.0,0.006491130217909813,0.006491130217909813,0.0,3.4180891513824463,9.999999747378752e-05,0.029999999329447746,0.029999999329447746,0.029999999329447746,0.0010000000474974513,0.0010000000474974513,0.08189189434051514,0.012847751379013062,0.0,0.0,0.0,0.0,-1.759215235710144,-1.759215235710144,1.0,-1.759215235710144,0.0,-4.492463111877441,2.377629280090332,1.0,0.08189189434051514,1.0,0.0,0.0,0.08189189434051514,0.0,0.0,0.012847751379013062,0.0,0.312847763299942,0.09137436747550964,0.0847151130437851,0.6936292052268982,0.588637113571167,0.0,0.0,0.0,0.0,0.0,0.0,0.0,0.0,1.0,0.0,0.10668777674436569,0.28178268671035767,0.35376474261283875,0.025159332901239395,0.0,0.11795616894960403,0.11500860750675201,0.11500860750675201,0.16640375554561615,0.07317104190587997,-2.240057306313048e-10,0.0,0.0,4.050944805145264,4.050944805145264,2.2818121910095215,2.2818121910095215,0.7086209654808044,0.0,0.0,0.0,0.0,0.312847763299942,0.11527423560619354,0.010701307095587254,0.8373770713806152,0.588637113571167,0.05176164582371712,2.2812092304229736,2.2877414226531982,2.2818121910095215,2.3482086658477783,2.377629280090332,0.14056307077407837,0.05804015323519707,1.0,2.3579471111297607,2.336876392364502,2.343182325363159,0.0,0.0,0.0,0.0,0.0,0.0,0.0,,,,,,,,,,,,,,,,,0.0005
25,8140,train,0.030976202338933945,0.11240717023611069,0.1156061515212059,0.0,0.005257848650217056,0.005257848650217056,0.0,3.4732964038848877,9.999999747378752e-05,0.029999999329447746,0.029999999329447746,0.029999999329447746,0.0010000000474974513,0.0010000000474974513,0.07481098175048828,0.007626920938491821,0.0,0.0,0.0,0.0,-1.7523283958435059,-1.7523283958435059,1.0,-1.7523283958435059,0.0,-4.477690696716309,2.3427441120147705,1.0,0.07481098175048828,1.0,0.0,0.0,0.07481098175048828,0.0,0.0,0.007626920938491821,0.0,0.29237309098243713,0.08728046715259552,0.07478320598602295,0.565975546836853,0.5707758069038391,0.0,0.0,0.0,0.0,0.0,0.0,0.0,0.0,1.0,0.0,0.11997099220752716,0.29401469230651855,0.35375478863716125,0.023864589631557465,0.0,0.1156061515212059,0.11240717023611069,0.11240717023611069,0.1667780578136444,0.08155795186758041,2.338009508218164e-10,0.0,0.0,4.009150505065918,4.009150505065918,2.2657175064086914,2.2657175064086914,0.6979084610939026,0.0,0.0,0.0,0.0,0.29237309098243713,0.1141694188117981,0.0065032620914280415,0.819914698600769,0.5707758069038391,0.03345588594675064,2.2752442359924316,2.267308235168457,2.2657175064086914,2.316481351852417,2.3427441120147705,0.1495288759469986,0.06063728407025337,1.0,2.3207859992980957,2.33990216255188,2.3251142501831055,0.0,0.0,0.0,0.0,0.0,0.0,0.0,,,,,,,,,,,,,,,,,0.0005
25,8160,train,0.04665088281035423,0.12103936821222305,0.12390501797199249,0.0,0.0070899473503232,0.0070899473503232,0.0,3.4264583587646484,9.999999747378752e-05,0.029999999329447746,0.029999999329447746,0.029999999329447746,0.0010000000474974513,0.0010000000474974513,0.07683803886175156,0.002368330955505371,0.0,0.0,0.0,0.0,-1.6634008884429932,-1.6634008884429932,1.0,-1.6634008884429932,0.0,-4.361989974975586,2.5092484951019287,1.0,0.07683803886175156,1.0,0.0,0.0,0.07683803886175156,0.0,0.0,0.002368330955505371,0.0,0.2976316809654236,0.10397893935441971,0.07954612374305725,0.6856717467308044,0.5687584280967712,0.0,0.0,0.0,0.0,0.0,0.0,0.0,0.0,1.0,0.0,0.11634688079357147,0.3053373396396637,0.38001471757888794,0.025652924552559853,0.0,0.12390501797199249,0.12103936821222305,0.12103936821222305,0.1729726493358612,0.05723576247692108,-7.309378102782205e-10,0.0,0.0,3.9545252323150635,3.9545252323150635,2.426959753036499,2.426959753036499,0.7213412523269653,0.0,0.0,0.0,0.0,0.2976316809654236,0.1270514577627182,0.005358894355595112,0.8406202793121338,0.5687584280967712,0.060983460396528244,2.4125466346740723,2.4338128566741943,2.426959753036499,2.453617572784424,2.5092484951019287,0.161591038107872,0.06649593263864517,1.0,2.3419995307922363,2.338697910308838,2.3983941078186035,0.0,0.0,0.0,0.0,0.0,0.0,0.0,,,,,,,,,,,,,,,,,0.0005
25,8180,train,0.03407636657357216,0.1151561290025711,0.11761362105607986,0.0,0.006261336617171764,0.006261336617171764,0.0,3.4850542545318604,9.999999747378752e-05,0.029999999329447746,0.029999999329447746,0.029999999329447746,0.0010000000474974513,0.0010000000474974513,0.07615455985069275,0.007225781679153442,0.0,0.0,0.0,0.0,-1.7537035942077637,-1.7537035942077637,1.0,-1.7537035942077637,0.0,-4.497230529785156,2.329407215118408,1.0,0.07615455985069275,1.0,0.0,0.0,0.07615455985069275,0.0,0.0,0.007225781679153442,0.0,0.2927742302417755,0.08523022383451462,0.06943768262863159,0.6317217350006104,0.573505699634552,0.0,0.0,0.0,0.0,0.0,0.0,0.0,0.0,1.0,0.0,0.11087561398744583,0.2930348515510559,0.3528112769126892,0.02358213998377323,0.0,0.11761362105607986,0.1151561290025711,0.1151561290025711,0.1772162914276123,0.10018050670623779,-4.3486178546991994e-10,0.0,0.0,3.9676215648651123,3.9676215648651123,2.2629847526550293,2.2629847526550293,0.7400375008583069,0.0,0.0,0.0,0.0,0.2927742302417755,0.11136558651924133,0.010910438373684883,0.7990100979804993,0.573505699634552,0.037117037922143936,2.2369492053985596,2.271737813949585,2.2629847526550293,2.2832605838775635,2.329407215118408,0.14484716951847076,0.0585809201002121,1.0,2.170151710510254,2.2702460289001465,2.256383180618286,0.0,0.0,0.0,0.0,0.0,0.0,0.0,,,,,,,,,,,,,,,,,0.0005
25,8200,train,0.04009466990828514,0.11689648777246475,0.12206349521875381,0.0,0.006483030039817095,0.006483030039817095,0.0,3.436558485031128,9.999999747378752e-05,0.029999999329447746,0.029999999329447746,0.029999999329447746,0.0010000000474974513,0.0010000000474974513,0.0743262991309166,0.017764925956726074,0.0,0.0,0.0,0.0,-1.6974124908447266,-1.6974124908447266,1.0,-1.6974124908447266,0.0,-4.393542289733887,2.341618061065674,1.0,0.0743262991309166,1.0,0.0,0.0,0.0743262991309166,0.0,0.0,0.017764925956726074,0.0,0.2822350859642029,0.07226215302944183,0.07141649723052979,0.5457923412322998,0.566112220287323,0.0,0.0,0.0,0.0,0.0,0.0,0.0,0.0,1.0,0.0,0.12285442650318146,0.30563846230506897,0.3721413016319275,0.025312049314379692,0.0,0.12206349521875381,0.11689648777246475,0.11689648777246475,0.19879195094108582,0.11749247461557388,-1.4410381221630075e-10,0.0,0.0,3.938176393508911,3.938176393508911,2.350105047225952,2.350105047225952,0.8239229917526245,0.0,0.0,0.0,0.0,0.2822350859642029,0.10504934936761856,0.01007011253386736,0.7527533173561096,0.566112220287323,0.018627451732754707,2.362473726272583,2.3483457565307617,2.350105047225952,2.295818328857422,2.341618061065674,0.17122191190719604,0.06601982563734055,1.0,2.3351268768310547,2.369025707244873,2.3552663326263428,0.0,0.0,0.0,0.0,0.0,0.0,0.0,,,,,,,,,,,,,,,,,0.0005
25,8220,train,0.028345702216029167,0.10821105539798737,0.1113528311252594,0.0,0.006479242816567421,0.006479242816567421,0.0,3.4938340187072754,9.999999747378752e-05,0.029999999329447746,0.029999999329447746,0.029999999329447746,0.0010000000474974513,0.0010000000474974513,0.08337359875440598,0.020366162061691284,0.0,0.0,0.0,0.0,-1.713057041168213,-1.713057041168213,1.0,-1.713057041168213,0.0,-4.396979808807373,2.4424896240234375,1.0,0.08337359875440598,1.0,0.0,0.0,0.08337359875440598,0.0,0.0,0.020366162061691284,0.0,0.2796338200569153,0.08913512527942657,0.057435017079114914,0.5404132604598999,0.5594707727432251,0.0,0.0,0.0,0.0,0.0,0.0,0.0,0.0,1.0,0.0,0.13477806746959686,0.3002889156341553,0.3814243972301483,0.024095771834254265,0.0,0.1113528311252594,0.10821105539798737,0.10821105539798737,0.16679485142230988,0.0616275817155838,-2.359259732021002e-10,0.0,0.0,3.8972768783569336,3.8972768783569336,2.44095778465271,2.44095778465271,0.688291609287262,0.0,0.0,0.0,0.0,0.27963384985923767,0.11159930378198624,0.0037130096461623907,0.7000558972358704,0.5594707727432251,0.02083333395421505,2.4318392276763916,2.447030782699585,2.44095778465271,2.3771162033081055,2.4424896240234375,0.16611754894256592,0.07122533768415451,1.0,2.20061993598938,2.309004306793213,2.3003594875335693,0.0,0.0,0.0,0.0,0.0,0.0,0.0,,,,,,,,,,,,,,,,,0.0005
25,8240,train,0.03729112073779106,0.11965605616569519,0.12167401611804962,0.0,0.006641471292823553,0.006641471292823553,0.0,3.462547540664673,9.999999747378752e-05,0.029999999329447746,0.029999999329447746,0.029999999329447746,0.0010000000474974513,0.0010000000474974513,0.07938691228628159,0.00876668095588684,0.0,0.0,0.0,0.0,-1.788889765739441,-1.788889765739441,1.0,-1.788889765739441,0.0,-4.556601047515869,2.2756149768829346,1.0,0.07938691228628159,1.0,0.0,0.0,0.07938691228628159,0.0,0.0,0.00876668095588684,0.0,0.2912333309650421,0.08507313579320908,0.06468723714351654,0.6898016333580017,0.5722007751464844,0.0,0.0,0.0,0.0,0.0,0.0,0.0,0.0,1.0,0.0,0.10668795555830002,0.2854664623737335,0.3402753472328186,0.024141227826476097,0.0,0.12167401611804962,0.11965605616569519,0.11965605616569519,0.16566993296146393,0.08282976597547531,-3.5033978496024076e-10,0.0,0.0,4.078275203704834,4.078275203704834,2.205798625946045,2.205798625946045,0.7133908867835999,0.0,0.0,0.0,0.0,0.2912333309650421,0.10968272387981415,0.0019072425784543157,0.8134385943412781,0.5722007751464844,0.027971815317869186,2.2145674228668213,2.2069339752197266,2.205798625946045,2.2427399158477783,2.2756149768829346,0.1370372623205185,0.05767422914505005,1.0,2.301760673522949,2.2679765224456787,2.277754783630371,0.0,0.0,0.0,0.0,0.0,0.0,0.0,,,,,,,,,,,,,,,,,0.0005
25,8260,train,0.03995506837964058,0.11811457574367523,0.12079962342977524,0.0,0.00692371092736721,0.00692371092736721,0.0,3.4660799503326416,9.999999747378752e-05,0.029999999329447746,0.029999999329447746,0.029999999329447746,0.0010000000474974513,0.0010000000474974513,0.0723884180188179,0.02484363317489624,0.0,0.0,0.0,0.0,-1.716183066368103,-1.716183066368103,1.0,-1.716183066368103,0.0,-4.436219215393066,2.405994176864624,1.0,0.0723884180188179,1.0,0.0,0.0,0.0723884180188179,0.0,0.0,0.02484363317489624,0.0,0.2751563489437103,0.07517894357442856,0.07520617544651031,0.5090357661247253,0.5607542395591736,0.0,0.0,0.0,0.0,0.0,0.0,0.0,0.0,1.0,0.0,0.11540241539478302,0.2954549193382263,0.3701941668987274,0.024321068078279495,0.0,0.12079962342977524,0.11811457574367523,0.11811457574367523,0.18870961666107178,0.09231262654066086,3.636190792910554e-10,0.0,0.0,4.066309928894043,4.066309928894043,2.363456964492798,2.363456964492798,0.8051420450210571,0.0,0.0,0.0,0.0,0.2751563787460327,0.10188069939613342,0.008146548643708229,0.7505305409431458,0.5607542395591736,0.010523897595703602,2.3405425548553467,2.3691534996032715,2.363456964492798,2.3533923625946045,2.405994176864624,0.1560782790184021,0.06366299837827682,1.0,2.393366575241089,2.3720932006835938,2.3588829040527344,0.0,0.0,0.0,0.0,0.0,0.0,0.0,,,,,,,,,,,,,,,,,0.0005
25,8280,train,0.02750573679804802,0.10563058406114578,0.10922925174236298,0.0,0.006051237229257822,0.006051237229257822,0.0,3.3975861072540283,9.999999747378752e-05,0.029999999329447746,0.029999999329447746,0.029999999329447746,0.0010000000474974513,0.0010000000474974513,0.076927050948143,0.017458200454711914,0.0,0.0,0.0,0.0,-1.6764397621154785,-1.6764397621154785,1.0,-1.6764397621154785,0.0,-4.337082862854004,2.517881155014038,1.0,0.076927050948143,1.0,0.0,0.0,0.076927050948143,0.0,0.0,0.017458200454711914,0.0,0.28254181146621704,0.0938347578048706,0.0663316547870636,0.6428312063217163,0.5590466856956482,0.0,0.0,0.0,0.0,0.0,0.0,0.0,0.0,1.0,0.0,0.12881019711494446,0.3083154857158661,0.3923802375793457,0.026679271832108498,0.0,0.10922925174236298,0.10563058406114578,0.10563058406114578,0.17250914871692657,0.06959870457649231,1.5306506062628955e-10,0.0,0.0,3.9761977195739746,3.9761977195739746,2.5052297115325928,2.5052297115325928,0.726509153842926,0.0,0.0,0.0,0.0,0.28254181146621704,0.11790855973958969,0.003807265544310212,0.8593758344650269,0.5590466856956482,0.03374693915247917,2.4541947841644287,2.521726131439209,2.5052297115325928,2.430636405944824,2.517881155014038,0.16989707946777344,0.07103287428617477,1.0,2.367741107940674,2.3723227977752686,2.3340985774993896,0.0,0.0,0.0,0.0,0.0,0.0,0.0,,,,,,,,,,,,,,,,,0.0005
25,8300,train,0.03785577416419983,0.11705237627029419,0.1207202821969986,0.0,0.007038148120045662,0.007038148120045662,0.0,3.4182255268096924,9.999999747378752e-05,0.029999999329447746,0.029999999329447746,0.029999999329447746,0.0010000000474974513,0.0010000000474974513,0.0793670117855072,0.025773733854293823,0.0,0.0,0.0,0.0,-1.7333128452301025,-1.7333128452301025,1.0,-1.7333128452301025,0.0,-4.462289333343506,2.3694491386413574,1.0,0.0793670117855072,1.0,0.0,0.0,0.0793670117855072,0.0,0.0,0.025773733854293823,0.0,0.2742263078689575,0.08312349766492844,0.07754736393690109,0.5985033512115479,0.556747317314148,0.0,0.0,0.0,0.0,0.0,0.0,0.0,0.0,1.0,0.0,0.10975950956344604,0.291381299495697,0.3603895306587219,0.02520863153040409,0.0,0.1207202821969986,0.11705237627029419,0.11705237627029419,0.17269980907440186,0.08323648571968079,-1.2100359603195443e-10,0.0,0.0,4.033848762512207,4.033848762512207,2.307814836502075,2.307814836502075,0.7413874864578247,0.0,0.0,0.0,0.0,0.27422627806663513,0.10764430463314056,0.011984813027083874,0.7737327814102173,0.556747317314148,0.016881128773093224,2.2781574726104736,2.317225217819214,2.307814836502075,2.3171939849853516,2.3694491386413574,0.1481778621673584,0.06019047275185585,1.0,2.3506336212158203,2.301051616668701,2.36417555809021,0.0,0.0,0.0,0.0,0.0,0.0,0.0,,,,,,,,,,,,,,,,,0.0005
25,8320,train,0.037628594785928726,0.11681061238050461,0.12120646983385086,0.0,0.006290195509791374,0.006290195509791374,0.0,3.4633402824401855,9.999999747378752e-05,0.029999999329447746,0.029999999329447746,0.029999999329447746,0.0010000000474974513,0.0010000000474974513,0.07715379446744919,0.020498305559158325,0.0,0.0,0.0,0.0,-1.7342666387557983,-1.7342666387557983,1.0,-1.7342666387557983,0.0,-4.442187309265137,2.3193907737731934,1.0,0.07715379446744919,1.0,0.0,0.0,0.07715379446744919,0.0,0.0,0.020498305559158325,0.0,0.3204982876777649,0.09080907702445984,0.05757851526141167,0.5894214510917664,0.5911737680435181,0.0,0.0,0.0,0.0,0.0,0.0,0.0,0.0,1.0,0.0,0.12428434938192368,0.30553603172302246,0.36448174715042114,0.024232350289821625,0.0,0.12120646983385086,0.11681061238050461,0.11681061238050461,0.20183122158050537,0.11608507484197617,8.134962148353964e-11,0.0,0.0,4.050189018249512,4.050189018249512,2.3137879371643066,2.3137879371643066,0.8553070425987244,0.0,0.0,0.0,0.0,0.3204983174800873,0.12135975807905197,0.005563848651945591,0.829301118850708,0.5911737680435181,0.06037071347236633,2.307805299758911,2.3163013458251953,2.3137879371643066,2.280881404876709,2.3193907737731934,0.153162881731987,0.06093408912420273,1.0,2.3494794368743896,2.316375494003296,2.2732701301574707,0.0,0.0,0.0,0.0,0.0,0.0,0.0,,,,,,,,,,,,,,,,,0.0005
25,8340,train,0.034353919327259064,0.11482962965965271,0.11760036647319794,0.0,0.005850918125361204,0.005850918125361204,0.0,3.427180290222168,9.999999747378752e-05,0.029999999329447746,0.029999999329447746,0.029999999329447746,0.0010000000474974513,0.0010000000474974513,0.07387357205152512,0.005884438753128052,0.0,0.0,0.0,0.0,-1.7432297468185425,-1.7432297468185425,1.0,-1.7432297468185425,0.0,-4.4696855545043945,2.341895580291748,1.0,0.07387357205152512,1.0,0.0,0.0,0.07387357205152512,0.0,0.0,0.005884438753128052,0.0,0.3058844804763794,0.08826948702335358,0.08594213426113129,0.6092257499694824,0.5799611210823059,0.0,0.0,0.0,0.0,0.0,0.0,0.0,0.0,1.0,0.0,0.11166585236787796,0.28518784046173096,0.360588937997818,0.025086216628551483,0.0,0.11760036647319794,0.11482962965965271,0.11482962965965271,0.17136599123477936,0.08868800103664398,-4.322610602791599e-10,0.0,0.0,3.9967782497406006,3.9967782497406006,2.310037851333618,2.310037851333618,0.7172699570655823,0.0,0.0,0.0,0.0,0.305884450674057,0.11933071166276932,0.004346052650362253,0.8623334169387817,0.5799611210823059,0.04355086013674736,2.28202223777771,2.320873975753784,2.310037851333618,2.305142879486084,2.341895580291748,0.14364001154899597,0.05915747210383415,1.0,2.356760025024414,2.3586463928222656,2.3392319679260254,0.0,0.0,0.0,0.0,0.0,0.0,0.0,,,,,,,,,,,,,,,,,0.0005
25,8350,train_epoch,0.03627260071141813,0.1150681276521283,0.11807983562707187,0.0,0.0063038485788344265,0.0063038485788344265,0.0,3.4381176825768933,9.999999747378752e-05,0.029999999329447746,0.029999999329447746,0.029999999329447746,0.0010000000474974513,0.0010000000474974513,0.07770789394567827,0.012024565192753684,0.0,0.0,0.0,0.0,-1.717235943157516,-1.717235943157516,1.0,-1.717235943157516,0.0,-4.421145886004328,2.4107554487125604,1.0,0.07770789394567827,1.0,0.0,0.0,0.07770789394567827,0.0,0.0,0.012024565192753684,0.0,0.2993843139645582,0.09123473195080271,0.07104264125562534,0.6125213246859477,0.5743141897067339,0.0,0.0,0.0,0.0,0.0,0.0,0.0,0.0,1.0,0.0,0.11924608948523413,0.29435698804027305,0.3703532662398801,0.025088807975059142,0.0,0.11807983562707187,0.1150681276521283,0.1150681276521283,0.1768261830874546,0.08228649773417476,2.041496559144227e-11,0.0,0.0,4.0092782852892395,4.009278282433927,2.3681101227948766,2.3681101227948766,0.7459797079334716,0.0,0.0,0.0,0.0,0.29938430968158974,0.11823426771485163,0.007775148193572904,0.7993744626016674,0.5743141897067339,0.0457818764373437,2.3455073926263226,2.3776314044427016,2.3681101227948766,2.361325760801395,2.4107554487125604,0.15434445226620772,0.06358783813695351,1.0,2.3430464524708823,2.3438935151357136,2.3436971424582476,0.0,0.0,0.0,0.0,0.0,0.0,0.0,,,,,,,,,,,,,,,,,0.0005
25,8350,val,,,,,,,,,,,,,,,,,,,,,,,,,,,,,,,,,,,,,,,,,,,,,,,,,,,,,,,,,,,,,,,,,,,,,,,,,,,,,,,,,,,,,,,,,,,,,,,,,,,16.58718307168634,710.2938053715336,26.651337778271724,11.12191460154078,15.577272866223309,24.719352298520207,10.243467068886972,16.56696741001026,26.657697689608828,10.863476044422871,18.440056998450476,29.706374097513088,12.652199526090879,16.58718307168634,26.651337778271724,11.12191460154078,0.0005
25,8350,test,,,,,,,,,,,,,,,,,,,,,,,,,,,,,,,,,,,,,,,,,,,,,,,,,,,,,,,,,,,,,,,,,,,,,,,,,,,,,,,,,,,,,,,,,,,,,,,,,,,16.098771430350638,639.6931364042265,25.292155629843545,10.223176041164914,15.15570911630854,23.575686916293627,9.682920760936565,16.047717219000464,25.311785937659785,10.050975430119145,17.816826515369588,27.966980914278736,11.14805283417573,16.098771430350638,25.292155629843545,10.223176041164914,0.0005
26,8360,train,0.03192656487226486,0.11132187396287918,0.11486755311489105,0.0,0.006176766473799944,0.006176766473799944,0.0,3.4386751651763916,9.999999747378752e-05,0.029999999329447746,0.029999999329447746,0.029999999329447746,0.0010000000474974513,0.0010000000474974513,0.0796733945608139,0.01737120747566223,0.0,0.0,0.0,0.0,-1.7165839672088623,-1.7165839672088623,1.0,-1.7165839672088623,0.0,-4.4249982833862305,2.3626346588134766,1.0,0.0796733945608139,1.0,0.0,0.0,0.0796733945608139,0.0,0.0,0.01737120747566223,0.0,0.2826288044452667,0.0977206751704216,0.055650170892477036,0.5376543998718262,0.5555605888366699,0.0,0.0,0.0,0.0,0.0,0.0,0.0,0.0,1.0,0.0,0.12685278058052063,0.30433064699172974,0.3747006952762604,0.025176577270030975,0.0,0.11486755311489105,0.11132187396287918,0.11132187396287918,0.18823127448558807,0.09146423637866974,2.479738081540006e-10,0.0,0.0,4.031371593475342,4.031371593475342,2.3815925121307373,2.3815925121307373,0.799919605255127,0.0,0.0,0.0,0.0,0.2826288044452667,0.12097331136465073,0.0012707955902442336,0.73365318775177,0.5555605888366699,0.026516545563936234,2.380673408508301,2.386019468307495,2.3815925121307373,2.2972073554992676,2.3626346588134766,0.1664068102836609,0.0674530640244484,1.0,2.309244394302368,2.345130681991577,2.265601873397827,0.0,0.0,0.0,0.0,0.0,0.0,0.0,,,,,,,,,,,,,,,,,0.0005
26,8380,train,0.04428686574101448,0.12311764806509018,0.1258668750524521,0.0,0.00723675824701786,0.00723675824701786,0.0,3.4222402572631836,9.999999747378752e-05,0.029999999329447746,0.029999999329447746,0.029999999329447746,0.0010000000474974513,0.0010000000474974513,0.07926559448242188,0.001845240592956543,0.0,0.0,0.0,0.0,-1.7440764904022217,-1.7440764904022217,1.0,-1.7440764904022217,0.0,-4.492610931396484,2.308368444442749,1.0,0.07926559448242188,1.0,0.0,0.0,0.07926559448242188,0.0,0.0,0.001845240592956543,0.0,0.3018452227115631,0.09052501618862152,0.05007558315992355,0.5768897533416748,0.5776684880256653,0.0,0.0,0.0,0.0,0.0,0.0,0.0,0.0,1.0,0.0,0.10263580828905106,0.29382866621017456,0.3542182743549347,0.025255562737584114,0.0,0.1258668750524521,0.12311764806509018,0.12311764806509018,0.18588726222515106,0.11018284410238266,4.038329670663643e-10,0.0,0.0,4.159008502960205,4.159008502960205,2.2617475986480713,2.2617475986480713,0.8188971281051636,0.0,0.0,0.0,0.0,0.3018452525138855,0.11596696823835373,0.008275196887552738,0.7420687079429626,0.5776684880256653,0.03082107938826084,2.243993043899536,2.268110513687134,2.2617475986480713,2.2769412994384766,2.308368444442749,0.1444612294435501,0.0580851212143898,1.0,2.3663864135742188,2.305177688598633,2.3080646991729736,0.0,0.0,0.0,0.0,0.0,0.0,0.0,,,,,,,,,,,,,,,,,0.0005
26,8400,train,0.034039974212646484,0.11162801831960678,0.11598124355077744,0.0,0.007399794179946184,0.007399794179946184,0.0,3.3662915229797363,9.999999747378752e-05,0.029999999329447746,0.029999999329447746,0.029999999329447746,0.0010000000474974513,0.0010000000474974513,0.07737943530082703,0.04882839322090149,0.0,0.0,0.0,0.0,-1.6911519765853882,-1.6911519765853882,1.0,-1.6911519765853882,0.0,-4.3806986808776855,2.3833999633789062,1.0,0.07737943530082703,1.0,0.0,0.0,0.07737943530082703,0.0,0.0,0.04882839322090149,0.0,0.25117161870002747,0.08353525400161743,0.04355662316083908,0.5116431713104248,0.5277397632598877,0.0,0.0,0.0,0.0,0.0,0.0,0.0,0.0,1.0,0.0,0.1090116798877716,0.30539602041244507,0.3756296932697296,0.027185209095478058,0.0,0.11598124355077744,0.11162801831960678,0.11162801831960678,0.18373431265354156,0.09599144756793976,-1.212917544179959e-10,0.0,0.0,4.054347515106201,4.054347515106201,2.376458168029785,2.376458168029785,0.7894859910011292,0.0,0.0,0.0,0.0,0.25117161870002747,0.1110769733786583,0.0009504578774794936,0.7172409296035767,0.5277397632598877,0.010202206671237946,2.3592450618743896,2.386359691619873,2.376458168029785,2.3198537826538086,2.3833999633789062,0.17197345197200775,0.06906577944755554,1.0,2.433972120285034,2.3860504627227783,2.340129852294922,0.0,0.0,0.0,0.0,0.0,0.0,0.0,,,,,,,,,,,,,,,,,0.0005
26,8420,train,0.03807874396443367,0.11676432192325592,0.12000178545713425,0.0,0.006899093743413687,0.006899093743413687,0.0,3.422914743423462,9.999999747378752e-05,0.029999999329447746,0.029999999329447746,0.029999999329447746,0.0010000000474974513,0.0010000000474974513,0.07288487255573273,0.002350926399230957,0.0,0.0,0.0,0.0,-1.721840739250183,-1.721840739250183,1.0,-1.721840739250183,0.0,-4.431703090667725,2.3825621604919434,1.0,0.07288487255573273,1.0,0.0,0.0,0.07288487255573273,0.0,0.0,0.002350926399230957,0.0,0.3023509383201599,0.1034216433763504,0.08221649378538132,0.6420328617095947,0.5704309940338135,0.0,0.0,0.0,0.0,0.0,0.0,0.0,0.0,1.0,0.0,0.1180926114320755,0.2965928018093109,0.36624035239219666,0.025249643251299858,0.0,0.12000178545713425,0.11676432192325592,0.11676432192325592,0.19224324822425842,0.10468355566263199,-2.811767763066797e-10,0.0,0.0,4.047618865966797,4.047618865966797,2.347590446472168,2.347590446472168,0.8178846836090088,0.0,0.0,0.0,0.0,0.3023509383201599,0.13062618672847748,0.006541898474097252,0.8215566277503967,0.5704309940338135,0.07195159792900085,2.3491082191467285,2.3510730266571045,2.347590446472168,2.3468778133392334,2.3825621604919434,0.1589716374874115,0.06290248036384583,1.0,2.4134223461151123,2.388779878616333,2.3207406997680664,0.0,0.0,0.0,0.0,0.0,0.0,0.0,,,,,,,,,,,,,,,,,0.0005
26,8440,train,0.04443734139204025,0.12374110519886017,0.12683629989624023,0.0,0.006822356954216957,0.006822356954216957,0.0,3.4519567489624023,9.999999747378752e-05,0.029999999329447746,0.029999999329447746,0.029999999329447746,0.0010000000474974513,0.0010000000474974513,0.0756496787071228,0.013238638639450073,0.0,0.0,0.0,0.0,-1.7551629543304443,-1.7551629543304443,1.0,-1.7551629543304443,0.0,-4.489690780639648,2.2966065406799316,1.0,0.0756496787071228,1.0,0.0,0.0,0.0756496787071228,0.0,0.0,0.013238638639450073,0.0,0.31323865056037903,0.08946919441223145,0.04972510039806366,0.6168239116668701,0.5888077616691589,0.0,0.0,0.0,0.0,0.0,0.0,0.0,0.0,1.0,0.0,0.10809415578842163,0.28175923228263855,0.35786008834838867,0.024316271767020226,0.0,0.12683629989624023,0.12374110519886017,0.12374110519886017,0.17605789005756378,0.10680268704891205,1.884249700712104e-10,0.0,0.0,4.055046558380127,4.055046558380127,2.293910264968872,2.293910264968872,0.756363570690155,0.0,0.0,0.0,0.0,0.31323865056037903,0.11560624837875366,0.005612010136246681,0.7635869383811951,0.5888077616691589,0.05133272334933281,2.2639803886413574,2.302232027053833,2.293910264968872,2.243211269378662,2.2966065406799316,0.14364862442016602,0.059298258274793625,1.0,2.2562623023986816,2.3115756511688232,2.299473524093628,0.0,0.0,0.0,0.0,0.0,0.0,0.0,,,,,,,,,,,,,,,,,0.0005
26,8460,train,0.0334484837949276,0.1125233992934227,0.11578632146120071,0.0,0.0060940999537706375,0.0060940999537706375,0.0,3.457062244415283,9.999999747378752e-05,0.029999999329447746,0.029999999329447746,0.029999999329447746,0.0010000000474974513,0.0010000000474974513,0.06713424623012543,0.005695998668670654,0.0,0.0,0.0,0.0,-1.7138922214508057,-1.7138922214508057,1.0,-1.7138922214508057,0.0,-4.428123474121094,2.4654781818389893,1.0,0.06713424623012543,1.0,0.0,0.0,0.06713424623012543,0.0,0.0,0.005695998668670654,0.0,0.3056960105895996,0.08209389448165894,0.0912870317697525,0.6086283922195435,0.5822587609291077,0.0,0.0,0.0,0.0,0.0,0.0,0.0,0.0,1.0,0.0,0.11382587999105453,0.2859758734703064,0.3776976764202118,0.024666527286171913,0.0,0.11578632146120071,0.1125233992934227,0.1125233992934227,0.17529717087745667,0.05290680006146431,-2.1306936770493223e-10,0.0,0.0,3.9626235961914062,3.9626235961914062,2.412137508392334,2.412137508392334,0.7229620814323425,0.0,0.0,0.0,0.0,0.3056960105895996,0.1164005696773529,0.007424000184983015,0.8434305787086487,0.5822587609291077,0.049463849514722824,2.3602991104125977,2.433091163635254,2.412137508392334,2.442267894744873,2.4654781818389893,0.15735048055648804,0.06391118466854095,1.0,2.530885696411133,2.4582161903381348,2.417428493499756,0.0,0.0,0.0,0.0,0.0,0.0,0.0,,,,,,,,,,,,,,,,,0.0005
26,8480,train,0.04047553613781929,0.12062942236661911,0.12303730100393295,0.0,0.006132436450570822,0.006132436450570822,0.0,3.394186496734619,9.999999747378752e-05,0.029999999329447746,0.029999999329447746,0.029999999329447746,0.0010000000474974513,0.0010000000474974513,0.07232715934515,0.005856424570083618,0.0,0.0,0.0,0.0,-1.756048560142517,-1.756048560142517,1.0,-1.756048560142517,0.0,-4.5010857582092285,2.248480796813965,1.0,0.07232715934515,1.0,0.0,0.0,0.07232715934515,0.0,0.0,0.005856424570083618,0.0,0.3058564364910126,0.08012545108795166,0.07389600574970245,0.6388629674911499,0.5844059586524963,0.0,0.0,0.0,0.0,0.0,0.0,0.0,0.0,1.0,0.0,0.10560907423496246,0.2882425785064697,0.3482646346092224,0.025843100622296333,0.0,0.12303730100393295,0.12062942236661911,0.12062942236661911,0.17473609745502472,0.10518082976341248,-2.3316706898590667e-10,0.0,0.0,4.049541473388672,4.049541473388672,2.22115421295166,2.22115421295166,0.7465621829032898,0.0,0.0,0.0,0.0,0.3058564364910126,0.11275024712085724,0.0066272420808672905,0.8600332736968994,0.5844059586524963,0.04293811693787575,2.2057182788848877,2.2276668548583984,2.22115421295166,2.213395833969116,2.248480796813965,0.1403476744890213,0.05737035349011421,1.0,2.3016765117645264,2.3264994621276855,2.3260655403137207,0.0,0.0,0.0,0.0,0.0,0.0,0.0,,,,,,,,,,,,,,,,,0.0005
26,8500,train,0.03407203406095505,0.1134062334895134,0.11660769581794739,0.0,0.006674968637526035,0.006674968637526035,0.0,3.4048492908477783,9.999999747378752e-05,0.029999999329447746,0.029999999329447746,0.029999999329447746,0.0010000000474974513,0.0010000000474974513,0.07627761363983154,0.009841859340667725,0.0,0.0,0.0,0.0,-1.7213767766952515,-1.7213767766952515,1.0,-1.7213767766952515,0.0,-4.418316841125488,2.458932399749756,1.0,0.07627761363983154,1.0,0.0,0.0,0.07627761363983154,0.0,0.0,0.009841859340667725,0.0,0.3098418712615967,0.09653138369321823,0.034007713198661804,0.6048823595046997,0.5843881368637085,0.0,0.0,0.0,0.0,0.0,0.0,0.0,0.0,1.0,0.0,0.11183822900056839,0.29061296582221985,0.3703872561454773,0.025878362357616425,0.0,0.11660769581794739,0.1134062334895134,0.1134062334895134,0.17859868705272675,0.07836920022964478,3.708633677934614e-10,0.0,0.0,4.0385589599609375,4.0385589599609375,2.3962857723236084,2.3962857723236084,0.7607820630073547,0.0,0.0,0.0,0.0,0.3098418712615967,0.11792527884244919,0.006104808766394854,0.7809010148048401,0.5843881368637085,0.049264710396528244,2.3526806831359863,2.409108877182007,2.3962857723236084,2.4105515480041504,2.458932399749756,0.14832110702991486,0.06063578650355339,1.0,2.3505802154541016,2.329317569732666,2.3442933559417725,0.0,0.0,0.0,0.0,0.0,0.0,0.0,,,,,,,,,,,,,,,,,0.0005
26,8520,train,0.035975437611341476,0.1156693547964096,0.11822087317705154,0.0,0.006941809318959713,0.006941809318959713,0.0,3.427159309387207,9.999999747378752e-05,0.029999999329447746,0.029999999329447746,0.029999999329447746,0.0010000000474974513,0.0010000000474974513,0.07354925572872162,0.00010344386100769043,0.0,0.0,0.0,0.0,-1.7327120304107666,-1.7327120304107666,1.0,-1.7327120304107666,0.0,-4.450749397277832,2.320888042449951,1.0,0.07354925572872162,1.0,0.0,0.0,0.07354925572872162,0.0,0.0,0.00010344386100769043,0.0,0.29989656805992126,0.09167436510324478,0.05510900914669037,0.6164495944976807,0.5737360715866089,0.0,0.0,0.0,0.0,0.0,0.0,0.0,0.0,1.0,0.0,0.10728083550930023,0.30309587717056274,0.3539944887161255,0.024924732744693756,0.0,0.11822087317705154,0.1156693547964096,0.1156693547964096,0.17817950248718262,0.09923165291547775,-2.999882842136259e-10,0.0,0.0,4.001657009124756,4.001657485961914,2.2538957595825195,2.2538957595825195,0.7584267258644104,0.0,0.0,0.0,0.0,0.29989656805992126,0.12027020752429962,0.0018696628976613283,0.7830156683921814,0.5737360715866089,0.045389097183942795,2.255429983139038,2.2571096420288086,2.2538957595825195,2.275435209274292,2.320888042449951,0.15025192499160767,0.06118199974298477,1.0,2.3129420280456543,2.308103322982788,2.305729627609253,0.0,0.0,0.0,0.0,0.0,0.0,0.0,,,,,,,,,,,,,,,,,0.0005
26,8540,train,0.0314660519361496,0.11110834777355194,0.11501404643058777,0.0,0.006182392127811909,0.006182392127811909,0.0,3.4006617069244385,9.999999747378752e-05,0.029999999329447746,0.029999999329447746,0.029999999329447746,0.0010000000474974513,0.0010000000474974513,0.07457738369703293,0.013423889875411987,0.0,0.0,0.0,0.0,-1.7209771871566772,-1.7209771871566772,1.0,-1.7209771871566772,0.0,-4.414939880371094,2.3712141513824463,1.0,0.07457738369703293,1.0,0.0,0.0,0.07457738369703293,0.0,0.0,0.013423889875411987,0.0,0.31342390179634094,0.10064472258090973,0.07308748364448547,0.687180757522583,0.5823962688446045,0.0,0.0,0.0,0.0,0.0,0.0,0.0,0.0,1.0,0.0,0.11739849299192429,0.3027670383453369,0.36851099133491516,0.02595219574868679,0.0,0.11501404643058777,0.11110834777355194,0.11110834777355194,0.18476255238056183,0.10473332554101944,1.2580840536013937e-10,0.0,0.0,3.925994873046875,3.925994873046875,2.327796459197998,2.327796459197998,0.7646816372871399,0.0,0.0,0.0,0.0,0.31342390179634094,0.12657007575035095,0.0033099662978202105,0.8267642259597778,0.5823962688446045,0.06318934261798859,2.294053316116333,2.3390703201293945,2.327796459197998,2.283295154571533,2.3712141513824463,0.15372174978256226,0.06172942742705345,1.0,2.2486155033111572,2.329390048980713,2.3408045768737793,0.0,0.0,0.0,0.0,0.0,0.0,0.0,,,,,,,,,,,,,,,,,0.0005
26,8560,train,0.038036540150642395,0.11876340210437775,0.12153999507427216,0.0,0.006950306706130505,0.006950306706130505,0.0,3.4428482055664062,9.999999747378752e-05,0.029999999329447746,0.029999999329447746,0.029999999329447746,0.0010000000474974513,0.0010000000474974513,0.07528039813041687,0.014064311981201172,0.0,0.0,0.0,0.0,-1.761283278465271,-1.761283278465271,1.0,-1.761283278465271,0.0,-4.497447967529297,2.2504031658172607,1.0,0.07528039813041687,1.0,0.0,0.0,0.07528039813041687,0.0,0.0,0.014064311981201172,0.0,0.31406429409980774,0.08416885137557983,0.06166868656873703,0.604099452495575,0.5909234881401062,0.0,0.0,0.0,0.0,0.0,0.0,0.0,0.0,1.0,0.0,0.10019750893115997,0.29317182302474976,0.34022650122642517,0.024454833939671516,0.0,0.12153999507427216,0.11876340210437775,0.11876340210437775,0.1839102804660797,0.11923941969871521,-3.719971275462086e-10,0.0,0.0,4.052589416503906,4.052589416503906,2.1686432361602783,2.1686432361602783,0.7899439334869385,0.0,0.0,0.0,0.0,0.3140643239021301,0.1113450899720192,0.004693580325692892,0.7998209595680237,0.5909234881401062,0.03431372717022896,2.182570219039917,2.1676900386810303,2.1686432361602783,2.197709083557129,2.2504031658172607,0.1427249312400818,0.057143766433000565,1.0,2.228607177734375,2.2635490894317627,2.2877702713012695,0.0,0.0,0.0,0.0,0.0,0.0,0.0,,,,,,,,,,,,,,,,,0.0005
26,8580,train,0.029123838990926743,0.10944958031177521,0.11244521290063858,0.0,0.006221242249011993,0.006221242249011993,0.0,3.458059787750244,9.999999747378752e-05,0.029999999329447746,0.029999999329447746,0.029999999329447746,0.0010000000474974513,0.0010000000474974513,0.08195270597934723,0.005060017108917236,0.0,0.0,0.0,0.0,-1.7239041328430176,-1.7239041328430176,1.0,-1.7239041328430176,0.0,-4.420985698699951,2.4666547775268555,1.0,0.08195270597934723,1.0,0.0,0.0,0.08195270597934723,0.0,0.0,0.005060017108917236,0.0,0.2949399948120117,0.09701993316411972,0.05260447785258293,0.6825963854789734,0.5716366171836853,0.0,0.0,0.0,0.0,0.0,0.0,0.0,0.0,1.0,0.0,0.12315556406974792,0.30735668540000916,0.3702363967895508,0.024555735290050507,0.0,0.11244521290063858,0.10944958031177521,0.10944958031177521,0.1761026531457901,0.08192840218544006,-7.274487262565188e-11,0.0,0.0,4.0363545417785645,4.0363545417785645,2.378467559814453,2.378467559814453,0.753818690776825,0.0,0.0,0.0,0.0,0.2949399948120117,0.11681339889764786,0.0019783228635787964,0.8132944107055664,0.5716366171836853,0.03982843458652496,2.352607250213623,2.387937307357788,2.378467559814453,2.3884594440460205,2.4666547775268555,0.15294867753982544,0.06423179805278778,1.0,2.3046374320983887,2.272526264190674,2.284355640411377,0.0,0.0,0.0,0.0,0.0,0.0,0.0,,,,,,,,,,,,,,,,,0.0005
26,8600,train,0.04043063521385193,0.11849004775285721,0.12269118428230286,0.0,0.006978724151849747,0.006978724151849747,0.0,3.4304819107055664,9.999999747378752e-05,0.029999999329447746,0.029999999329447746,0.029999999329447746,0.0010000000474974513,0.0010000000474974513,0.07688926160335541,0.01340433955192566,0.0,0.0,0.0,0.0,-1.720672607421875,-1.720672607421875,1.0,-1.720672607421875,0.0,-4.419476509094238,2.3367433547973633,1.0,0.07688926160335541,1.0,0.0,0.0,0.07688926160335541,0.0,0.0,0.01340433955192566,0.0,0.2865956723690033,0.08784548938274384,0.06513583660125732,0.5882264971733093,0.5648660659790039,0.0,0.0,0.0,0.0,0.0,0.0,0.0,0.0,1.0,0.0,0.11240605264902115,0.3055613040924072,0.3663678467273712,0.02520568110048771,0.0,0.12269118428230286,0.11849004775285721,0.11849004775285721,0.18508079648017883,0.10517344623804092,4.470902537079269e-10,0.0,0.0,4.046753883361816,4.046753883361816,2.3238558769226074,2.3238558769226074,0.7841134667396545,0.0,0.0,0.0,0.0,0.2865956723690033,0.11523280292749405,0.009681379422545433,0.8260195255279541,0.5648660659790039,0.03264399617910385,2.2810661792755127,2.3368375301361084,2.3238558769226074,2.268089771270752,2.3367433547973633,0.15187227725982666,0.06242206320166588,1.0,2.4211008548736572,2.3204762935638428,2.313828945159912,0.0,0.0,0.0,0.0,0.0,0.0,0.0,,,,,,,,,,,,,,,,,0.0005
26,8620,train,0.0378841757774353,0.11717125028371811,0.11932678520679474,0.0,0.006145968101918697,0.006145968101918697,0.0,3.4299123287200928,9.999999747378752e-05,0.029999999329447746,0.029999999329447746,0.029999999329447746,0.0010000000474974513,0.0010000000474974513,0.07116654515266418,0.007942736148834229,0.0,0.0,0.0,0.0,-1.729315161705017,-1.729315161705017,1.0,-1.729315161705017,0.0,-4.448681831359863,2.354336738586426,1.0,0.07116654515266418,1.0,0.0,0.0,0.07116654515266418,0.0,0.0,0.007942736148834229,0.0,0.30794277787208557,0.08885011821985245,0.07507051527500153,0.6446026563644409,0.5833297967910767,0.0,0.0,0.0,0.0,0.0,0.0,0.0,0.0,1.0,0.0,0.10769279301166534,0.2911064326763153,0.3570678234100342,0.024994881823658943,0.0,0.11932678520679474,0.11717125028371811,0.11717125028371811,0.17924854159355164,0.09676480293273926,-2.124081466270411e-10,0.0,0.0,3.9826114177703857,3.982611894607544,2.2909812927246094,2.2909812927246094,0.7499513626098633,0.0,0.0,0.0,0.0,0.3079427480697632,0.11729894578456879,0.0038597136735916138,0.8514304757118225,0.5833297967910767,0.04548100754618645,2.2542054653167725,2.301203966140747,2.2909812927246094,2.3318631649017334,2.354336738586426,0.14250445365905762,0.05856044963002205,1.0,2.3655779361724854,2.2860240936279297,2.311061382293701,0.0,0.0,0.0,0.0,0.0,0.0,0.0,,,,,,,,,,,,,,,,,0.0005
26,8640,train,0.0386747345328331,0.11745947599411011,0.11984098702669144,0.0,0.006473511457443237,0.006473511457443237,0.0,3.4439382553100586,9.999999747378752e-05,0.029999999329447746,0.029999999329447746,0.029999999329447746,0.0010000000474974513,0.0010000000474974513,0.07765158265829086,0.0003064572811126709,0.0,0.0,0.0,0.0,-1.7228248119354248,-1.7228248119354248,1.0,-1.7228248119354248,0.0,-4.431713104248047,2.445913553237915,1.0,0.07765158265829086,1.0,0.0,0.0,0.07765158265829086,0.0,0.0,0.0003064572811126709,0.0,0.3003064692020416,0.07737687975168228,0.10319327563047409,0.5527376532554626,0.5827023386955261,0.0,0.0,0.0,0.0,0.0,0.0,0.0,0.0,1.0,0.0,0.10588087141513824,0.2929783761501312,0.36009836196899414,0.024666031822562218,0.0,0.11984098702669144,0.11745947599411011,0.11745947599411011,0.1746658831834793,0.07417924702167511,-2.216020283940523e-10,0.0,0.0,4.0356011390686035,4.035600662231445,2.3196868896484375,2.3196868896484375,0.7473979592323303,0.0,0.0,0.0,0.0,0.3003064692020416,0.10682161152362823,0.006495583336800337,0.8267144560813904,0.5827023386955261,0.030085785314440727,2.292297124862671,2.3293819427490234,2.3196868896484375,2.4044201374053955,2.445913553237915,0.14638784527778625,0.057637158781290054,1.0,2.39772367477417,2.326935291290283,2.367798328399658,0.0,0.0,0.0,0.0,0.0,0.0,0.0,,,,,,,,,,,,,,,,,0.0005
26,8660,train,0.037741392850875854,0.1159251481294632,0.11850707232952118,0.0,0.0065079499036073685,0.0065079499036073685,0.0,3.4058451652526855,9.999999747378752e-05,0.029999999329447746,0.029999999329447746,0.029999999329447746,0.0010000000474974513,0.0010000000474974513,0.0757705420255661,0.005909323692321777,0.0,0.0,0.0,0.0,-1.7083779573440552,-1.7083779573440552,1.0,-1.7083779573440552,0.0,-4.424843788146973,2.372891426086426,1.0,0.0757705420255661,1.0,0.0,0.0,0.0757705420255661,0.0,0.0,0.005909323692321777,0.0,0.2940906584262848,0.09910523891448975,0.06368362158536911,0.6845860481262207,0.5694902539253235,0.0,0.0,0.0,0.0,0.0,0.0,0.0,0.0,1.0,0.0,0.10599171370267868,0.29564717411994934,0.3629874885082245,0.02567899227142334,0.0,0.11850707232952118,0.1159251481294632,0.1159251481294632,0.18491579592227936,0.101843923330307,-1.3240533669467425e-10,0.0,0.0,4.048617839813232,4.048617362976074,2.310364246368408,2.310364246368408,0.7895511388778687,0.0,0.0,0.0,0.0,0.2940906882286072,0.12006571143865585,0.0125619200989604,0.8252618908882141,0.5694902539253235,0.04543505236506462,2.2922332286834717,2.3204140663146973,2.310364246368408,2.3260045051574707,2.372891426086426,0.15050402283668518,0.05987260490655899,1.0,2.3772995471954346,2.363891363143921,2.386930465698242,0.0,0.0,0.0,0.0,0.0,0.0,0.0,,,,,,,,,,,,,,,,,0.0005
26,8680,train,0.03825187683105469,0.11717099696397781,0.12011078745126724,0.0,0.00622238963842392,0.00622238963842392,0.0,3.434603452682495,9.999999747378752e-05,0.029999999329447746,0.029999999329447746,0.029999999329447746,0.0010000000474974513,0.0010000000474974513,0.07783010601997375,0.0016156136989593506,0.0,0.0,0.0,0.0,-1.725847601890564,-1.725847601890564,1.0,-1.725847601890564,0.0,-4.4361138343811035,2.3619837760925293,1.0,0.07783010601997375,1.0,0.0,0.0,0.07783010601997375,0.0,0.0,0.0016156136989593506,0.0,0.3016156256198883,0.07243482023477554,0.08711059391498566,0.5564696788787842,0.5839196443557739,0.0,0.0,0.0,0.0,0.0,0.0,0.0,0.0,1.0,0.0,0.12387200444936752,0.29645517468452454,0.373895525932312,0.025118272751569748,0.0,0.12011078745126724,0.11717099696397781,0.11717099696397781,0.17822527885437012,0.09311291575431824,1.0631809321814956e-10,0.0,0.0,4.09977912902832,4.09977912902832,2.3875699043273926,2.3875699043273926,0.774623453617096,0.0,0.0,0.0,0.0,0.3016156256198883,0.10683708637952805,0.012422263622283936,0.7954320907592773,0.5839196443557739,0.03238357976078987,2.3618979454040527,2.3980484008789062,2.3875699043273926,2.315375328063965,2.3619837760925293,0.1519877165555954,0.06239420920610428,1.0,2.4164576530456543,2.301378011703491,2.3259615898132324,0.0,0.0,0.0,0.0,0.0,0.0,0.0,,,,,,,,,,,,,,,,,0.0005
26,8684,train_epoch,0.035694251199459244,0.11490246247567103,0.11782437297487687,0.0,0.006377554582264609,0.006377554582264609,0.0,3.419130852836335,9.999999747378752e-05,0.029999999329447746,0.029999999329447746,0.029999999329447746,0.0010000000474974513,0.0010000000474974513,0.07682521163881896,0.011282060763793077,0.0,0.0,0.0,0.0,-1.7232405860980828,-1.7232405860980828,1.0,-1.7232405860980828,0.0,-4.433568500473114,2.3806854507880297,1.0,0.07682521163881896,1.0,0.0,0.0,0.07682521163881896,0.0,0.0,0.011282060763793077,0.0,0.2993603404945956,0.08999442784282975,0.07029694497786061,0.6063701868235708,0.5753585482071973,0.0,0.0,0.0,0.0,0.0,0.0,0.0,0.0,1.0,0.0,0.11459712217935546,0.2957580705245812,0.3657364508884396,0.025479985819292998,0.0,0.11782437297487687,0.11490246247567103,0.11490246247567103,0.17971572293314392,0.08734610558537666,2.7635983925594825e-11,0.0,0.0,4.011893064675931,4.011893051827025,2.341068164317194,2.341068164317194,0.7604884068052212,0.0,0.0,0.0,0.0,0.2993603360331701,0.11640891385917178,0.007887288437275116,0.7975140508420453,0.5753585482071973,0.0406926520152051,2.3179149856110532,2.3502706160802327,2.341068164317194,2.3347524190377333,2.3806854507880297,0.15198783081270265,0.06228616088628769,1.0,2.3281777725962107,2.328546723919714,2.329065123004114,0.0,0.0,0.0,0.0,0.0,0.0,0.0,,,,,,,,,,,,,,,,,0.0005
26,8684,val,,,,,,,,,,,,,,,,,,,,,,,,,,,,,,,,,,,,,,,,,,,,,,,,,,,,,,,,,,,,,,,,,,,,,,,,,,,,,,,,,,,,,,,,,,,,,,,,,,,16.491941855834412,704.917654913825,26.550285401739565,11.115191502614064,15.401412315196819,24.54482489252197,10.13689506805695,16.397468669994456,26.499242016658936,11.034598934757817,18.415091901212126,29.641489733115858,12.744533160785297,16.491941855834412,26.550285401739565,11.115191502614064,0.0005
26,8684,test,,,,,,,,,,,,,,,,,,,,,,,,,,,,,,,,,,,,,,,,,,,,,,,,,,,,,,,,,,,,,,,,,,,,,,,,,,,,,,,,,,,,,,,,,,,,,,,,,,,16.019644221744024,636.0248061171523,25.219532234305067,10.181764280473864,15.007980037379909,23.43368457207675,9.558028272680334,15.915624575571972,25.19885246940391,10.179802546630034,17.793873189805865,27.922353509407788,11.229763086851653,16.019644221744024,25.219532234305067,10.181764280473864,0.0005
27,8700,train,0.04625582695007324,0.12376756966114044,0.1281128227710724,0.0,0.00689200684428215,0.00689200684428215,0.0,3.4329047203063965,9.999999747378752e-05,0.029999999329447746,0.029999999329447746,0.029999999329447746,0.0010000000474974513,0.0010000000474974513,0.07494388520717621,0.018825680017471313,0.0,0.0,0.0,0.0,-1.72963547706604,-1.72963547706604,1.0,-1.72963547706604,0.0,-4.461416244506836,2.258903741836548,1.0,0.07494388520717621,1.0,0.0,0.0,0.07494388520717621,0.0,0.0,0.018825680017471313,0.0,0.28117430210113525,0.10906463861465454,0.07317516952753067,0.7037986516952515,0.5461747050285339,0.0,0.0,0.0,0.0,0.0,0.0,0.0,0.0,1.0,0.0,0.10723733901977539,0.3012014925479889,0.3511470556259155,0.02479754015803337,0.0,0.1281128227710724,0.12376756966114044,0.12376756966114044,0.1925726979970932,0.13154497742652893,-3.641726364911335e-10,0.0,0.0,4.0944342613220215,4.0944342613220215,2.2212557792663574,2.2212557792663574,0.835703432559967,0.0,0.0,0.0,0.0,0.28117433190345764,0.13570527732372284,0.0028426246717572212,0.8795458674430847,0.5461747050285339,0.05857843533158302,2.220205783843994,2.2239551544189453,2.2212557792663574,2.201392412185669,2.258903741836548,0.1537080854177475,0.05906069278717041,1.0,2.3472342491149902,2.3926262855529785,2.436927318572998,0.0,0.0,0.0,0.0,0.0,0.0,0.0,,,,,,,,,,,,,,,,,0.0005
27,8720,train,0.03800158202648163,0.11569914221763611,0.11902595311403275,0.0,0.006226536352187395,0.006226536352187395,0.0,3.403505802154541,9.999999747378752e-05,0.029999999329447746,0.029999999329447746,0.029999999329447746,0.0010000000474974513,0.0010000000474974513,0.07346415519714355,0.006581097841262817,0.0,0.0,0.0,0.0,-1.7018322944641113,-1.7018322944641113,1.0,-1.7018322944641113,0.0,-4.371760368347168,2.393294095993042,1.0,0.07346415519714355,1.0,0.0,0.0,0.07346415519714355,0.0,0.0,0.006581097841262817,0.0,0.29341888427734375,0.10099974274635315,0.05806831270456314,0.5946671366691589,0.5656760334968567,0.0,0.0,0.0,0.0,0.0,0.0,0.0,0.0,1.0,0.0,0.13138170540332794,0.3109874129295349,0.37229469418525696,0.026284439489245415,0.0,0.11902595311403275,0.11569914221763611,0.11569914221763611,0.18167027831077576,0.09258048981428146,3.8578144151424354e-11,0.0,0.0,4.030886173248291,4.030886173248291,2.3673973083496094,2.3673973083496094,0.7716937065124512,0.0,0.0,0.0,0.0,0.29341891407966614,0.12301614135503769,0.0028305184096097946,0.7386760115623474,0.5656760334968567,0.03795956075191498,2.395639419555664,2.364412784576416,2.3673973083496094,2.3350303173065186,2.393294095993042,0.16370463371276855,0.06460189819335938,1.0,2.3646788597106934,2.327563762664795,2.3225693702697754,0.0,0.0,0.0,0.0,0.0,0.0,0.0,,,,,,,,,,,,,,,,,0.0005
27,8740,train,0.03401433303952217,0.11423332244157791,0.11708807945251465,0.0,0.006164805963635445,0.006164805963635445,0.0,3.452505111694336,9.999999747378752e-05,0.029999999329447746,0.029999999329447746,0.029999999329447746,0.0010000000474974513,0.0010000000474974513,0.06838749349117279,0.02576214075088501,0.0,0.0,0.0,0.0,-1.7376824617385864,-1.7376824617385864,1.0,-1.7376824617385864,0.0,-4.462719440460205,2.387714147567749,1.0,0.06838749349117279,1.0,0.0,0.0,0.06838749349117279,0.0,0.0,0.02576214075088501,0.0,0.32576218247413635,0.10512242466211319,0.08092077076435089,0.7214477062225342,0.5911052823066711,0.0,0.0,0.0,0.0,0.0,0.0,0.0,0.0,1.0,0.0,0.10773270577192307,0.2890985310077667,0.36217939853668213,0.024336030706763268,0.0,0.11708807945251465,0.11423332244157791,0.11423332244157791,0.178135946393013,0.09363909065723419,4.3495898549572587e-10,0.0,0.0,4.024688243865967,4.024688720703125,2.3229176998138428,2.3229176998138428,0.7586442232131958,0.0,0.0,0.0,0.0,0.32576215267181396,0.12924523651599884,0.009556596167385578,0.8608046174049377,0.5911052823066711,0.08514093607664108,2.281284809112549,2.3362667560577393,2.3229176998138428,2.3389503955841064,2.387714147567749,0.14832349121570587,0.060093387961387634,1.0,2.409656524658203,2.325854778289795,2.3041348457336426,0.0,0.0,0.0,0.0,0.0,0.0,0.0,,,,,,,,,,,,,,,,,0.0005
27,8760,train,0.02649531327188015,0.10798525810241699,0.11126510053873062,0.0,0.005374738480895758,0.005374738480895758,0.0,3.4295313358306885,9.999999747378752e-05,0.029999999329447746,0.029999999329447746,0.029999999329447746,0.0010000000474974513,0.0010000000474974513,0.07882091403007507,0.004433482885360718,0.0,0.0,0.0,0.0,-1.7388402223587036,-1.7388402223587036,1.0,-1.7388402223587036,0.0,-4.457393646240234,2.3629093170166016,1.0,0.07882091403007507,1.0,0.0,0.0,0.07882091403007507,0.0,0.0,0.004433482885360718,0.0,0.29556652903556824,0.08421359211206436,0.05964040383696556,0.5285162925720215,0.5753257870674133,0.0,0.0,0.0,0.0,0.0,0.0,0.0,0.0,1.0,0.0,0.12436100840568542,0.29683205485343933,0.36252105236053467,0.02499631606042385,0.0,0.11126510053873062,0.10798525810241699,0.10798525810241699,0.18023881316184998,0.09772875159978867,2.724275527388187e-10,0.0,0.0,3.911686897277832,3.911686897277832,2.3398969173431396,2.3398969173431396,0.7421060800552368,0.0,0.0,0.0,0.0,0.29556652903556824,0.11068899184465408,0.006031443364918232,0.7780432105064392,0.5753257870674133,0.02477022260427475,2.319411039352417,2.3501243591308594,2.3398969173431396,2.3130273818969727,2.3629093170166016,0.15250568091869354,0.06317099183797836,1.0,2.176806926727295,2.280973196029663,2.2727854251861572,0.0,0.0,0.0,0.0,0.0,0.0,0.0,,,,,,,,,,,,,,,,,0.0005
27,8780,train,0.02685047872364521,0.10785537213087082,0.11155790090560913,0.0,0.006174469832330942,0.006174469832330942,0.0,3.4499833583831787,9.999999747378752e-05,0.029999999329447746,0.029999999329447746,0.029999999329447746,0.0010000000474974513,0.0010000000474974513,0.07787542045116425,0.008253127336502075,0.0,0.0,0.0,0.0,-1.7322139739990234,-1.7322139739990234,1.0,-1.7322139739990234,0.0,-4.430105209350586,2.3332457542419434,1.0,0.07787542045116425,1.0,0.0,0.0,0.07787542045116425,0.0,0.0,0.008253127336502075,0.0,0.2917468845844269,0.08688803762197495,0.041575249284505844,0.5833085179328918,0.570587694644928,0.0,0.0,0.0,0.0,0.0,0.0,0.0,0.0,1.0,0.0,0.11361318081617355,0.3036889433860779,0.37483224272727966,0.02470550313591957,0.0,0.11155790090560913,0.10785537213087082,0.10785537213087082,0.17797863483428955,0.09527911245822906,2.1023367768879808e-10,0.0,0.0,4.003951549530029,4.003951549530029,2.3741042613983154,2.3741042613983154,0.756506621837616,0.0,0.0,0.0,0.0,0.2917468845844269,0.11315858364105225,0.002883742330595851,0.7855110764503479,0.570587694644928,0.030070466920733452,2.3196260929107666,2.3941307067871094,2.3741042613983154,2.2563183307647705,2.3332457542419434,0.15940767526626587,0.06513796001672745,1.0,2.256685733795166,2.2686820030212402,2.2526371479034424,0.0,0.0,0.0,0.0,0.0,0.0,0.0,,,,,,,,,,,,,,,,,0.0005
27,8800,train,0.03558332473039627,0.11423400789499283,0.11732092499732971,0.0,0.006456740200519562,0.006456740200519562,0.0,3.4072952270507812,9.999999747378752e-05,0.029999999329447746,0.029999999329447746,0.029999999329447746,0.0010000000474974513,0.0010000000474974513,0.07590431720018387,0.011238306760787964,0.0,0.0,0.0,0.0,-1.7122739553451538,-1.7122739553451538,1.0,-1.7122739553451538,0.0,-4.408261299133301,2.3296573162078857,1.0,0.07590431720018387,1.0,0.0,0.0,0.07590431720018387,0.0,0.0,0.011238306760787964,0.0,0.3112383186817169,0.08875389397144318,0.06896132230758667,0.6560544371604919,0.5856695771217346,0.0,0.0,0.0,0.0,0.0,0.0,0.0,0.0,1.0,0.0,0.11622115969657898,0.3074747920036316,0.36206912994384766,0.02550669200718403,0.0,0.11732092499732971,0.11423400789499283,0.11423400789499283,0.18631112575531006,0.1082591563463211,2.0918401733016623e-10,0.0,0.0,3.941575527191162,3.941575527191162,2.298912286758423,2.298912286758423,0.7776614427566528,0.0,0.0,0.0,0.0,0.3112383186817169,0.11745534837245941,0.0053032878786325455,0.8071126937866211,0.5856695771217346,0.04664522409439087,2.2904577255249023,2.3069818019866943,2.298912286758423,2.261678695678711,2.3296573162078857,0.15362697839736938,0.061733685433864594,1.0,2.220796585083008,2.296557664871216,2.288100481033325,0.0,0.0,0.0,0.0,0.0,0.0,0.0,,,,,,,,,,,,,,,,,0.0005
27,8820,train,0.034830693155527115,0.1151895746588707,0.11741691827774048,0.0,0.006542765069752932,0.006542765069752932,0.0,3.4272377490997314,9.999999747378752e-05,0.029999999329447746,0.029999999329447746,0.029999999329447746,0.0010000000474974513,0.0010000000474974513,0.07299482822418213,0.0011736750602722168,0.0,0.0,0.0,0.0,-1.7409240007400513,-1.7409240007400513,1.0,-1.7409240007400513,0.0,-4.469173431396484,2.3787615299224854,1.0,0.07299482822418213,1.0,0.0,0.0,0.07299482822418213,0.0,0.0,0.0011736750602722168,0.0,0.29882633686065674,0.09620809555053711,0.0803215280175209,0.6475522518157959,0.5738542675971985,0.0,0.0,0.0,0.0,0.0,0.0,0.0,0.0,1.0,0.0,0.10756002366542816,0.2881336808204651,0.36196160316467285,0.0249563530087471,0.0,0.11741691827774048,0.1151895746588707,0.1151895746588707,0.17444437742233276,0.08548735082149506,-3.055811714780532e-10,0.0,0.0,4.093290328979492,4.093290328979492,2.3277316093444824,2.3277316093444824,0.7538228631019592,0.0,0.0,0.0,0.0,0.29882633686065674,0.12073206156492233,0.010760709643363953,0.8663776516914368,0.5738542675971985,0.05191482976078987,2.282602071762085,2.3412411212921143,2.3277316093444824,2.3633735179901123,2.3787615299224854,0.1451442688703537,0.059545934200286865,1.0,2.49652099609375,2.325728178024292,2.3706846237182617,0.0,0.0,0.0,0.0,0.0,0.0,0.0,,,,,,,,,,,,,,,,,0.0005
27,8840,train,0.029181253165006638,0.10846443474292755,0.11215474456548691,0.0,0.005759565159678459,0.005759565159678459,0.0,3.4347951412200928,9.999999747378752e-05,0.029999999329447746,0.029999999329447746,0.029999999329447746,0.0010000000474974513,0.0010000000474974513,0.07291042804718018,0.022171735763549805,0.0,0.0,0.0,0.0,-1.7054245471954346,-1.7054245471954346,1.0,-1.7054245471954346,0.0,-4.406015872955322,2.4359443187713623,1.0,0.07291042804718018,1.0,0.0,0.0,0.07291042804718018,0.0,0.0,0.022171735763549805,0.0,0.27782830595970154,0.08892498910427094,0.06829851865768433,0.5441863536834717,0.5571922659873962,0.0,0.0,0.0,0.0,0.0,0.0,0.0,0.0,1.0,0.0,0.12289559841156006,0.30405309796333313,0.37729933857917786,0.024985041469335556,0.0,0.11215474456548691,0.10846443474292755,0.10846443474292755,0.1620401293039322,0.05913209542632103,-4.3758055512377325e-10,0.0,0.0,3.992286205291748,3.992286205291748,2.4225685596466064,2.4225685596466064,0.6867290139198303,0.0,0.0,0.0,0.0,0.27782827615737915,0.11211048066616058,0.0046945782378315926,0.695939838886261,0.5571922659873962,0.01790747605264187,2.38784122467041,2.4348342418670654,2.4225685596466064,2.4033241271972656,2.4359443187713623,0.15399174392223358,0.06510937958955765,1.0,2.2127909660339355,2.268019676208496,2.3059990406036377,0.0,0.0,0.0,0.0,0.0,0.0,0.0,,,,,,,,,,,,,,,,,0.0005
27,8860,train,0.03927456587553024,0.11823971569538116,0.12033414840698242,0.0,0.006052611395716667,0.006052611395716667,0.0,3.3987293243408203,9.999999747378752e-05,0.029999999329447746,0.029999999329447746,0.029999999329447746,0.0010000000474974513,0.0010000000474974513,0.07382889837026596,0.01082029938697815,0.0,0.0,0.0,0.0,-1.7273015975952148,-1.7273015975952148,1.0,-1.7273015975952148,0.0,-4.460691452026367,2.307509660720825,1.0,0.07382889837026596,1.0,0.0,0.0,0.07382889837026596,0.0,0.0,0.01082029938697815,0.0,0.3108203113079071,0.10400644689798355,0.06398120522499084,0.6322459578514099,0.5772035717964172,0.0,0.0,0.0,0.0,0.0,0.0,0.0,0.0,1.0,0.0,0.11142738163471222,0.29735976457595825,0.35315975546836853,0.025678550824522972,0.0,0.12033414840698242,0.11823971569538116,0.11823971569538116,0.17480899393558502,0.1081668883562088,1.0482518325583001e-10,0.0,0.0,4.079196929931641,4.079196929931641,2.262967586517334,2.262967586517334,0.757486879825592,0.0,0.0,0.0,0.0,0.3108203113079071,0.13039912283420563,0.0027765168342739344,0.8108260035514832,0.5772035717964172,0.06842831522226334,2.260279417037964,2.2662181854248047,2.262967586517334,2.2551119327545166,2.307509660720825,0.142940953373909,0.05945046618580818,1.0,2.380146026611328,2.3492507934570312,2.3867428302764893,0.0,0.0,0.0,0.0,0.0,0.0,0.0,,,,,,,,,,,,,,,,,0.0005
27,8880,train,0.035702139139175415,0.11671306937932968,0.12024284154176712,0.0,0.006239768583327532,0.006239768583327532,0.0,3.444831132888794,9.999999747378752e-05,0.029999999329447746,0.029999999329447746,0.029999999329447746,0.0010000000474974513,0.0010000000474974513,0.07037870585918427,0.002948582172393799,0.0,0.0,0.0,0.0,-1.7610751390457153,-1.7610751390457153,1.0,-1.7610751390457153,0.0,-4.514728546142578,2.271660327911377,1.0,0.07037870585918427,1.0,0.0,0.0,0.07037870585918427,0.0,0.0,0.002948582172393799,0.0,0.29705142974853516,0.08439094573259354,0.08723153918981552,0.5801687240600586,0.5765672922134399,0.0,0.0,0.0,0.0,0.0,0.0,0.0,0.0,1.0,0.0,0.10855557024478912,0.29568395018577576,0.35086485743522644,0.024587733671069145,0.0,0.12024284154176712,0.11671306937932968,0.11671306937932968,0.19224706292152405,0.12963874638080597,-1.0487040402740178e-10,0.0,0.0,4.004082202911377,4.004082202911377,2.2520880699157715,2.2520880699157715,0.8067231178283691,0.0,0.0,0.0,0.0,0.29705142974853516,0.11130159348249435,0.0027509976644068956,0.8100621104240417,0.5765672922134399,0.030484071001410484,2.223926544189453,2.260394811630249,2.2520880699157715,2.2511606216430664,2.271660327911377,0.14370495080947876,0.05746147781610489,1.0,2.316615581512451,2.3938660621643066,2.3344218730926514,0.0,0.0,0.0,0.0,0.0,0.0,0.0,,,,,,,,,,,,,,,,,0.0005
27,8900,train,0.03507781773805618,0.11616415530443192,0.11853954941034317,0.0,0.006566828582435846,0.006566828582435846,0.0,3.459017276763916,9.999999747378752e-05,0.029999999329447746,0.029999999329447746,0.029999999329447746,0.0010000000474974513,0.0010000000474974513,0.07574442028999329,0.0047515928745269775,0.0,0.0,0.0,0.0,-1.7569607496261597,-1.7569607496261597,1.0,-1.7569607496261597,0.0,-4.508541107177734,2.310476064682007,1.0,0.07574442028999329,1.0,0.0,0.0,0.07574442028999329,0.0,0.0,0.0047515928745269775,0.0,0.30475160479545593,0.08910386264324188,0.08057831972837448,0.5913516283035278,0.5812073349952698,0.0,0.0,0.0,0.0,0.0,0.0,0.0,0.0,1.0,0.0,0.09416414052248001,0.2899778187274933,0.3477531373500824,0.023985939100384712,0.0,0.11853954941034317,0.11616415530443192,0.11616415530443192,0.18691866099834442,0.10286789387464523,4.511566398246458e-10,0.0,0.0,4.0723090171813965,4.0723090171813965,2.234314441680908,2.234314441680908,0.7973941564559937,0.0,0.0,0.0,0.0,0.30475160479545593,0.11604573577642441,0.0029181393329054117,0.8572519421577454,0.5812073349952698,0.04136029630899429,2.2057979106903076,2.242645740509033,2.234314441680908,2.308910369873047,2.310476064682007,0.13876976072788239,0.05553702265024185,1.0,2.4337100982666016,2.358139753341675,2.311293363571167,0.0,0.0,0.0,0.0,0.0,0.0,0.0,,,,,,,,,,,,,,,,,0.0005
27,8920,train,0.033125367015600204,0.11324692517518997,0.11543308198451996,0.0,0.006034765858203173,0.006034765858203173,0.0,3.4338042736053467,9.999999747378752e-05,0.029999999329447746,0.029999999329447746,0.029999999329447746,0.0010000000474974513,0.0010000000474974513,0.07560766488313675,0.0007718503475189209,0.0,0.0,0.0,0.0,-1.7301496267318726,-1.7301496267318726,1.0,-1.7301496267318726,0.0,-4.457482814788818,2.3429455757141113,1.0,0.07560766488313675,1.0,0.0,0.0,0.07560766488313675,0.0,0.0,0.0007718503475189209,0.0,0.29922816157341003,0.09792087227106094,0.03508424013853073,0.6817261576652527,0.5714924335479736,0.0,0.0,0.0,0.0,0.0,0.0,0.0,0.0,1.0,0.0,0.11503210663795471,0.2966759502887726,0.3708389699459076,0.02491825632750988,0.0,0.11543308198451996,0.11324692517518997,0.11324692517518997,0.16910548508167267,0.08522381633520126,-2.616561134427542e-10,0.0,0.0,4.070199012756348,4.070199012756348,2.381244421005249,2.381244421005249,0.7288998961448669,0.0,0.0,0.0,0.0,0.29922816157341003,0.12384025007486343,0.00210464745759964,0.8414701819419861,0.5714924335479736,0.04808517545461655,2.3270838260650635,2.396541118621826,2.381244421005249,2.2941927909851074,2.3429455757141113,0.14876298606395721,0.06220371276140213,1.0,2.3545103073120117,2.339341640472412,2.3067679405212402,0.0,0.0,0.0,0.0,0.0,0.0,0.0,,,,,,,,,,,,,,,,,0.0005
27,8940,train,0.031311213970184326,0.11178126931190491,0.11355060338973999,0.0,0.006288651842623949,0.006288651842623949,0.0,3.4334776401519775,9.999999747378752e-05,0.029999999329447746,0.029999999329447746,0.029999999329447746,0.0010000000474974513,0.0010000000474974513,0.07144668698310852,0.011470168828964233,0.0,0.0,0.0,0.0,-1.729918360710144,-1.729918360710144,1.0,-1.729918360710144,0.0,-4.462555408477783,2.411224126815796,1.0,0.07144668698310852,1.0,0.0,0.0,0.07144668698310852,0.0,0.0,0.011470168828964233,0.0,0.2885298430919647,0.0856248289346695,0.08360616862773895,0.6376361846923828,0.5669639706611633,0.0,0.0,0.0,0.0,0.0,0.0,0.0,0.0,1.0,0.0,0.10251335054636002,0.28574085235595703,0.35224080085754395,0.024591675028204918,0.0,0.11355060338973999,0.11178126931190491,0.11178126931190491,0.16336441040039062,0.06025627627968788,5.793004964615989e-10,0.0,0.0,3.841902494430542,3.841902494430542,2.290040969848633,2.290040969848633,0.6600398421287537,0.0,0.0,0.0,0.0,0.2885298430919647,0.11500008404254913,0.007160421926528215,0.7920277714729309,0.5669639706611633,0.03593750298023224,2.247849702835083,2.3022830486297607,2.290040969848633,2.4164981842041016,2.411224126815796,0.1385534256696701,0.058287449181079865,1.0,2.2414603233337402,2.315124034881592,2.353942632675171,0.0,0.0,0.0,0.0,0.0,0.0,0.0,,,,,,,,,,,,,,,,,0.0005
27,8960,train,0.04231667146086693,0.11979160457849503,0.12326005846261978,0.0,0.006532642990350723,0.006532642990350723,0.0,3.399366855621338,9.999999747378752e-05,0.029999999329447746,0.029999999329447746,0.029999999329447746,0.0010000000474974513,0.0010000000474974513,0.08314968645572662,0.015080660581588745,0.0,0.0,0.0,0.0,-1.7126848697662354,-1.7126848697662354,1.0,-1.7126848697662354,0.0,-4.423375606536865,2.3567183017730713,1.0,0.08314968645572662,1.0,0.0,0.0,0.08314968645572662,0.0,0.0,0.015080660581588745,0.0,0.3150806427001953,0.08556389808654785,0.11159481108188629,0.5991463661193848,0.589782178401947,0.0,0.0,0.0,0.0,0.0,0.0,0.0,0.0,1.0,0.0,0.1203681230545044,0.30267205834388733,0.3678787052631378,0.025940775871276855,0.0,0.12326005846261978,0.11979160457849503,0.11979160457849503,0.18997050821781158,0.11343035846948624,1.357551571157245e-10,0.0,0.0,4.116537570953369,4.116537570953369,2.3492038249969482,2.3492038249969482,0.8275864720344543,0.0,0.0,0.0,0.0,0.3150806725025177,0.11636294424533844,0.007845214568078518,0.837699830532074,0.589782178401947,0.04745711013674736,2.3188953399658203,2.3615617752075195,2.3492038249969482,2.3125948905944824,2.3567183017730713,0.14994917809963226,0.06085272133350372,1.0,2.3092753887176514,2.306203842163086,2.3174195289611816,0.0,0.0,0.0,0.0,0.0,0.0,0.0,,,,,,,,,,,,,,,,,0.0005
27,8980,train,0.024912811815738678,0.10681268572807312,0.10933417826890945,0.0,0.005829755682498217,0.005829755682498217,0.0,3.455493450164795,9.999999747378752e-05,0.029999999329447746,0.029999999329447746,0.029999999329447746,0.0010000000474974513,0.0010000000474974513,0.07160235196352005,0.0011228322982788086,0.0,0.0,0.0,0.0,-1.7393312454223633,-1.7393312454223633,1.0,-1.7393312454223633,0.0,-4.455535888671875,2.3543875217437744,1.0,0.07160235196352005,1.0,0.0,0.0,0.07160235196352005,0.0,0.0,0.0011228322982788086,0.0,0.30112287402153015,0.08934188634157181,0.06369876861572266,0.6139183640480042,0.5786194801330566,0.0,0.0,0.0,0.0,0.0,0.0,0.0,0.0,1.0,0.0,0.11430712789297104,0.2984090745449066,0.3623623251914978,0.02443651482462883,0.0,0.10933417826890945,0.10681268572807312,0.10681268572807312,0.17350998520851135,0.08393564820289612,-4.3486253487046156e-10,0.0,0.0,3.9914228916168213,3.9914228916168213,2.3336942195892334,2.3336942195892334,0.7282058596611023,0.0,0.0,0.0,0.0,0.30112284421920776,0.11452561616897583,0.010724993422627449,0.8031777143478394,0.5786194801330566,0.034359682351350784,2.314210891723633,2.3430516719818115,2.3336942195892334,2.314311981201172,2.3543875217437744,0.149373859167099,0.06241364777088165,1.0,2.3757824897766113,2.339118719100952,2.3029391765594482,0.0,0.0,0.0,0.0,0.0,0.0,0.0,,,,,,,,,,,,,,,,,0.0005
27,9000,train,0.03279717266559601,0.11140899360179901,0.11468110978603363,0.0,0.006964271422475576,0.006964271422475576,0.0,3.474245071411133,9.999999747378752e-05,0.029999999329447746,0.029999999329447746,0.029999999329447746,0.0010000000474974513,0.0010000000474974513,0.07339306175708771,0.011630743741989136,0.0,0.0,0.0,0.0,-1.7031570672988892,-1.7031570672988892,1.0,-1.7031570672988892,0.0,-4.392091274261475,2.3992667198181152,1.0,0.07339306175708771,1.0,0.0,0.0,0.07339306175708771,0.0,0.0,0.011630743741989136,0.0,0.28836923837661743,0.101686030626297,0.07331494987010956,0.6286616325378418,0.5627626180648804,0.0,0.0,0.0,0.0,0.0,0.0,0.0,0.0,1.0,0.0,0.11680607497692108,0.31349074840545654,0.37093186378479004,0.02414596825838089,0.0,0.11468110978603363,0.11140899360179901,0.11140899360179901,0.19096213579177856,0.09961768239736557,2.4922757000528373e-12,0.0,0.0,3.9709014892578125,3.9709014892578125,2.349602699279785,2.349602699279785,0.8017783761024475,0.0,0.0,0.0,0.0,0.2883692681789398,0.12188330292701721,0.01132877916097641,0.7518033385276794,0.5627626180648804,0.047503065317869186,2.331231117248535,2.355999231338501,2.349602699279785,2.335721015930176,2.3992667198181152,0.16059501469135284,0.06471087783575058,1.0,2.2530832290649414,2.3052163124084473,2.33345890045166,0.0,0.0,0.0,0.0,0.0,0.0,0.0,,,,,,,,,,,,,,,,,0.0005
27,9018,train_epoch,0.03462586762707034,0.11414187260998224,0.11713996966798862,0.0,0.006356774880913293,0.006356774880913293,0.0,3.4303362647930307,9.999999747378752e-05,0.029999999329447746,0.029999999329447746,0.029999999329447746,0.0010000000474974513,0.0010000000474974513,0.07524645973197715,0.011150329502042896,0.0,0.0,0.0,0.0,-1.7260689167919274,-1.7260689167919274,1.0,-1.7260689167919274,0.0,-4.439556548695364,2.373587413462336,1.0,0.07524645973197715,1.0,0.0,0.0,0.07524645973197715,0.0,0.0,0.011150329502042896,0.0,0.29958585413273225,0.092396655593982,0.06896390409549018,0.6222544725605114,0.5743802205888097,0.0,0.0,0.0,0.0,0.0,0.0,0.0,0.0,1.0,0.0,0.1128104944116698,0.2965656508228736,0.3647436487995936,0.025073542532895853,0.0,0.11713996966798862,0.11414187260998224,0.11414187260998224,0.18131090642627842,0.09350453054080689,-6.760081641740801e-12,0.0,0.0,4.020541823552754,4.020541820697442,2.3372958413141216,2.3372958413141216,0.7699525026147237,0.0,0.0,0.0,0.0,0.29958584913593567,0.11850714342233663,0.007764443699120611,0.8115931164004846,0.5743802205888097,0.044156404697297216,2.3123667696992793,2.3470768093348977,2.3372958413141216,2.329968493141814,2.373587413462336,0.15157484874396981,0.0616546846524684,1.0,2.3188301788832613,2.3185428859231,2.3185144148900836,0.0,0.0,0.0,0.0,0.0,0.0,0.0,,,,,,,,,,,,,,,,,0.0005
27,9018,val,,,,,,,,,,,,,,,,,,,,,,,,,,,,,,,,,,,,,,,,,,,,,,,,,,,,,,,,,,,,,,,,,,,,,,,,,,,,,,,,,,,,,,,,,,,,,,,,,,,16.528693761911477,706.4565305967589,26.579250000644468,11.301774854058618,15.498557563300606,24.603461117595664,10.6423679772798,16.530095963864714,26.578816873404953,11.347353587279448,18.316690698400276,29.609755587422022,12.743638854843002,16.528693761911477,26.579250000644468,11.301774854058618,0.0005
28,9020,train,0.037756819278001785,0.11865963786840439,0.12143658101558685,0.0,0.007129502948373556,0.007129502948373556,0.0,3.4696950912475586,9.999999747378752e-05,0.029999999329447746,0.029999999329447746,0.029999999329447746,0.0010000000474974513,0.0010000000474974513,0.07387714087963104,0.004343003034591675,0.0,0.0,0.0,0.0,-1.7638202905654907,-1.7638202905654907,1.0,-1.7638202905654907,0.0,-4.506331920623779,2.2388739585876465,1.0,0.07387714087963104,1.0,0.0,0.0,0.07387714087963104,0.0,0.0,0.004343003034591675,0.0,0.304343044757843,0.08356054127216339,0.08182583749294281,0.6422434449195862,0.582956075668335,0.0,0.0,0.0,0.0,0.0,0.0,0.0,0.0,1.0,0.0,0.09059416502714157,0.28568145632743835,0.34467175602912903,0.02380804717540741,0.0,0.12143658101558685,0.11865963786840439,0.11865963786840439,0.18734118342399597,0.12512007355690002,-6.222549558954071e-11,0.0,0.0,4.036516189575195,4.036516189575195,2.196542501449585,2.196542501449585,0.8013262748718262,0.0,0.0,0.0,0.0,0.30434301495552063,0.11213547736406326,0.004833398852497339,0.8579528331756592,0.582956075668335,0.03920036926865578,2.1826391220092773,2.201702833175659,2.196542501449585,2.192629098892212,2.2388739585876465,0.14386309683322906,0.057571638375520706,1.0,2.230175733566284,2.233956813812256,2.262558937072754,0.0,0.0,0.0,0.0,0.0,0.0,0.0,,,,,,,,,,,,,,,,,0.0005
28,9040,train,0.03833545371890068,0.11721326410770416,0.12034838646650314,0.0,0.006428431253880262,0.006428431253880262,0.0,3.397087812423706,9.999999747378752e-05,0.029999999329447746,0.029999999329447746,0.029999999329447746,0.0010000000474974513,0.0010000000474974513,0.0729241743683815,9.262561798095703e-05,0.0,0.0,0.0,0.0,-1.7258845567703247,-1.7258845567703247,1.0,-1.7258845567703247,0.0,-4.4560041427612305,2.3007564544677734,1.0,0.0729241743683815,1.0,0.0,0.0,0.0729241743683815,0.0,0.0,9.262561798095703e-05,0.0,0.299907386302948,0.09249434620141983,0.09111842513084412,0.6293979287147522,0.5738202333450317,0.0,0.0,0.0,0.0,0.0,0.0,0.0,0.0,1.0,0.0,0.11281287670135498,0.29439985752105713,0.3597396910190582,0.02573629468679428,0.0,0.12034838646650314,0.11721326410770416,0.11721326410770416,0.1862558126449585,0.11594586074352264,4.882722559607089e-10,0.0,0.0,4.013134002685547,4.013134002685547,2.2964119911193848,2.2964119911193848,0.7868682742118835,0.0,0.0,0.0,0.0,0.299907386302948,0.12146290391683578,0.008305693976581097,0.788032054901123,0.5738202333450317,0.05301777273416519,2.3136260509490967,2.292905330657959,2.2964119911193848,2.266249656677246,2.3007564544677734,0.1528143733739853,0.0603489950299263,1.0,2.223402261734009,2.344614028930664,2.34456205368042,0.0,0.0,0.0,0.0,0.0,0.0,0.0,,,,,,,,,,,,,,,,,0.0005
28,9060,train,0.04095663130283356,0.11859894543886185,0.12170848250389099,0.0,0.007081686984747648,0.007081686984747648,0.0,3.445908546447754,9.999999747378752e-05,0.029999999329447746,0.029999999329447746,0.029999999329447746,0.0010000000474974513,0.0010000000474974513,0.07304181158542633,0.025589942932128906,0.0,0.0,0.0,0.0,-1.7106614112854004,-1.7106614112854004,1.0,-1.7106614112854004,0.0,-4.422714710235596,2.3951148986816406,1.0,0.07304181158542633,1.0,0.0,0.0,0.07304181158542633,0.0,0.0,0.025589942932128906,0.0,0.3255899250507355,0.08920007944107056,0.0723409652709961,0.6647777557373047,0.5946614742279053,0.0,0.0,0.0,0.0,0.0,0.0,0.0,0.0,1.0,0.0,0.10699576884508133,0.29733407497406006,0.3642214238643646,0.024604517966508865,0.0,0.12170848250389099,0.11859894543886185,0.11859894543886185,0.17892134189605713,0.09129846096038818,2.2416986322770782e-10,0.0,0.0,4.079712867736816,4.079712867736816,2.327660083770752,2.327660083770752,0.7667677402496338,0.0,0.0,0.0,0.0,0.32558995485305786,0.12233046442270279,0.0019692331552505493,0.8372387886047363,0.5946614742279053,0.07326900213956833,2.298783302307129,2.3441855907440186,2.327660083770752,2.3325464725494385,2.3951148986816406,0.14899280667304993,0.06016413867473602,1.0,2.390720844268799,2.3246865272521973,2.3428754806518555,0.0,0.0,0.0,0.0,0.0,0.0,0.0,,,,,,,,,,,,,,,,,0.0005
28,9080,train,0.03668241202831268,0.11762584745883942,0.12002471089363098,0.0,0.005984283983707428,0.005984283983707428,0.0,3.4661624431610107,9.999999747378752e-05,0.029999999329447746,0.029999999329447746,0.029999999329447746,0.0010000000474974513,0.0010000000474974513,0.07744558900594711,0.011678427457809448,0.0,0.0,0.0,0.0,-1.7593940496444702,-1.7593940496444702,1.0,-1.7593940496444702,0.0,-4.501227855682373,2.374544858932495,1.0,0.07744558900594711,1.0,0.0,0.0,0.07744558900594711,0.0,0.0,0.011678427457809448,0.0,0.3116784691810608,0.09273987263441086,0.05901379510760307,0.6032084226608276,0.5874500274658203,0.0,0.0,0.0,0.0,0.0,0.0,0.0,0.0,1.0,0.0,0.10516798496246338,0.2745632231235504,0.35824719071388245,0.023959441110491753,0.0,0.12002471089363098,0.11762584745883942,0.11762584745883942,0.17116999626159668,0.08209457248449326,1.3961284905938953e-10,0.0,0.0,4.1013617515563965,4.1013617515563965,2.3205838203430176,2.3205838203430176,0.7460166811943054,0.0,0.0,0.0,0.0,0.3116784393787384,0.11645882576704025,0.011940636672079563,0.8248905539512634,0.5874500274658203,0.0546875037252903,2.2851247787475586,2.3332834243774414,2.3205838203430176,2.3735430240631104,2.374544858932495,0.14176203310489655,0.05769191309809685,1.0,2.403984785079956,2.269989252090454,2.2683370113372803,0.0,0.0,0.0,0.0,0.0,0.0,0.0,,,,,,,,,,,,,,,,,0.0005
28,9100,train,0.04326295852661133,0.12094578146934509,0.12321531772613525,0.0,0.006599463522434235,0.006599463522434235,0.0,3.4666597843170166,9.999999747378752e-05,0.029999999329447746,0.029999999329447746,0.029999999329447746,0.0010000000474974513,0.0010000000474974513,0.08099294453859329,0.01586797833442688,0.0,0.0,0.0,0.0,-1.716123342514038,-1.716123342514038,1.0,-1.716123342514038,0.0,-4.42377233505249,2.3936984539031982,1.0,0.08099294453859329,1.0,0.0,0.0,0.08099294453859329,0.0,0.0,0.01586797833442688,0.0,0.3158680200576782,0.08479049801826477,0.11097842454910278,0.6481398344039917,0.5948030948638916,0.0,0.0,0.0,0.0,0.0,0.0,0.0,0.0,1.0,0.0,0.11270567029714584,0.3038810193538666,0.3651569187641144,0.02405676804482937,0.0,0.12321531772613525,0.12094578146934509,0.12094578146934509,0.1871868371963501,0.10536783933639526,4.725856511678117e-11,0.0,0.0,4.019024848937988,4.019024848937988,2.347198009490967,2.347198009490967,0.7966892123222351,0.0,0.0,0.0,0.0,0.31586799025535583,0.10928743332624435,0.008615967817604542,0.8316509127616882,0.5948030948638916,0.04394914582371712,2.3224785327911377,2.35602068901062,2.347198009490967,2.3318212032318115,2.3936984539031982,0.15326157212257385,0.06165674701333046,1.0,2.2465686798095703,2.2142210006713867,2.2618184089660645,0.0,0.0,0.0,0.0,0.0,0.0,0.0,,,,,,,,,,,,,,,,,0.0005
28,9120,train,0.03559589385986328,0.11506959795951843,0.11800792813301086,0.0,0.0067503321915864944,0.0067503321915864944,0.0,3.4407503604888916,9.999999747378752e-05,0.029999999329447746,0.029999999329447746,0.029999999329447746,0.0010000000474974513,0.0010000000474974513,0.07440198957920074,0.009396851062774658,0.0,0.0,0.0,0.0,-1.7284281253814697,-1.7284281253814697,1.0,-1.7284281253814697,0.0,-4.458468914031982,2.412365674972534,1.0,0.07440198957920074,1.0,0.0,0.0,0.07440198957920074,0.0,0.0,0.009396851062774658,0.0,0.3093968629837036,0.09610296040773392,0.0572458915412426,0.6186953783035278,0.5826447606086731,0.0,0.0,0.0,0.0,0.0,0.0,0.0,0.0,1.0,0.0,0.10966987162828445,0.2976486384868622,0.3613041043281555,0.024717796593904495,0.0,0.11800792813301086,0.11506959795951843,0.11506959795951843,0.18388280272483826,0.08981018513441086,-1.599796684015331e-10,0.0,0.0,4.004502296447754,4.004502296447754,2.3377208709716797,2.3377208709716797,0.7734672427177429,0.0,0.0,0.0,0.0,0.3093968629837036,0.12060903757810593,0.012464669533073902,0.8600524067878723,0.5826447606086731,0.051639094948768616,2.288893461227417,2.352576732635498,2.3377208709716797,2.369556427001953,2.412365674972534,0.14401818811893463,0.06033675745129585,1.0,2.362961769104004,2.261155128479004,2.269113063812256,0.0,0.0,0.0,0.0,0.0,0.0,0.0,,,,,,,,,,,,,,,,,0.0005
28,9140,train,0.02686993032693863,0.10742997378110886,0.11021969467401505,0.0,0.006307861302047968,0.006307861302047968,0.0,3.4250376224517822,9.999999747378752e-05,0.029999999329447746,0.029999999329447746,0.029999999329447746,0.0010000000474974513,0.0010000000474974513,0.07841385155916214,0.011083871126174927,0.0,0.0,0.0,0.0,-1.7204203605651855,-1.7204203605651855,1.0,-1.7204203605651855,0.0,-4.422502517700195,2.4373629093170166,1.0,0.07841385155916214,1.0,0.0,0.0,0.07841385155916214,0.0,0.0,0.011083871126174927,0.0,0.2889161705970764,0.09503322094678879,0.034484416246414185,0.5698621273040771,0.5644820928573608,0.0,0.0,0.0,0.0,0.0,0.0,0.0,0.0,1.0,0.0,0.12129325419664383,0.301342248916626,0.3760640323162079,0.025370996445417404,0.0,0.11021969467401505,0.10742997378110886,0.10742997378110886,0.18851523101329803,0.08173489570617676,2.829699252693274e-10,0.0,0.0,3.986860990524292,3.986860990524292,2.434644937515259,2.434644937515259,0.797630250453949,0.0,0.0,0.0,0.0,0.28891614079475403,0.1189093366265297,0.008697230368852615,0.7879645824432373,0.5644820928573608,0.032628677785396576,2.3880012035369873,2.4467649459838867,2.434644937515259,2.3830418586730957,2.4373629093170166,0.15856018662452698,0.06542357802391052,1.0,2.2879269123077393,2.331920862197876,2.2851366996765137,0.0,0.0,0.0,0.0,0.0,0.0,0.0,,,,,,,,,,,,,,,,,0.0005
28,9160,train,0.035034310072660446,0.11392407864332199,0.11802613735198975,0.0,0.006453411187976599,0.006453411187976599,0.0,3.4077963829040527,9.999999747378752e-05,0.029999999329447746,0.029999999329447746,0.029999999329447746,0.0010000000474974513,0.0010000000474974513,0.07010924071073532,0.01615774631500244,0.0,0.0,0.0,0.0,-1.7185943126678467,-1.7185943126678467,1.0,-1.7185943126678467,0.0,-4.424474239349365,2.3080668449401855,1.0,0.07010924071073532,1.0,0.0,0.0,0.07010924071073532,0.0,0.0,0.01615774631500244,0.0,0.2838422656059265,0.09096425771713257,0.05113187059760094,0.6020704507827759,0.5595584511756897,0.0,0.0,0.0,0.0,0.0,0.0,0.0,0.0,1.0,0.0,0.11418004333972931,0.30509674549102783,0.3582213222980499,0.025429273024201393,0.0,0.11802613735198975,0.11392407864332199,0.11392407864332199,0.1905001550912857,0.10762664675712585,2.8202756796602557e-10,0.0,0.0,4.105308532714844,4.105308532714844,2.2856602668762207,2.2856602668762207,0.8348670601844788,0.0,0.0,0.0,0.0,0.2838422656059265,0.11834006756544113,0.0031295816879719496,0.7416123151779175,0.5595584511756897,0.031035540625452995,2.2862982749938965,2.288989305496216,2.2856602668762207,2.2551369667053223,2.3080668449401855,0.15636640787124634,0.06283081322908401,1.0,2.4340672492980957,2.3499720096588135,2.363852024078369,0.0,0.0,0.0,0.0,0.0,0.0,0.0,,,,,,,,,,,,,,,,,0.0005
28,9180,train,0.032822009176015854,0.11304192990064621,0.11558958888053894,0.0,0.007105713244527578,0.007105713244527578,0.0,3.447438955307007,9.999999747378752e-05,0.029999999329447746,0.029999999329447746,0.029999999329447746,0.0010000000474974513,0.0010000000474974513,0.07790886610746384,0.004564464092254639,0.0,0.0,0.0,0.0,-1.7329705953598022,-1.7329705953598022,1.0,-1.7329705953598022,0.0,-4.464266300201416,2.378798246383667,1.0,0.07790886610746384,1.0,0.0,0.0,0.07790886610746384,0.0,0.0,0.004564464092254639,0.0,0.2954355478286743,0.0910644605755806,0.07161491364240646,0.5854281783103943,0.5761593580245972,0.0,0.0,0.0,0.0,0.0,0.0,0.0,0.0,1.0,0.0,0.12155044823884964,0.3151206076145172,0.36102399230003357,0.024623973295092583,0.0,0.11558958888053894,0.11304192990064621,0.11304192990064621,0.1954842507839203,0.09816078096628189,3.2622640699919714e-10,0.0,0.0,4.0564703941345215,4.0564703941345215,2.335127830505371,2.335127830505371,0.8389327526092529,0.0,0.0,0.0,0.0,0.2954355478286743,0.1099277064204216,0.010522917844355106,0.759247362613678,0.5761593580245972,0.027098653838038445,2.321038246154785,2.338177442550659,2.335127830505371,2.3613789081573486,2.378798246383667,0.15193088352680206,0.06249489635229111,1.0,2.354274272918701,2.299851655960083,2.299858331680298,0.0,0.0,0.0,0.0,0.0,0.0,0.0,,,,,,,,,,,,,,,,,0.0005
28,9200,train,0.031552355736494064,0.11023227125406265,0.11391794681549072,0.0,0.006118487101048231,0.006118487101048231,0.0,3.437700033187866,9.999999747378752e-05,0.029999999329447746,0.029999999329447746,0.029999999329447746,0.0010000000474974513,0.0010000000474974513,0.07802490890026093,0.008899420499801636,0.0,0.0,0.0,0.0,-1.7012957334518433,-1.7012957334518433,1.0,-1.7012957334518433,0.0,-4.402253150939941,2.3191871643066406,1.0,0.07802490890026093,1.0,0.0,0.0,0.07802490890026093,0.0,0.0,0.008899420499801636,0.0,0.2911005914211273,0.0733480155467987,0.08459009975194931,0.5656992793083191,0.5766211152076721,0.0,0.0,0.0,0.0,0.0,0.0,0.0,0.0,1.0,0.0,0.12516947090625763,0.3072279989719391,0.38322365283966064,0.025292839854955673,0.0,0.11391794681549072,0.11023227125406265,0.11023227125406265,0.17707887291908264,0.10099849104881287,7.882322572427825e-11,0.0,0.0,4.049083709716797,4.049083709716797,2.4109368324279785,2.4109368324279785,0.7577754259109497,0.0,0.0,0.0,0.0,0.2911005914211273,0.10229029506444931,0.009663980454206467,0.7289411425590515,0.5766211152076721,0.018382353708148003,2.3649210929870605,2.4292585849761963,2.4109368324279785,2.228621006011963,2.3191871643066406,0.16466251015663147,0.06622765958309174,1.0,2.3404736518859863,2.2763469219207764,2.3054089546203613,0.0,0.0,0.0,0.0,0.0,0.0,0.0,,,,,,,,,,,,,,,,,0.0005
28,9220,train,0.0321727991104126,0.1154010146856308,0.11758653819561005,0.0,0.006391256116330624,0.006391256116330624,0.0,3.50044322013855,9.999999747378752e-05,0.029999999329447746,0.029999999329447746,0.029999999329447746,0.0010000000474974513,0.0010000000474974513,0.07232457399368286,0.002346426248550415,0.0,0.0,0.0,0.0,-1.789366364479065,-1.789366364479065,1.0,-1.789366364479065,0.0,-4.554345607757568,2.229660987854004,1.0,0.07232457399368286,1.0,0.0,0.0,0.07232457399368286,0.0,0.0,0.002346426248550415,0.0,0.2976536154747009,0.08983226120471954,0.0626835823059082,0.6021296977996826,0.5730680227279663,0.0,0.0,0.0,0.0,0.0,0.0,0.0,0.0,1.0,0.0,0.09453464299440384,0.28892460465431213,0.3360339105129242,0.02278909832239151,0.0,0.11758653819561005,0.1154010146856308,0.1154010146856308,0.17164602875709534,0.1097078025341034,-3.5110799684323624e-11,0.0,0.0,4.086730480194092,4.086729526519775,2.160339832305908,2.160339832305908,0.7439867258071899,0.0,0.0,0.0,0.0,0.29765358567237854,0.11856652796268463,0.009794747456908226,0.8578624725341797,0.5730680227279663,0.040900737047195435,2.1607985496520996,2.1630587577819824,2.160339832305908,2.2034075260162354,2.229660987854004,0.13442261517047882,0.05392608791589737,1.0,2.350382089614868,2.2836177349090576,2.2827630043029785,0.0,0.0,0.0,0.0,0.0,0.0,0.0,,,,,,,,,,,,,,,,,0.0005
28,9240,train,0.0353204645216465,0.11663125455379486,0.11896052956581116,0.0,0.005825070198625326,0.005825070198625326,0.0,3.419456720352173,9.999999747378752e-05,0.029999999329447746,0.029999999329447746,0.029999999329447746,0.0010000000474974513,0.0010000000474974513,0.07791879773139954,0.016427963972091675,0.0,0.0,0.0,0.0,-1.7618991136550903,-1.7618991136550903,1.0,-1.7618991136550903,0.0,-4.497167110443115,2.367156744003296,1.0,0.07791879773139954,1.0,0.0,0.0,0.07791879773139954,0.0,0.0,0.016427963972091675,0.0,0.31642797589302063,0.0864236056804657,0.10005658864974976,0.5774886608123779,0.5950874090194702,0.0,0.0,0.0,0.0,0.0,0.0,0.0,0.0,1.0,0.0,0.11654079705476761,0.2905753254890442,0.3622759282588959,0.025485791265964508,0.0,0.11896052956581116,0.11663125455379486,0.11663125455379486,0.1866341084241867,0.09278994053602219,-4.9092736820188776e-11,0.0,0.0,4.045304775238037,4.045304775238037,2.354933023452759,2.354933023452759,0.7991584539413452,0.0,0.0,0.0,0.0,0.31642797589302063,0.1095835268497467,0.02719712443649769,0.7883667945861816,0.5950874090194702,0.041191790252923965,2.3110883235931396,2.367542028427124,2.354933023452759,2.3614892959594727,2.367156744003296,0.14355440437793732,0.059025686234235764,1.0,2.253525972366333,2.243391752243042,2.174478530883789,0.0,0.0,0.0,0.0,0.0,0.0,0.0,,,,,,,,,,,,,,,,,0.0005
28,9260,train,0.030350251123309135,0.11052397638559341,0.11321792751550674,0.0,0.006567868869751692,0.006567868869751692,0.0,3.391127586364746,9.999999747378752e-05,0.029999999329447746,0.029999999329447746,0.029999999329447746,0.0010000000474974513,0.0010000000474974513,0.07462476193904877,0.005819648504257202,0.0,0.0,0.0,0.0,-1.7238985300064087,-1.7238985300064087,1.0,-1.7238985300064087,0.0,-4.441275119781494,2.375760793685913,1.0,0.07462476193904877,1.0,0.0,0.0,0.07462476193904877,0.0,0.0,0.005819648504257202,0.0,0.30581966042518616,0.10411272943019867,0.06836404651403427,0.7049547433853149,0.5800081491470337,0.0,0.0,0.0,0.0,0.0,0.0,0.0,0.0,1.0,0.0,0.10755747556686401,0.3006211221218109,0.3599938154220581,0.026000652462244034,0.0,0.11321792751550674,0.11052397638559341,0.11052397638559341,0.18555179238319397,0.09547869116067886,-1.6907647504282863e-10,0.0,0.0,3.9802520275115967,3.9802520275115967,2.3287274837493896,2.3287274837493896,0.7827231884002686,0.0,0.0,0.0,0.0,0.30581966042518616,0.12129990011453629,0.01671503856778145,0.8412209153175354,0.5800081491470337,0.062254905700683594,2.3019890785217285,2.3354151248931885,2.3287274837493896,2.3154678344726562,2.375760793685913,0.14926914870738983,0.06166361644864082,1.0,2.2294015884399414,2.2581377029418945,2.3349123001098633,0.0,0.0,0.0,0.0,0.0,0.0,0.0,,,,,,,,,,,,,,,,,0.0005
28,9280,train,0.03240037336945534,0.11118607968091965,0.11415572464466095,0.0,0.006023003254085779,0.006023003254085779,0.0,3.410658121109009,9.999999747378752e-05,0.029999999329447746,0.029999999329447746,0.029999999329447746,0.0010000000474974513,0.0010000000474974513,0.07738520205020905,0.00289347767829895,0.0,0.0,0.0,0.0,-1.7036482095718384,-1.7036482095718384,1.0,-1.7036482095718384,0.0,-4.404770851135254,2.4555349349975586,1.0,0.07738520205020905,1.0,0.0,0.0,0.07738520205020905,0.0,0.0,0.00289347767829895,0.0,0.3028934895992279,0.08962894976139069,0.08100909739732742,0.5910680890083313,0.5795659422874451,0.0,0.0,0.0,0.0,0.0,0.0,0.0,0.0,1.0,0.0,0.12324004620313644,0.3081149756908417,0.3752785325050354,0.02584545686841011,0.0,0.11415572464466095,0.11118607968091965,0.11118607968091965,0.19515173137187958,0.08808787912130356,1.0210426254486649e-10,0.0,0.0,4.02477502822876,4.02477502822876,2.413653612136841,2.413653612136841,0.8300263285636902,0.0,0.0,0.0,0.0,0.3028934895992279,0.11461951583623886,0.007240718230605125,0.7982702851295471,0.5795659422874451,0.034911155700683594,2.388279438018799,2.426147937774658,2.413653612136841,2.4238967895507812,2.4555349349975586,0.1565278023481369,0.06284070760011673,1.0,2.2612547874450684,2.298778533935547,2.307055950164795,0.0,0.0,0.0,0.0,0.0,0.0,0.0,,,,,,,,,,,,,,,,,0.0005
28,9300,train,0.04080386459827423,0.11879388242959976,0.1223907321691513,0.0,0.007084663026034832,0.007084663026034832,0.0,3.4811224937438965,9.999999747378752e-05,0.029999999329447746,0.029999999329447746,0.029999999329447746,0.0010000000474974513,0.0010000000474974513,0.07373028248548508,0.0032071173191070557,0.0,0.0,0.0,0.0,-1.7184292078018188,-1.7184292078018188,1.0,-1.7184292078018188,0.0,-4.419727802276611,2.351614236831665,1.0,0.07373028248548508,1.0,0.0,0.0,0.07373028248548508,0.0,0.0,0.0032071173191070557,0.0,0.303207129240036,0.09894324839115143,0.035688385367393494,0.6230534315109253,0.574352502822876,0.0,0.0,0.0,0.0,0.0,0.0,0.0,0.0,1.0,0.0,0.10451740026473999,0.3001560568809509,0.3574180006980896,0.02377539873123169,0.0,0.1223907321691513,0.11879388242959976,0.11879388242959976,0.19505153596401215,0.12146095186471939,2.3349472355604917e-10,0.0,0.0,4.058725833892822,4.058725833892822,2.2672975063323975,2.2672975063323975,0.8363668322563171,0.0,0.0,0.0,0.0,0.303207129240036,0.12323114275932312,0.004190010018646717,0.8088074326515198,0.574352502822876,0.041743263602256775,2.288579225540161,2.2684977054595947,2.2672975063323975,2.2892072200775146,2.351614236831665,0.15775984525680542,0.059488240629434586,1.0,2.2694997787475586,2.2638728618621826,2.309537410736084,0.0,0.0,0.0,0.0,0.0,0.0,0.0,,,,,,,,,,,,,,,,,0.0005
28,9320,train,0.035675112158060074,0.11710385978221893,0.11955726146697998,0.0,0.006921203341335058,0.006921203341335058,0.0,3.4677984714508057,9.999999747378752e-05,0.029999999329447746,0.029999999329447746,0.029999999329447746,0.0010000000474974513,0.0010000000474974513,0.07475869357585907,0.006702214479446411,0.0,0.0,0.0,0.0,-1.7662677764892578,-1.7662677764892578,1.0,-1.7662677764892578,0.0,-4.514648914337158,2.237685441970825,1.0,0.07475869357585907,1.0,0.0,0.0,0.07475869357585907,0.0,0.0,0.006702214479446411,0.0,0.30670222640037537,0.09828143566846848,0.03938039392232895,0.6488747596740723,0.5790162086486816,0.0,0.0,0.0,0.0,0.0,0.0,0.0,0.0,1.0,0.0,0.0986737608909607,0.29234036803245544,0.3448794484138489,0.02375621162354946,0.0,0.11955726146697998,0.11710385978221893,0.11710385978221893,0.1938105970621109,0.13589824736118317,1.1764322849217024e-10,0.0,0.0,4.183211326599121,4.183211326599121,2.2183234691619873,2.2183234691619873,0.856457531452179,0.0,0.0,0.0,0.0,0.30670222640037537,0.12075035274028778,0.003114910563454032,0.8017225861549377,0.5790162086486816,0.04572610557079315,2.213409900665283,2.2220065593719482,2.2183234691619873,2.2175076007843018,2.237685441970825,0.1407439261674881,0.056456342339515686,1.0,2.329838752746582,2.286303758621216,2.3026952743530273,0.0,0.0,0.0,0.0,0.0,0.0,0.0,,,,,,,,,,,,,,,,,0.0005
28,9340,train,0.03382951393723488,0.11429993063211441,0.11751256883144379,0.0,0.0068121301010251045,0.0068121301010251045,0.0,3.4820468425750732,9.999999747378752e-05,0.029999999329447746,0.029999999329447746,0.029999999329447746,0.0010000000474974513,0.0010000000474974513,0.07494869828224182,0.00029653310775756836,0.0,0.0,0.0,0.0,-1.743345856666565,-1.743345856666565,1.0,-1.743345856666565,0.0,-4.454649448394775,2.2852489948272705,1.0,0.07494869828224182,1.0,0.0,0.0,0.07494869828224182,0.0,0.0,0.00029653310775756836,0.0,0.3002965450286865,0.10595188289880753,0.044474996626377106,0.6684193015098572,0.5664175152778625,0.0,0.0,0.0,0.0,0.0,0.0,0.0,0.0,1.0,0.0,0.1055026575922966,0.2996594309806824,0.3537164032459259,0.02368776872754097,0.0,0.11751256883144379,0.11429993063211441,0.11429993063211441,0.18687885999679565,0.11853723227977753,1.2116542491558135e-10,0.0,0.0,4.104304790496826,4.104304313659668,2.257052421569824,2.257052421569824,0.8080279231071472,0.0,0.0,0.0,0.0,0.3002965450286865,0.130343496799469,0.0025220862589776516,0.8272203207015991,0.5664175152778625,0.05516238138079643,2.260568141937256,2.2618203163146973,2.257052421569824,2.235980272293091,2.2852489948272705,0.1485844999551773,0.05949607864022255,1.0,2.273416519165039,2.2428653240203857,2.3172483444213867,0.0,0.0,0.0,0.0,0.0,0.0,0.0,,,,,,,,,,,,,,,,,0.0005
28,9352,train_epoch,0.03414208319004692,0.11405550657275194,0.11696659670975394,0.0,0.006379859941637891,0.006379859941637891,0.0,3.441978376068755,9.999999747378752e-05,0.029999999329447746,0.029999999329447746,0.029999999329447746,0.0010000000474974513,0.0010000000474974513,0.07403027487104524,0.011967287984436857,0.0,0.0,0.0,0.0,-1.7321389353203915,-1.7321389353203915,1.0,-1.7321389353203915,0.0,-4.451818586109641,2.352834261819988,1.0,0.07403027487104524,1.0,0.0,0.0,0.07403027487104524,0.0,0.0,0.011967287984436857,0.0,0.29915441162215023,0.09352954965597855,0.06845592818373514,0.624632143688773,0.573463728149494,0.0,0.0,0.0,0.0,0.0,0.0,0.0,0.0,1.0,0.0,0.11000049082997317,0.29684996890450666,0.3614747072765213,0.024736127509417647,0.0,0.11696659670975394,0.11405550657275194,0.11405550657275194,0.18334763867412499,0.09738961534719624,-3.027843713160181e-12,0.0,0.0,4.023367630507418,4.02336762979359,2.318417559840722,2.318417559840722,0.7804060314229863,0.0,0.0,0.0,0.0,0.29915440653612513,0.11919636257037432,0.007869542269126796,0.811905501845354,0.573463728149494,0.045514625973977194,2.294558199579844,2.327580223540346,2.318417559840722,2.3112844036010927,2.352834261819988,0.15017893687336745,0.060858437233788525,1.0,2.306018503840098,2.3065514885736795,2.307229328298283,0.0,0.0,0.0,0.0,0.0,0.0,0.0,,,,,,,,,,,,,,,,,0.0005
28,9352,val,,,,,,,,,,,,,,,,,,,,,,,,,,,,,,,,,,,,,,,,,,,,,,,,,,,,,,,,,,,,,,,,,,,,,,,,,,,,,,,,,,,,,,,,,,,,,,,,,,,16.65647944029387,704.7570567775417,26.547260814960584,12.107453045544323,15.83644930521647,24.793334445540232,11.700230456687308,16.661489035632158,26.572728538448757,11.900694022307524,18.293422797778707,29.42928674503961,13.236197810989243,16.65647944029387,26.547260814960584,12.107453045544323,0.0005
29,9360,train,0.0331871323287487,0.11318346112966537,0.11641386896371841,0.0,0.006243657320737839,0.006243657320737839,0.0,3.457193374633789,9.999999747378752e-05,0.029999999329447746,0.029999999329447746,0.029999999329447746,0.0010000000474974513,0.0010000000474974513,0.07242976129055023,0.011191725730895996,0.0,0.0,0.0,0.0,-1.7315958738327026,-1.7315958738327026,1.0,-1.7315958738327026,0.0,-4.449016571044922,2.336583375930786,1.0,0.07242976129055023,1.0,0.0,0.0,0.07242976129055023,0.0,0.0,0.011191725730895996,0.0,0.31119176745414734,0.09541528671979904,0.08647450059652328,0.7154034376144409,0.5832896828651428,0.0,0.0,0.0,0.0,0.0,0.0,0.0,0.0,1.0,0.0,0.10908150672912598,0.3081134259700775,0.3523139953613281,0.024211516603827477,0.0,0.11641386896371841,0.11318346112966537,0.11318346112966537,0.18436577916145325,0.10854882746934891,-4.766284034118939e-10,0.0,0.0,3.9970028400421143,3.9970028400421143,2.257871627807617,2.257871627807617,0.7851293087005615,0.0,0.0,0.0,0.0,0.31119173765182495,0.12266477942466736,0.01155909150838852,0.8886576890945435,0.5832896828651428,0.06193321570754051,2.225846529006958,2.2691593170166016,2.257871627807617,2.3032522201538086,2.336583375930786,0.14504112303256989,0.057403240352869034,1.0,2.2218828201293945,2.2444496154785156,2.250255823135376,0.0,0.0,0.0,0.0,0.0,0.0,0.0,,,,,,,,,,,,,,,,,0.0005
29,9380,train,0.04059715196490288,0.11944208294153214,0.12253645062446594,0.0,0.0068159946240484715,0.0068159946240484715,0.0,3.4513494968414307,9.999999747378752e-05,0.029999999329447746,0.029999999329447746,0.029999999329447746,0.0010000000474974513,0.0010000000474974513,0.06864197552204132,0.0034897327423095703,0.0,0.0,0.0,0.0,-1.73289954662323,-1.73289954662323,1.0,-1.73289954662323,0.0,-4.475317001342773,2.3652210235595703,1.0,0.06864197552204132,1.0,0.0,0.0,0.06864197552204132,0.0,0.0,0.0034897327423095703,0.0,0.296510249376297,0.08980900049209595,0.08272503316402435,0.6052305102348328,0.5733977556228638,0.0,0.0,0.0,0.0,0.0,0.0,0.0,0.0,1.0,0.0,0.10404393821954727,0.30148595571517944,0.3578300476074219,0.024420080706477165,0.0,0.12253645062446594,0.11944208294153214,0.11944208294153214,0.1828591376543045,0.1015462800860405,5.569286698481335e-10,0.0,0.0,4.153838157653809,4.153838157653809,2.302300453186035,2.302300453186035,0.800645112991333,0.0,0.0,0.0,0.0,0.2965102791786194,0.11742400377988815,0.010549373924732208,0.844085693359375,0.5733977556228638,0.04765625298023224,2.2697978019714355,2.3150315284729004,2.302300453186035,2.365626096725464,2.3652210235595703,0.14851997792720795,0.057990096509456635,1.0,2.5137012004852295,2.389362335205078,2.356719970703125,0.0,0.0,0.0,0.0,0.0,0.0,0.0,,,,,,,,,,,,,,,,,0.0005
29,9400,train,0.03618276119232178,0.11553902924060822,0.11912831664085388,0.0,0.0068423268385231495,0.0068423268385231495,0.0,3.460293769836426,9.999999747378752e-05,0.029999999329447746,0.029999999329447746,0.029999999329447746,0.0010000000474974513,0.0010000000474974513,0.06515394151210785,0.016128629446029663,0.0,0.0,0.0,0.0,-1.7302418947219849,-1.7302418947219849,1.0,-1.7302418947219849,0.0,-4.450791835784912,2.319417953491211,1.0,0.06515394151210785,1.0,0.0,0.0,0.06515394151210785,0.0,0.0,0.016128629446029663,0.0,0.2838713824748993,0.0854523628950119,0.06129304692149162,0.6188194155693054,0.5611395239830017,0.0,0.0,0.0,0.0,0.0,0.0,0.0,0.0,1.0,0.0,0.10448499023914337,0.3062475919723511,0.3556402623653412,0.024370402097702026,0.0,0.11912831664085388,0.11553902924060822,0.11553902924060822,0.1873713582754135,0.10291323065757751,-2.4918008628693755e-11,0.0,0.0,4.012693405151367,4.012693405151367,2.2571005821228027,2.2571005821228027,0.7951932549476624,0.0,0.0,0.0,0.0,0.2838713824748993,0.11632175743579865,0.005676452536135912,0.8032568693161011,0.5611395239830017,0.02977941371500492,2.247204542160034,2.26288104057312,2.2571005821228027,2.2755894660949707,2.319417953491211,0.15417608618736267,0.060802116990089417,1.0,2.3029308319091797,2.3432836532592773,2.3547348976135254,0.0,0.0,0.0,0.0,0.0,0.0,0.0,,,,,,,,,,,,,,,,,0.0005
29,9420,train,0.03565181791782379,0.11828479915857315,0.12094392627477646,0.0,0.0058841221034526825,0.0058841221034526825,0.0,3.4587223529815674,9.999999747378752e-05,0.029999999329447746,0.029999999329447746,0.029999999329447746,0.0010000000474974513,0.0010000000474974513,0.07376447319984436,0.012780725955963135,0.0,0.0,0.0,0.0,-1.7905117273330688,-1.7905117273330688,1.0,-1.7905117273330688,0.0,-4.556488990783691,2.2553467750549316,1.0,0.07376447319984436,1.0,0.0,0.0,0.07376447319984436,0.0,0.0,0.012780725955963135,0.0,0.3127807676792145,0.08299385756254196,0.058366209268569946,0.5585569143295288,0.5924747586250305,0.0,0.0,0.0,0.0,0.0,0.0,0.0,0.0,1.0,0.0,0.0991726890206337,0.2842174768447876,0.3387172520160675,0.02379002422094345,0.0,0.12094392627477646,0.11828479915857315,0.11828479915857315,0.17399080097675323,0.11060173809528351,2.475420979308751e-10,0.0,0.0,4.005068778991699,4.005068778991699,2.199589967727661,2.199589967727661,0.739768385887146,0.0,0.0,0.0,0.0,0.3127807378768921,0.10806446522474289,0.006535003427416086,0.7483795881271362,0.5924747586250305,0.029871325939893723,2.173140287399292,2.2074215412139893,2.199589967727661,2.2434089183807373,2.2553467750549316,0.1309489607810974,0.05371331796050072,1.0,2.220371961593628,2.1619021892547607,2.16664457321167,0.0,0.0,0.0,0.0,0.0,0.0,0.0,,,,,,,,,,,,,,,,,0.0005
29,9440,train,0.043171364814043045,0.12275893241167068,0.125644251704216,0.0,0.006904575042426586,0.006904575042426586,0.0,3.4663608074188232,9.999999747378752e-05,0.029999999329447746,0.029999999329447746,0.029999999329447746,0.0010000000474974513,0.0010000000474974513,0.07080555707216263,0.005085557699203491,0.0,0.0,0.0,0.0,-1.7557679414749146,-1.7557679414749146,1.0,-1.7557679414749146,0.0,-4.510436058044434,2.239295482635498,1.0,0.07080555707216263,1.0,0.0,0.0,0.07080555707216263,0.0,0.0,0.005085557699203491,0.0,0.30508553981781006,0.09368254244327545,0.05643119663000107,0.6834148168563843,0.5762133598327637,0.0,0.0,0.0,0.0,0.0,0.0,0.0,0.0,1.0,0.0,0.0952187031507492,0.2961166501045227,0.3390527367591858,0.023548243567347527,0.0,0.125644251704216,0.12275893241167068,0.12275893241167068,0.18871691823005676,0.12887442111968994,8.326582479067923e-11,0.0,0.0,4.08375883102417,4.08375883102417,2.171900510787964,2.171900510787964,0.8171525001525879,0.0,0.0,0.0,0.0,0.30508556962013245,0.12619829177856445,0.01726234331727028,0.8771922588348389,0.5762133598327637,0.06727941334247589,2.1546943187713623,2.177304267883301,2.171900510787964,2.2098381519317627,2.239295482635498,0.13899347186088562,0.055042754858732224,1.0,2.386923313140869,2.316981792449951,2.3507556915283203,0.0,0.0,0.0,0.0,0.0,0.0,0.0,,,,,,,,,,,,,,,,,0.0005
29,9460,train,0.040331244468688965,0.12005030363798141,0.12372471392154694,0.0,0.0068170069716870785,0.0068170069716870785,0.0,3.45741605758667,9.999999747378752e-05,0.029999999329447746,0.029999999329447746,0.029999999329447746,0.0010000000474974513,0.0010000000474974513,0.07168202847242355,0.009007066488265991,0.0,0.0,0.0,0.0,-1.7515822649002075,-1.7515822649002075,1.0,-1.7515822649002075,0.0,-4.480136871337891,2.2899036407470703,1.0,0.07168202847242355,1.0,0.0,0.0,0.07168202847242355,0.0,0.0,0.009007066488265991,0.0,0.30900707840919495,0.09715493023395538,0.04752703011035919,0.6144406199455261,0.5808444619178772,0.0,0.0,0.0,0.0,0.0,0.0,0.0,0.0,1.0,0.0,0.0967169851064682,0.29802602529525757,0.3404979109764099,0.02393351122736931,0.0,0.12372471392154694,0.12005030363798141,0.12005030363798141,0.20460601150989532,0.14511843025684357,-6.594360613121353e-10,0.0,0.0,4.015103816986084,4.015103816986084,2.1834192276000977,2.1834192276000977,0.866288959980011,0.0,0.0,0.0,0.0,0.30900707840919495,0.12133415043354034,0.0013731230283156037,0.8163599371910095,0.5808444619178772,0.0483609102666378,2.173062324523926,2.188555955886841,2.1834192276000977,2.2700393199920654,2.2899036407470703,0.14049723744392395,0.05463676154613495,1.0,2.30942440032959,2.2898881435394287,2.3150415420532227,0.0,0.0,0.0,0.0,0.0,0.0,0.0,,,,,,,,,,,,,,,,,0.0005
29,9480,train,0.03939807787537575,0.11699327826499939,0.12072436511516571,0.0,0.006808726117014885,0.006808726117014885,0.0,3.459772825241089,9.999999747378752e-05,0.029999999329447746,0.029999999329447746,0.029999999329447746,0.0010000000474974513,0.0010000000474974513,0.07162626832723618,0.020184367895126343,0.0,0.0,0.0,0.0,-1.7063688039779663,-1.7063688039779663,1.0,-1.7063688039779663,0.0,-4.4151411056518555,2.376530170440674,1.0,0.07162626832723618,1.0,0.0,0.0,0.07162626832723618,0.0,0.0,0.020184367895126343,0.0,0.2798156440258026,0.09610141813755035,0.06003941595554352,0.6389893889427185,0.5548222064971924,0.0,0.0,0.0,0.0,0.0,0.0,0.0,0.0,1.0,0.0,0.10652386397123337,0.2992859482765198,0.367550790309906,0.024369873106479645,0.0,0.12072436511516571,0.11699327826499939,0.11699327826499939,0.18498475849628448,0.09179827570915222,2.9178062743717703e-10,0.0,0.0,4.046003341674805,4.046003341674805,2.332686185836792,2.332686185836792,0.7971835732460022,0.0,0.0,0.0,0.0,0.2798156440258026,0.12131741642951965,0.010553820058703423,0.7768155932426453,0.5548222064971924,0.04280024766921997,2.316507577896118,2.3417928218841553,2.332686185836792,2.3095011711120605,2.376530170440674,0.15847137570381165,0.06167677417397499,1.0,2.385897159576416,2.325913429260254,2.3742904663085938,0.0,0.0,0.0,0.0,0.0,0.0,0.0,,,,,,,,,,,,,,,,,0.0005
29,9500,train,0.031593602150678635,0.11361327022314072,0.11554308235645294,0.0,0.005446534603834152,0.005446534603834152,0.0,3.45625638961792,9.999999747378752e-05,0.029999999329447746,0.029999999329447746,0.029999999329447746,0.0010000000474974513,0.0010000000474974513,0.07729896157979965,0.020856261253356934,0.0,0.0,0.0,0.0,-1.762257695198059,-1.762257695198059,1.0,-1.762257695198059,0.0,-4.492788791656494,2.306983470916748,1.0,0.07729896157979965,1.0,0.0,0.0,0.07729896157979965,0.0,0.0,0.020856261253356934,0.0,0.3208562731742859,0.11140327155590057,0.08278319239616394,0.715847373008728,0.5853773951530457,0.0,0.0,0.0,0.0,0.0,0.0,0.0,0.0,1.0,0.0,0.11474329978227615,0.289423406124115,0.35936832427978516,0.02432153932750225,0.0,0.11554308235645294,0.11361327022314072,0.11361327022314072,0.17429733276367188,0.09292443096637726,7.238163401979136e-10,0.0,0.0,4.108556747436523,4.108556747436523,2.3203487396240234,2.3203487396240234,0.7623180150985718,0.0,0.0,0.0,0.0,0.3208562731742859,0.13309410214424133,0.004990824498236179,0.8469725251197815,0.5853773951530457,0.09522059559822083,2.2822890281677246,2.3323986530303955,2.3203487396240234,2.271939277648926,2.306983470916748,0.14445410668849945,0.05905089154839516,1.0,2.335277795791626,2.27952241897583,2.25174617767334,0.0,0.0,0.0,0.0,0.0,0.0,0.0,,,,,,,,,,,,,,,,,0.0005
29,9520,train,0.027451995760202408,0.10844600945711136,0.11126986145973206,0.0,0.006196944043040276,0.006196944043040276,0.0,3.483379364013672,9.999999747378752e-05,0.029999999329447746,0.029999999329447746,0.029999999329447746,0.0010000000474974513,0.0010000000474974513,0.07667915523052216,0.008904606103897095,0.0,0.0,0.0,0.0,-1.7311302423477173,-1.7311302423477173,1.0,-1.7311302423477173,0.0,-4.423562049865723,2.4501729011535645,1.0,0.07667915523052216,1.0,0.0,0.0,0.07667915523052216,0.0,0.0,0.008904606103897095,0.0,0.30890458822250366,0.10197751224040985,0.07069173455238342,0.6920409202575684,0.5808501243591309,0.0,0.0,0.0,0.0,0.0,0.0,0.0,0.0,1.0,0.0,0.10642440617084503,0.29545074701309204,0.36623117327690125,0.0237711314111948,0.0,0.11126986145973206,0.10844600945711136,0.10844600945711136,0.1898365020751953,0.07902837544679642,-4.989073737471372e-11,0.0,0.0,4.002349376678467,4.002349376678467,2.3594868183135986,2.3594868183135986,0.7968564629554749,0.0,0.0,0.0,0.0,0.30890461802482605,0.12336426228284836,0.009019844233989716,0.8779133558273315,0.5808501243591309,0.06277573853731155,2.3178141117095947,2.3752171993255615,2.3594868183135986,2.403484344482422,2.4501729011535645,0.15324124693870544,0.06067519634962082,1.0,2.3371946811676025,2.3725690841674805,2.333204746246338,0.0,0.0,0.0,0.0,0.0,0.0,0.0,,,,,,,,,,,,,,,,,0.0005
29,9540,train,0.03643811494112015,0.11616338044404984,0.11883608996868134,0.0,0.006627961061894894,0.006627961061894894,0.0,3.5197105407714844,9.999999747378752e-05,0.029999999329447746,0.029999999329447746,0.029999999329447746,0.0010000000474974513,0.0010000000474974513,0.069078728556633,0.020244479179382324,0.0,0.0,0.0,0.0,-1.7355437278747559,-1.7355437278747559,1.0,-1.7355437278747559,0.0,-4.458939075469971,2.2714953422546387,1.0,0.069078728556633,1.0,0.0,0.0,0.069078728556633,0.0,0.0,0.020244479179382324,0.0,0.3202444911003113,0.10787342488765717,0.09536576271057129,0.71236652135849,0.5850635170936584,0.0,0.0,0.0,0.0,0.0,0.0,0.0,0.0,1.0,0.0,0.10392575711011887,0.30563077330589294,0.3521520495414734,0.02246437966823578,0.0,0.11883608996868134,0.11616338044404984,0.11616338044404984,0.19648002088069916,0.1333489567041397,-2.682895572370114e-10,0.0,0.0,4.0675129890441895,4.0675129890441895,2.2394862174987793,2.2394862174987793,0.8395518064498901,0.0,0.0,0.0,0.0,0.3202444911003113,0.13125984370708466,0.006468354258686304,0.8490056395530701,0.5850635170936584,0.07833946496248245,2.2239725589752197,2.245227813720703,2.2394862174987793,2.225494861602783,2.2714953422546387,0.14887747168540955,0.05851998180150986,1.0,2.349729299545288,2.291470527648926,2.2839927673339844,0.0,0.0,0.0,0.0,0.0,0.0,0.0,,,,,,,,,,,,,,,,,0.0005
29,9560,train,0.0377327986061573,0.11626169830560684,0.11878771334886551,0.0,0.006538314279168844,0.006538314279168844,0.0,3.4674293994903564,9.999999747378752e-05,0.029999999329447746,0.029999999329447746,0.029999999329447746,0.0010000000474974513,0.0010000000474974513,0.0735175609588623,0.02173978090286255,0.0,0.0,0.0,0.0,-1.7154098749160767,-1.7154098749160767,1.0,-1.7154098749160767,0.0,-4.413845539093018,2.392913341522217,1.0,0.0735175609588623,1.0,0.0,0.0,0.0735175609588623,0.0,0.0,0.02173978090286255,0.0,0.3217397928237915,0.10657548904418945,0.07667537778615952,0.7218846082687378,0.5884029865264893,0.0,0.0,0.0,0.0,0.0,0.0,0.0,0.0,1.0,0.0,0.10913289338350296,0.304195374250412,0.36615049839019775,0.024002129212021828,0.0,0.11878771334886551,0.11626169830560684,0.11626169830560684,0.18703538179397583,0.11684506386518478,1.6062194976851352e-11,0.0,0.0,3.9835715293884277,3.9835715293884277,2.3357694149017334,2.3357694149017334,0.7935616374015808,0.0,0.0,0.0,0.0,0.3217397928237915,0.12938153743743896,0.018700987100601196,0.8911817073822021,0.5884029865264893,0.0837622582912445,2.2940454483032227,2.3513576984405518,2.3357694149017334,2.308990955352783,2.392913341522217,0.1500166356563568,0.060310784727334976,1.0,2.202836036682129,2.2317588329315186,2.2716269493103027,0.0,0.0,0.0,0.0,0.0,0.0,0.0,,,,,,,,,,,,,,,,,0.0005
29,9580,train,0.03581663593649864,0.11725042015314102,0.11941424757242203,0.0,0.005980795715004206,0.005980795715004206,0.0,3.4116933345794678,9.999999747378752e-05,0.029999999329447746,0.029999999329447746,0.029999999329447746,0.0010000000474974513,0.0010000000474974513,0.07428088784217834,0.024094313383102417,0.0,0.0,0.0,0.0,-1.7655932903289795,-1.7655932903289795,1.0,-1.7655932903289795,0.0,-4.510430812835693,2.2611889839172363,1.0,0.07428088784217834,1.0,0.0,0.0,0.07428088784217834,0.0,0.0,0.024094313383102417,0.0,0.32409435510635376,0.11014064401388168,0.0811387374997139,0.6888078451156616,0.5866758227348328,0.0,0.0,0.0,0.0,0.0,0.0,0.0,0.0,1.0,0.0,0.10862782597541809,0.2859414517879486,0.3523648679256439,0.02525157295167446,0.0,0.11941424757242203,0.11725042015314102,0.11725042015314102,0.1858828216791153,0.11428898572921753,-1.4667006498214619e-10,0.0,0.0,4.0801520347595215,4.0801520347595215,2.2650129795074463,2.2650129795074463,0.8052195906639099,0.0,0.0,0.0,0.0,0.32409432530403137,0.13426420092582703,0.003106427611783147,0.8769102692604065,0.5866758227348328,0.09986213594675064,2.2563140392303467,2.267169237136841,2.2650129795074463,2.2446553707122803,2.2611889839172363,0.1439475417137146,0.057949528098106384,1.0,2.3069069385528564,2.3217697143554688,2.2835655212402344,0.0,0.0,0.0,0.0,0.0,0.0,0.0,,,,,,,,,,,,,,,,,0.0005
29,9600,train,0.030865535140037537,0.11128101497888565,0.11332958936691284,0.0,0.005957784131169319,0.005957784131169319,0.0,3.438511610031128,9.999999747378752e-05,0.029999999329447746,0.029999999329447746,0.029999999329447746,0.0010000000474974513,0.0010000000474974513,0.0735977292060852,0.024678677320480347,0.0,0.0,0.0,0.0,-1.7283709049224854,-1.7283709049224854,1.0,-1.7283709049224854,0.0,-4.445770263671875,2.3695080280303955,1.0,0.0735977292060852,1.0,0.0,0.0,0.0735977292060852,0.0,0.0,0.024678677320480347,0.0,0.2753213346004486,0.08811226487159729,0.07171258330345154,0.5250551104545593,0.5562118291854858,0.0,0.0,0.0,0.0,0.0,0.0,0.0,0.0,1.0,0.0,0.11076884716749191,0.30633530020713806,0.3620672821998596,0.02470025233924389,0.0,0.11332958936691284,0.11128101497888565,0.11128101497888565,0.1821216195821762,0.09011583030223846,1.7280961384091853e-10,0.0,0.0,3.9511523246765137,3.9511523246765137,2.3343052864074707,2.3343052864074707,0.7715272307395935,0.0,0.0,0.0,0.0,0.2753213346004486,0.10993511974811554,0.004218108486384153,0.7451358437538147,0.5562118291854858,0.018826594576239586,2.298720121383667,2.3449783325195312,2.3343052864074707,2.3400495052337646,2.3695080280303955,0.14954371750354767,0.061560653150081635,1.0,2.2108302116394043,2.2287139892578125,2.268402099609375,0.0,0.0,0.0,0.0,0.0,0.0,0.0,,,,,,,,,,,,,,,,,0.0005
29,9620,train,0.0335334874689579,0.1146724596619606,0.11737700551748276,0.0,0.0064743938855826855,0.0064743938855826855,0.0,3.46209716796875,9.999999747378752e-05,0.029999999329447746,0.029999999329447746,0.029999999329447746,0.0010000000474974513,0.0010000000474974513,0.07468648254871368,0.015926271677017212,0.0,0.0,0.0,0.0,-1.754090428352356,-1.754090428352356,1.0,-1.754090428352356,0.0,-4.488072395324707,2.2719638347625732,1.0,0.07468648254871368,1.0,0.0,0.0,0.07468648254871368,0.0,0.0,0.015926271677017212,0.0,0.28407374024391174,0.0860104188323021,0.04877181351184845,0.5867570638656616,0.5656965970993042,0.0,0.0,0.0,0.0,0.0,0.0,0.0,0.0,1.0,0.0,0.11325186491012573,0.3079228699207306,0.3552993834018707,0.024006497114896774,0.0,0.11737700551748276,0.1146724596619606,0.1146724596619606,0.1834491491317749,0.10977762937545776,1.0482737594630365e-10,0.0,0.0,4.057260990142822,4.057260990142822,2.287937879562378,2.287937879562378,0.784977376461029,0.0,0.0,0.0,0.0,0.28407374024391174,0.10919151455163956,0.0010085308458656073,0.7633206248283386,0.5656965970993042,0.024724265560507774,2.2589633464813232,2.297879695892334,2.287937879562378,2.2306325435638428,2.2719638347625732,0.14376932382583618,0.06010543555021286,1.0,2.3174455165863037,2.282466411590576,2.2616796493530273,0.0,0.0,0.0,0.0,0.0,0.0,0.0,,,,,,,,,,,,,,,,,0.0005
29,9640,train,0.033978357911109924,0.11488848179578781,0.11728212237358093,0.0,0.006326358765363693,0.006326358765363693,0.0,3.5128655433654785,9.999999747378752e-05,0.029999999329447746,0.029999999329447746,0.029999999329447746,0.0010000000474974513,0.0010000000474974513,0.08314844220876694,0.007281243801116943,0.0,0.0,0.0,0.0,-1.7499678134918213,-1.7499678134918213,1.0,-1.7499678134918213,0.0,-4.487456321716309,2.3443331718444824,1.0,0.08314844220876694,1.0,0.0,0.0,0.08314844220876694,0.0,0.0,0.007281243801116943,0.0,0.292718768119812,0.08137962222099304,0.08352428674697876,0.5812034010887146,0.5753516554832458,0.0,0.0,0.0,0.0,0.0,0.0,0.0,0.0,1.0,0.0,0.11311636865139008,0.3071840703487396,0.35716333985328674,0.022818587720394135,0.0,0.11728212237358093,0.11488848179578781,0.11488848179578781,0.1880938559770584,0.09403211623430252,5.270564540360567e-10,0.0,0.0,4.031374931335449,4.031374931335449,2.315861225128174,2.315861225128174,0.8030610084533691,0.0,0.0,0.0,0.0,0.292718768119812,0.10750369727611542,0.004398559220135212,0.7806175351142883,0.5753516554832458,0.02876838482916355,2.2643773555755615,2.330897569656372,2.315861225128174,2.315068244934082,2.3443331718444824,0.14370444416999817,0.05992918834090233,1.0,2.3508071899414062,2.290393352508545,2.3020095825195312,0.0,0.0,0.0,0.0,0.0,0.0,0.0,,,,,,,,,,,,,,,,,0.0005
29,9660,train,0.037052322179079056,0.11791843920946121,0.11902951449155807,0.0,0.007471023593097925,0.007471023593097925,0.0,3.5373823642730713,9.999999747378752e-05,0.029999999329447746,0.029999999329447746,0.029999999329447746,0.0010000000474974513,0.0010000000474974513,0.0748489499092102,0.0024723410606384277,0.0,0.0,0.0,0.0,-1.7554537057876587,-1.7554537057876587,1.0,-1.7554537057876587,0.0,-4.499546527862549,2.2999608516693115,1.0,0.0748489499092102,1.0,0.0,0.0,0.0748489499092102,0.0,0.0,0.0024723410606384277,0.0,0.2975276708602905,0.08619123697280884,0.06709147244691849,0.6208924651145935,0.5768987536430359,0.0,0.0,0.0,0.0,0.0,0.0,0.0,0.0,1.0,0.0,0.10473811626434326,0.3020530343055725,0.3523441255092621,0.02228025533258915,0.0,0.11902951449155807,0.11791843920946121,0.11791843920946121,0.2096712738275528,0.1387285441160202,1.4400927672575392e-10,0.0,0.0,4.045140266418457,4.045140266418457,2.2658755779266357,2.2658755779266357,0.902313768863678,0.0,0.0,0.0,0.0,0.2975276708602905,0.11231398582458496,0.00983975175768137,0.8477340340614319,0.5768987536430359,0.034191180020570755,2.25242018699646,2.273165225982666,2.2658755779266357,2.2782256603240967,2.2999608516693115,0.14788080751895905,0.05839698389172554,1.0,2.285614013671875,2.2834572792053223,2.2245585918426514,0.0,0.0,0.0,0.0,0.0,0.0,0.0,,,,,,,,,,,,,,,,,0.0005
29,9680,train,0.03111143968999386,0.11034554243087769,0.1132737249135971,0.0,0.007153430487960577,0.007153430487960577,0.0,3.4435555934906006,9.999999747378752e-05,0.029999999329447746,0.029999999329447746,0.029999999329447746,0.0010000000474974513,0.0010000000474974513,0.06134570389986038,0.008455514907836914,0.0,0.0,0.0,0.0,-1.7086267471313477,-1.7086267471313477,1.0,-1.7086267471313477,0.0,-4.426318168640137,2.3482203483581543,1.0,0.06134570389986038,1.0,0.0,0.0,0.06134570389986038,0.0,0.0,0.008455514907836914,0.0,0.30845552682876587,0.12061110883951187,0.06407055258750916,0.7163674831390381,0.5679519176483154,0.0,0.0,0.0,0.0,0.0,0.0,0.0,0.0,1.0,0.0,0.09551683068275452,0.3047060966491699,0.36162158846855164,0.02481040358543396,0.0,0.1132737249135971,0.11034554243087769,0.11034554243087769,0.17173242568969727,0.07822567224502563,3.3574495961197215e-10,0.0,0.0,4.061765193939209,4.061765193939209,2.3047919273376465,2.3047919273376465,0.7361193895339966,0.0,0.0,0.0,0.0,0.30845552682876587,0.14292076230049133,0.003754365025088191,0.8510560989379883,0.5679519176483154,0.10284926742315292,2.2755908966064453,2.319387197494507,2.3047919273376465,2.3327677249908447,2.3482203483581543,0.1488918960094452,0.060772087424993515,1.0,2.4790706634521484,2.4167652130126953,2.434030771255493,0.0,0.0,0.0,0.0,0.0,0.0,0.0,,,,,,,,,,,,,,,,,0.0005
29,9686,train_epoch,0.033593159860479616,0.11383722124699347,0.11668305968988442,0.0,0.006450024525450911,0.006450024525450911,0.0,3.4634511513624364,9.999999747378752e-05,0.029999999329447746,0.029999999329447746,0.029999999329447746,0.0010000000474974513,0.0010000000474974513,0.07257164197187581,0.011551582706188727,0.0,0.0,0.0,0.0,-1.7367440779765924,-1.7367440779765924,1.0,-1.7367440779765924,0.0,-4.460942826585142,2.3351474357936195,1.0,0.07257164197187581,1.0,0.0,0.0,0.07257164197187581,0.0,0.0,0.011551582706188727,0.0,0.3016532627408376,0.09656574445481073,0.06895132752659613,0.6441771475497834,0.5745283308143387,0.0,0.0,0.0,0.0,0.0,0.0,0.0,0.0,1.0,0.0,0.1071785190505182,0.2988564627256222,0.35879491305279876,0.024125380296550113,0.0,0.11668305968988442,0.11383722124699347,0.11383722124699347,0.1859510094373526,0.10314076235462091,1.0932429208469006e-12,0.0,0.0,4.0256403727445775,4.02564037559989,2.303732129628073,2.303732129628073,0.793022202160544,0.0,0.0,0.0,0.0,0.3016532584578691,0.12154810070366917,0.00818257437427082,0.8314684761498503,0.5745283308143387,0.052007752225293725,2.2796819595519655,2.3125972490824624,2.303732129628073,2.296162082049661,2.3351474357936195,0.14902505622117104,0.05989103909291907,1.0,2.297999653987542,2.298121911322999,2.2982088148950814,0.0,0.0,0.0,0.0,0.0,0.0,0.0,,,,,,,,,,,,,,,,,0.0005
29,9686,val,,,,,,,,,,,,,,,,,,,,,,,,,,,,,,,,,,,,,,,,,,,,,,,,,,,,,,,,,,,,,,,,,,,,,,,,,,,,,,,,,,,,,,,,,,,,,,,,,,,16.66506885408281,703.5846574113176,26.525170261683858,13.121608970401523,15.603255533957267,24.465939540196437,12.554378810229602,16.611034500706303,26.467845433101598,13.224021696829581,18.43746449496295,29.628243100809346,13.801228841145834,16.66506885408281,26.525170261683858,13.121608970401523,0.0005
30,9700,train,0.03669505566358566,0.11582266539335251,0.1178438737988472,0.0,0.007133623119443655,0.007133623119443655,0.0,3.456183433532715,9.999999747378752e-05,0.029999999329447746,0.029999999329447746,0.029999999329447746,0.0010000000474974513,0.0010000000474974513,0.06449475139379501,0.012684851884841919,0.0,0.0,0.0,0.0,-1.7222198247909546,-1.7222198247909546,1.0,-1.7222198247909546,0.0,-4.450866222381592,2.3464596271514893,1.0,0.06449475139379501,1.0,0.0,0.0,0.06449475139379501,0.0,0.0,0.012684851884841919,0.0,0.2873151898384094,0.09665533155202866,0.08491873741149902,0.7275832891464233,0.5599440932273865,0.0,0.0,0.0,0.0,0.0,0.0,0.0,0.0,1.0,0.0,0.0963343158364296,0.30259355902671814,0.3643372654914856,0.024492209777235985,0.0,0.1178438737988472,0.11582266539335251,0.11582266539335251,0.18275465071201324,0.08357653766870499,3.351063870837834e-10,0.0,0.0,4.037900447845459,4.037899971008301,2.326232671737671,2.326232671737671,0.7649702429771423,0.0,0.0,0.0,0.0,0.28731516003608704,0.126262828707695,0.008607803843915462,0.8750074505805969,0.5599440932273865,0.05770527198910713,2.2781853675842285,2.344123363494873,2.326232671737671,2.2916269302368164,2.3464596271514893,0.1504225879907608,0.0601554773747921,1.0,2.339087963104248,2.3884239196777344,2.3422369956970215,0.0,0.0,0.0,0.0,0.0,0.0,0.0,,,,,,,,,,,,,,,,,0.0005
30,9720,train,0.03485848754644394,0.11671999096870422,0.11937899887561798,0.0,0.006415606010705233,0.006415606010705233,0.0,3.4349734783172607,9.999999747378752e-05,0.029999999329447746,0.029999999329447746,0.029999999329447746,0.0010000000474974513,0.0010000000474974513,0.06716752797365189,0.006558477878570557,0.0,0.0,0.0,0.0,-1.7724500894546509,-1.7724500894546509,1.0,-1.7724500894546509,0.0,-4.544179439544678,2.2249135971069336,1.0,0.06716752797365189,1.0,0.0,0.0,0.06716752797365189,0.0,0.0,0.006558477878570557,0.0,0.3065584897994995,0.10023470968008041,0.07556577026844025,0.6686805486679077,0.5796115398406982,0.0,0.0,0.0,0.0,0.0,0.0,0.0,0.0,1.0,0.0,0.08985523879528046,0.29245102405548096,0.33662673830986023,0.024385888129472733,0.0,0.11937899887561798,0.11671999096870422,0.11671999096870422,0.17827220261096954,0.11131048947572708,3.5113304625022934e-11,0.0,0.0,4.020559787750244,4.020559787750244,2.1673483848571777,2.1673483848571777,0.7618227005004883,0.0,0.0,0.0,0.0,0.3065584897994995,0.1217133179306984,0.0018790281610563397,0.8801411986351013,0.5796115398406982,0.05696997791528702,2.145815849304199,2.1742305755615234,2.1673483848571777,2.2101175785064697,2.2249135971069336,0.13527247309684753,0.053592078387737274,1.0,2.2611212730407715,2.284445285797119,2.2854976654052734,0.0,0.0,0.0,0.0,0.0,0.0,0.0,,,,,,,,,,,,,,,,,0.0005
30,9740,train,0.03414556011557579,0.11474036425352097,0.11672418564558029,0.0,0.0063852425664663315,0.0063852425664663315,0.0,3.485903263092041,9.999999747378752e-05,0.029999999329447746,0.029999999329447746,0.029999999329447746,0.0010000000474974513,0.0010000000474974513,0.06865948438644409,0.020852208137512207,0.0,0.0,0.0,0.0,-1.7428216934204102,-1.7428216934204102,1.0,-1.7428216934204102,0.0,-4.4659929275512695,2.306940793991089,1.0,0.06865948438644409,1.0,0.0,0.0,0.06865948438644409,0.0,0.0,0.020852208137512207,0.0,0.3208521902561188,0.09644123166799545,0.06987129896879196,0.6938568949699402,0.5916659832000732,0.0,0.0,0.0,0.0,0.0,0.0,0.0,0.0,1.0,0.0,0.10353345423936844,0.30734074115753174,0.3503522276878357,0.023379161953926086,0.0,0.11672418564558029,0.11474036425352097,0.11474036425352097,0.19701841473579407,0.11543173342943192,1.679437283685914e-10,0.0,0.0,3.9816014766693115,3.9816019535064697,2.253173589706421,2.253173589706421,0.8232970237731934,0.0,0.0,0.0,0.0,0.32085222005844116,0.12226317822933197,0.014711524359881878,0.8515421152114868,0.5916659832000732,0.06986826658248901,2.226191997528076,2.2625155448913574,2.253173589706421,2.2873597145080566,2.306940793991089,0.14503628015518188,0.05751030519604683,1.0,2.28460693359375,2.2740097045898438,2.2475640773773193,0.0,0.0,0.0,0.0,0.0,0.0,0.0,,,,,,,,,,,,,,,,,0.0005
30,9760,train,0.021336795762181282,0.10290501266717911,0.1054534912109375,0.0,0.00629363814368844,0.00629363814368844,0.0,3.448596715927124,9.999999747378752e-05,0.029999999329447746,0.029999999329447746,0.029999999329447746,0.0010000000474974513,0.0010000000474974513,0.07055526971817017,0.01877307891845703,0.0,0.0,0.0,0.0,-1.7213653326034546,-1.7213653326034546,1.0,-1.7213653326034546,0.0,-4.427150726318359,2.376826524734497,1.0,0.07055526971817017,1.0,0.0,0.0,0.07055526971817017,0.0,0.0,0.01877307891845703,0.0,0.2812269330024719,0.0951499417424202,0.06624804437160492,0.6513773202896118,0.5583277344703674,0.0,0.0,0.0,0.0,0.0,0.0,0.0,0.0,1.0,0.0,0.11057429760694504,0.3036097586154938,0.3661321997642517,0.0246859360486269,0.0,0.1054534912109375,0.10290501266717911,0.10290501266717911,0.17856167256832123,0.08738816529512405,8.761295855475026e-11,0.0,0.0,3.9925477504730225,3.9925477504730225,2.3575096130371094,2.3575096130371094,0.7543638348579407,0.0,0.0,0.0,0.0,0.2812269330024719,0.11774522811174393,0.01314392127096653,0.8202375769615173,0.5583277344703674,0.036473654210567474,2.3396530151367188,2.363511323928833,2.3575096130371094,2.3109614849090576,2.376826524734497,0.1526154726743698,0.06387839466333389,1.0,2.357098340988159,2.3249688148498535,2.2987499237060547,0.0,0.0,0.0,0.0,0.0,0.0,0.0,,,,,,,,,,,,,,,,,0.0005
30,9780,train,0.035698842257261276,0.11757542192935944,0.12056631594896317,0.0,0.006831727456301451,0.006831727456301451,0.0,3.50986385345459,9.999999747378752e-05,0.029999999329447746,0.029999999329447746,0.029999999329447746,0.0010000000474974513,0.0010000000474974513,0.07501284033060074,0.0004978477954864502,0.0,0.0,0.0,0.0,-1.7770216464996338,-1.7770216464996338,1.0,-1.7770216464996338,0.0,-4.530879020690918,2.2125613689422607,1.0,0.07501284033060074,1.0,0.0,0.0,0.07501284033060074,0.0,0.0,0.0004978477954864502,0.0,0.2995021939277649,0.09836040437221527,0.03137430176138878,0.6753411293029785,0.5734619498252869,0.0,0.0,0.0,0.0,0.0,0.0,0.0,0.0,1.0,0.0,0.09899330139160156,0.29655390977859497,0.3422200679779053,0.022866811603307724,0.0,0.12056631594896317,0.11757542192935944,0.11757542192935944,0.19805140793323517,0.12961113452911377,9.719268723173968e-10,0.0,0.0,4.088897228240967,4.088897228240967,2.2088818550109863,2.2088818550109863,0.8613879084587097,0.0,0.0,0.0,0.0,0.2995021641254425,0.1201123520731926,0.0026884647086262703,0.839051365852356,0.5734619498252869,0.04396446421742439,2.209853172302246,2.2082107067108154,2.2088818550109863,2.1983940601348877,2.2125613689422607,0.14146804809570312,0.05615948140621185,1.0,2.254906177520752,2.310744047164917,2.2962474822998047,0.0,0.0,0.0,0.0,0.0,0.0,0.0,,,,,,,,,,,,,,,,,0.0005
30,9800,train,0.030294381082057953,0.11131076514720917,0.11379102617502213,0.0,0.006700553465634584,0.006700553465634584,0.0,3.474184989929199,9.999999747378752e-05,0.029999999329447746,0.029999999329447746,0.029999999329447746,0.0010000000474974513,0.0010000000474974513,0.0795200765132904,0.0018644630908966064,0.0,0.0,0.0,0.0,-1.7400734424591064,-1.7400734424591064,1.0,-1.7400734424591064,0.0,-4.467031478881836,2.33807373046875,1.0,0.0795200765132904,1.0,0.0,0.0,0.0795200765132904,0.0,0.0,0.0018644630908966064,0.0,0.30186447501182556,0.08656375110149384,0.09113848209381104,0.6313740611076355,0.5827885270118713,0.0,0.0,0.0,0.0,0.0,0.0,0.0,0.0,1.0,0.0,0.11759211122989655,0.3109996020793915,0.36545443534851074,0.02425757236778736,0.0,0.11379102617502213,0.11131076514720917,0.11131076514720917,0.19371847808361053,0.09929871559143066,3.294177985946334e-10,0.0,0.0,4.046774864196777,4.046774864196777,2.358738422393799,2.358738422393799,0.8290824890136719,0.0,0.0,0.0,0.0,0.30186447501182556,0.1093442514538765,0.012333044782280922,0.7998344898223877,0.5827885270118713,0.03206188976764679,2.32403826713562,2.3702762126922607,2.358738422393799,2.2899718284606934,2.33807373046875,0.1514025181531906,0.06192558631300926,1.0,2.193678379058838,2.2566370964050293,2.263763904571533,0.0,0.0,0.0,0.0,0.0,0.0,0.0,,,,,,,,,,,,,,,,,0.0005
30,9820,train,0.026501663029193878,0.10359109938144684,0.10784632712602615,0.0,0.0061600422486662865,0.0061600422486662865,0.0,3.4351377487182617,9.999999747378752e-05,0.029999999329447746,0.029999999329447746,0.029999999329447746,0.0010000000474974513,0.0010000000474974513,0.0647449940443039,0.005361706018447876,0.0,0.0,0.0,0.0,-1.6542854309082031,-1.6542854309082031,1.0,-1.6542854309082031,0.0,-4.321060657501221,2.520965099334717,1.0,0.0647449940443039,1.0,0.0,0.0,0.0647449940443039,0.0,0.0,0.005361706018447876,0.0,0.2946382761001587,0.10256078839302063,0.058771684765815735,0.6550023555755615,0.5643097758293152,0.0,0.0,0.0,0.0,0.0,0.0,0.0,0.0,1.0,0.0,0.11711501330137253,0.30746930837631226,0.39383992552757263,0.02584628202021122,0.0,0.10784632712602615,0.10359109938144684,0.10359109938144684,0.18444380164146423,0.06001259386539459,2.6896176952284634e-10,0.0,0.0,3.8658225536346436,3.8658225536346436,2.5144331455230713,2.5144331455230713,0.74636310338974,0.0,0.0,0.0,0.0,0.2946383059024811,0.1290210336446762,0.0043964083306491375,0.8283559083938599,0.5643097758293152,0.060523901134729385,2.4695210456848145,2.5309839248657227,2.5144331455230713,2.4670445919036865,2.520965099334717,0.17355896532535553,0.06883786618709564,1.0,2.3303654193878174,2.3714823722839355,2.3567216396331787,0.0,0.0,0.0,0.0,0.0,0.0,0.0,,,,,,,,,,,,,,,,,0.0005
30,9840,train,0.03245691582560539,0.1124906986951828,0.11520151048898697,0.0,0.006724606733769178,0.006724606733769178,0.0,3.408210039138794,9.999999747378752e-05,0.029999999329447746,0.029999999329447746,0.029999999329447746,0.0010000000474974513,0.0010000000474974513,0.070955291390419,0.013027697801589966,0.0,0.0,0.0,0.0,-1.7283438444137573,-1.7283438444137573,1.0,-1.7283438444137573,0.0,-4.4525299072265625,2.307163953781128,1.0,0.070955291390419,1.0,0.0,0.0,0.070955291390419,0.0,0.0,0.013027697801589966,0.0,0.286972314119339,0.10974142700433731,0.037085894495248795,0.7368139624595642,0.5536893010139465,0.0,0.0,0.0,0.0,0.0,0.0,0.0,0.0,1.0,0.0,0.09823429584503174,0.2999846041202545,0.3541783392429352,0.02583136223256588,0.0,0.11520151048898697,0.1124906986951828,0.1124906986951828,0.1884978860616684,0.10810632258653641,-8.704610643395227e-11,0.0,0.0,4.010046005249023,4.010046005249023,2.2705883979797363,2.2705883979797363,0.7989629507064819,0.0,0.0,0.0,0.0,0.286972314119339,0.13287776708602905,0.0031636010389775038,0.9375386238098145,0.5536893010139465,0.04944853112101555,2.236469268798828,2.279646873474121,2.2705883979797363,2.2601475715637207,2.307163953781128,0.14460362493991852,0.05846168473362923,1.0,2.316561698913574,2.2945058345794678,2.3069005012512207,0.0,0.0,0.0,0.0,0.0,0.0,0.0,,,,,,,,,,,,,,,,,0.0005
30,9860,train,0.026099175214767456,0.10787549614906311,0.11071554571390152,0.0,0.006322663277387619,0.006322663277387619,0.0,3.4347026348114014,9.999999747378752e-05,0.029999999329447746,0.029999999329447746,0.029999999329447746,0.0010000000474974513,0.0010000000474974513,0.0768083781003952,0.009705930948257446,0.0,0.0,0.0,0.0,-1.7423182725906372,-1.7423182725906372,1.0,-1.7423182725906372,0.0,-4.452557563781738,2.360715627670288,1.0,0.0768083781003952,1.0,0.0,0.0,0.0768083781003952,0.0,0.0,0.009705930948257446,0.0,0.2902940809726715,0.10948497802019119,0.06549230217933655,0.6932096481323242,0.561395525932312,0.0,0.0,0.0,0.0,0.0,0.0,0.0,0.0,1.0,0.0,0.10357137024402618,0.301312655210495,0.3567037582397461,0.025062013417482376,0.0,0.11071554571390152,0.10787549614906311,0.10787549614906311,0.18150708079338074,0.09365730732679367,4.047865098666392e-10,0.0,0.0,4.030675888061523,4.030675411224365,2.3065409660339355,2.3065409660339355,0.7813547849655151,0.0,0.0,0.0,0.0,0.2902940809726715,0.12719160318374634,0.014399521052837372,0.8473070859909058,0.561395525932312,0.05436581373214722,2.2584125995635986,2.3181874752044678,2.3065409660339355,2.2991809844970703,2.360715627670288,0.14801132678985596,0.05905557796359062,1.0,2.2728211879730225,2.238398313522339,2.254683256149292,0.0,0.0,0.0,0.0,0.0,0.0,0.0,,,,,,,,,,,,,,,,,0.0005
30,9880,train,0.03281569480895996,0.1148499846458435,0.11691782623529434,0.0,0.005904200486838818,0.005904200486838818,0.0,3.4580066204071045,9.999999747378752e-05,0.029999999329447746,0.029999999329447746,0.029999999329447746,0.0010000000474974513,0.0010000000474974513,0.07974439859390259,0.01888379454612732,0.0,0.0,0.0,0.0,-1.76732337474823,-1.76732337474823,1.0,-1.76732337474823,0.0,-4.5013580322265625,2.3389244079589844,1.0,0.07974439859390259,1.0,0.0,0.0,0.07974439859390259,0.0,0.0,0.01888379454612732,0.0,0.3188838064670563,0.09350768476724625,0.09234073013067245,0.7033111453056335,0.5926413536071777,0.0,0.0,0.0,0.0,0.0,0.0,0.0,0.0,1.0,0.0,0.11056264489889145,0.2877776026725769,0.35437560081481934,0.024200769141316414,0.0,0.11691782623529434,0.1148499846458435,0.1148499846458435,0.19554664194583893,0.1113426461815834,4.043987922308645e-10,0.0,0.0,4.024543285369873,4.024543285369873,2.3120839595794678,2.3120839595794678,0.8377178311347961,0.0,0.0,0.0,0.0,0.3188838064670563,0.11892745643854141,0.026073245331645012,0.9235634803771973,0.5926413536071777,0.06729473173618317,2.2758140563964844,2.324516534805298,2.3120839595794678,2.325639247894287,2.3389244079589844,0.14111566543579102,0.056527070701122284,1.0,2.141950845718384,2.191830635070801,2.2046396732330322,0.0,0.0,0.0,0.0,0.0,0.0,0.0,,,,,,,,,,,,,,,,,0.0005
30,9900,train,0.035633862018585205,0.11394818872213364,0.11700864136219025,0.0,0.0064920238219201565,0.0064920238219201565,0.0,3.446791648864746,9.999999747378752e-05,0.029999999329447746,0.029999999329447746,0.029999999329447746,0.0010000000474974513,0.0010000000474974513,0.07362785190343857,0.003198981285095215,0.0,0.0,0.0,0.0,-1.7055387496948242,-1.7055387496948242,1.0,-1.7055387496948242,0.0,-4.415881156921387,2.4275574684143066,1.0,0.07362785190343857,1.0,0.0,0.0,0.07362785190343857,0.0,0.0,0.003198981285095215,0.0,0.29680106043815613,0.10519938915967941,0.07993040978908539,0.6801444292068481,0.5672593116760254,0.0,0.0,0.0,0.0,0.0,0.0,0.0,0.0,1.0,0.0,0.11012257635593414,0.29571107029914856,0.3778001070022583,0.024832412600517273,0.0,0.11700864136219025,0.11394818872213364,0.11394818872213364,0.18904396891593933,0.06862078607082367,2.2147743361511374e-10,0.0,0.0,3.9882993698120117,3.9882993698120117,2.4384541511535645,2.4384541511535645,0.7977821230888367,0.0,0.0,0.0,0.0,0.29680103063583374,0.12865343689918518,0.006486228667199612,0.8812255263328552,0.5672593116760254,0.06933211535215378,2.380850076675415,2.454352855682373,2.4384541511535645,2.399338722229004,2.4275574684143066,0.1597829908132553,0.0637943372130394,1.0,2.3143956661224365,2.3489809036254883,2.3335633277893066,0.0,0.0,0.0,0.0,0.0,0.0,0.0,,,,,,,,,,,,,,,,,0.0005
30,9920,train,0.026512229815125465,0.10907518118619919,0.11097057163715363,0.0,0.005969925317913294,0.005969925317913294,0.0,3.4465291500091553,9.999999747378752e-05,0.029999999329447746,0.029999999329447746,0.029999999329447746,0.0010000000474974513,0.0010000000474974513,0.07316510379314423,0.006119251251220703,0.0,0.0,0.0,0.0,-1.7560017108917236,-1.7560017108917236,1.0,-1.7560017108917236,0.0,-4.489818572998047,2.3484458923339844,1.0,0.07316510379314423,1.0,0.0,0.0,0.07316510379314423,0.0,0.0,0.006119251251220703,0.0,0.29388076066970825,0.10762893408536911,0.07783485949039459,0.704441249370575,0.5647960305213928,0.0,0.0,0.0,0.0,0.0,0.0,0.0,0.0,1.0,0.0,0.10365191847085953,0.28742051124572754,0.3584606945514679,0.024381792172789574,0.0,0.11097057163715363,0.10907518118619919,0.10907518118619919,0.16677504777908325,0.07845600694417953,-4.002928544188933e-10,0.0,0.0,3.949320077896118,3.949320077896118,2.3284292221069336,2.3284292221069336,0.6986646056175232,0.0,0.0,0.0,0.0,0.29388076066970825,0.12826748192310333,0.005842073820531368,0.8553183078765869,0.5647960305213928,0.06551777571439743,2.2807466983795166,2.340463161468506,2.3284292221069336,2.3184926509857178,2.3484458923339844,0.14037975668907166,0.05849926918745041,1.0,2.2374658584594727,2.2847847938537598,2.263024091720581,0.0,0.0,0.0,0.0,0.0,0.0,0.0,,,,,,,,,,,,,,,,,0.0005
30,9940,train,0.030146300792694092,0.11122442036867142,0.11356856673955917,0.0,0.006616177037358284,0.006616177037358284,0.0,3.4193968772888184,9.999999747378752e-05,0.029999999329447746,0.029999999329447746,0.029999999329447746,0.0010000000474974513,0.0010000000474974513,0.07433012872934341,0.013866424560546875,0.0,0.0,0.0,0.0,-1.7403409481048584,-1.7403409481048584,1.0,-1.7403409481048584,0.0,-4.47310733795166,2.341362237930298,1.0,0.07433012872934341,1.0,0.0,0.0,0.07433012872934341,0.0,0.0,0.013866424560546875,0.0,0.31386643648147583,0.10558003187179565,0.07919400185346603,0.7181402444839478,0.5827508568763733,0.0,0.0,0.0,0.0,0.0,0.0,0.0,0.0,1.0,0.0,0.10683701187372208,0.3016865849494934,0.3568862974643707,0.02503332868218422,0.0,0.11356856673955917,0.11122442036867142,0.11122442036867142,0.17529581487178802,0.09285259246826172,-2.560357253902218e-13,0.0,0.0,4.004435062408447,4.004435062408447,2.2951998710632324,2.2951998710632324,0.747322142124176,0.0,0.0,0.0,0.0,0.31386643648147583,0.12754586338996887,0.01213768683373928,0.8639159202575684,0.5827508568763733,0.07159926742315292,2.273620843887329,2.3013827800750732,2.2951998710632324,2.2873787879943848,2.341362237930298,0.14335760474205017,0.05860394239425659,1.0,2.2111403942108154,2.1923727989196777,2.221208333969116,0.0,0.0,0.0,0.0,0.0,0.0,0.0,,,,,,,,,,,,,,,,,0.0005
30,9960,train,0.03866853937506676,0.11939959228038788,0.12213277071714401,0.0,0.006996301002800465,0.006996301002800465,0.0,3.437357187271118,9.999999747378752e-05,0.029999999329447746,0.029999999329447746,0.029999999329447746,0.0010000000474974513,0.0010000000474974513,0.06990396976470947,0.014755994081497192,0.0,0.0,0.0,0.0,-1.7632648944854736,-1.7632648944854736,1.0,-1.7632648944854736,0.0,-4.517874240875244,2.2252373695373535,1.0,0.06990396976470947,1.0,0.0,0.0,0.06990396976470947,0.0,0.0,0.014755994081497192,0.0,0.31475597620010376,0.10950545221567154,0.055548615753650665,0.6941959261894226,0.5783904194831848,0.0,0.0,0.0,0.0,0.0,0.0,0.0,0.0,1.0,0.0,0.08485395461320877,0.2935607433319092,0.3346259891986847,0.02414124086499214,0.0,0.12213277071714401,0.11939959228038788,0.11939959228038788,0.1901063770055771,0.12898249924182892,-3.688629401921162e-10,0.0,0.0,4.063513278961182,4.063513278961182,2.153097152709961,2.153097152709961,0.8177574872970581,0.0,0.0,0.0,0.0,0.31475600600242615,0.13508982956409454,0.0025162675883620977,0.8789400458335876,0.5783904194831848,0.0836397111415863,2.1457300186157227,2.154407024383545,2.153097152709961,2.214513063430786,2.2252373695373535,0.13876798748970032,0.05260270833969116,1.0,2.3337011337280273,2.2879014015197754,2.2727603912353516,0.0,0.0,0.0,0.0,0.0,0.0,0.0,,,,,,,,,,,,,,,,,0.0005
30,9980,train,0.03705814853310585,0.11847411841154099,0.12107064574956894,0.0,0.007387728895992041,0.007387728895992041,0.0,3.4671030044555664,9.999999747378752e-05,0.029999999329447746,0.029999999329447746,0.029999999329447746,0.0010000000474974513,0.0010000000474974513,0.0750044584274292,0.011089622974395752,0.0,0.0,0.0,0.0,-1.771409034729004,-1.771409034729004,1.0,-1.771409034729004,0.0,-4.5100274085998535,2.2411396503448486,1.0,0.0750044584274292,1.0,0.0,0.0,0.0750044584274292,0.0,0.0,0.011089622974395752,0.0,0.3110896348953247,0.09061531722545624,0.08304621279239655,0.6535561084747314,0.5853094458580017,0.0,0.0,0.0,0.0,0.0,0.0,0.0,0.0,1.0,0.0,0.09882942587137222,0.30584147572517395,0.34527334570884705,0.023600853979587555,0.0,0.12107064574956894,0.11847411841154099,0.11847411841154099,0.19752036035060883,0.1340327262878418,2.361343343082467e-10,0.0,0.0,4.087235450744629,4.087234973907471,2.2134923934936523,2.2134923934936523,0.854962170124054,0.0,0.0,0.0,0.0,0.3110896348953247,0.11768905073404312,0.00199693045578897,0.8167693018913269,0.5853094458580017,0.04866728186607361,2.2120072841644287,2.2179040908813477,2.2134923934936523,2.218500852584839,2.2411396503448486,0.14326293766498566,0.055676378309726715,1.0,2.235745429992676,2.2246663570404053,2.1940629482269287,0.0,0.0,0.0,0.0,0.0,0.0,0.0,,,,,,,,,,,,,,,,,0.0005
30,10000,train,0.026135792955756187,0.10857949405908585,0.11186929792165756,0.0,0.005718562752008438,0.005718562752008438,0.0,3.4726369380950928,9.999999747378752e-05,0.029999999329447746,0.029999999329447746,0.029999999329447746,0.0010000000474974513,0.0010000000474974513,0.07080478966236115,0.02428114414215088,0.0,0.0,0.0,0.0,-1.7571913003921509,-1.7571913003921509,1.0,-1.7571913003921509,0.0,-4.486877918243408,2.30230975151062,1.0,0.07080478966236115,1.0,0.0,0.0,0.07080478966236115,0.0,0.0,0.02428114414215088,0.0,0.2757188677787781,0.10012048482894897,0.03666561096906662,0.6468526721000671,0.5483067631721497,0.0,0.0,0.0,0.0,0.0,0.0,0.0,0.0,1.0,0.0,0.11121691763401031,0.30416420102119446,0.3592389225959778,0.023789701983332634,0.0,0.11186929792165756,0.10857949405908585,0.10857949405908585,0.17490872740745544,0.09084726125001907,1.1166981922494656e-10,0.0,0.0,4.030304431915283,4.030304431915283,2.311063528060913,2.311063528060913,0.7469604015350342,0.0,0.0,0.0,0.0,0.2757188677787781,0.12337131053209305,0.0014376862673088908,0.8293892741203308,0.5483067631721497,0.0363970622420311,2.2832493782043457,2.318835973739624,2.311063528060913,2.254060983657837,2.30230975151062,0.15088589489459991,0.061364613473415375,1.0,2.326514720916748,2.314901351928711,2.2661359310150146,0.0,0.0,0.0,0.0,0.0,0.0,0.0,,,,,,,,,,,,,,,,,0.0005
30,10020,train,0.03257479518651962,0.11220857501029968,0.11631086468696594,0.0,0.006325288210064173,0.006325288210064173,0.0,3.5000691413879395,9.999999747378752e-05,0.029999999329447746,0.029999999329447746,0.029999999329447746,0.0010000000474974513,0.0010000000474974513,0.07799997925758362,0.007540673017501831,0.0,0.0,0.0,0.0,-1.7253543138504028,-1.7253543138504028,1.0,-1.7253543138504028,0.0,-4.439293384552002,2.3603129386901855,1.0,0.07799997925758362,1.0,0.0,0.0,0.07799997925758362,0.0,0.0,0.007540673017501831,0.0,0.3075407147407532,0.1127733588218689,0.053762950003147125,0.7407376170158386,0.5739468336105347,0.0,0.0,0.0,0.0,0.0,0.0,0.0,0.0,1.0,0.0,0.11590638756752014,0.30815500020980835,0.36726489663124084,0.02343028038740158,0.0,0.11631086468696594,0.11220857501029968,0.11220857501029968,0.20539559423923492,0.12745095789432526,-3.6627148536361176e-10,0.0,0.0,4.064333438873291,4.064333438873291,2.369049072265625,2.369049072265625,0.8935191631317139,0.0,0.0,0.0,0.0,0.3075406849384308,0.13226988911628723,0.010498696938157082,0.9196667671203613,0.5739468336105347,0.06623774766921997,2.3362061977386475,2.3778891563415527,2.369049072265625,2.2914202213287354,2.3603129386901855,0.16163159906864166,0.062372803688049316,1.0,2.329258918762207,2.303607940673828,2.2370963096618652,0.0,0.0,0.0,0.0,0.0,0.0,0.0,,,,,,,,,,,,,,,,,0.0005
30,10020,train_epoch,0.03314567916652935,0.11342318389497831,0.11632637739806118,0.0,0.006514853067294566,0.006514853067294566,0.0,3.4526853811241196,9.999999747378752e-05,0.029999999329447746,0.029999999329447746,0.029999999329447746,0.0010000000474974513,0.0010000000474974513,0.07175056875019731,0.01207945589533823,0.0,0.0,0.0,0.0,-1.736122129206172,-1.736122129206172,1.0,-1.736122129206172,0.0,-4.46038271138768,2.3240820547777736,1.0,0.07175056875019731,1.0,0.0,0.0,0.07175056875019731,0.0,0.0,0.01207945589533823,0.0,0.30043288529989964,0.1005230303296072,0.06745070556992899,0.6722832570175925,0.5712002442625468,0.0,0.0,0.0,0.0,0.0,0.0,0.0,0.0,1.0,0.0,0.10466153292866524,0.3009319692671656,0.3572578456944334,0.02444203597253668,0.0,0.11632637739806118,0.11342318389497831,0.11342318389497831,0.1886910411144445,0.10622961871035977,7.051713896915709e-12,0.0,0.0,4.016043035570019,4.016043033428534,2.2947022922024756,2.2947022922024756,0.8032682746827245,0.0,0.0,0.0,0.0,0.3004328831584154,0.12535078828027862,0.007937344984645666,0.8567897054606569,0.5712002442625468,0.05806539842334693,2.2696094270237905,2.30377320400969,2.2947022922024756,2.286646756583345,2.3240820547777736,0.14858086527643088,0.05920267566860079,1.0,2.2826695477891112,2.284342540238432,2.2836538360504335,0.0,0.0,0.0,0.0,0.0,0.0,0.0,,,,,,,,,,,,,,,,,0.0005
30,10020,val,,,,,,,,,,,,,,,,,,,,,,,,,,,,,,,,,,,,,,,,,,,,,,,,,,,,,,,,,,,,,,,,,,,,,,,,,,,,,,,,,,,,,,,,,,,,,,,,,,,16.573741186846483,697.1086534379839,26.402815255915115,12.647252490928581,15.662427468342823,24.575275140410966,11.798143236486762,16.42899375348478,26.319003427300395,12.177865475147694,18.387014810029452,29.36577483952868,14.686986665467959,16.573741186846483,26.402815255915115,12.647252490928581,0.00025
31,10040,train,0.026631545275449753,0.1095404401421547,0.11198391020298004,0.0,0.006166259758174419,0.006166259758174419,0.0,3.454125165939331,9.999999747378752e-05,0.029999999329447746,0.029999999329447746,0.029999999329447746,0.0010000000474974513,0.0010000000474974513,0.07075784355401993,0.0082491934299469,0.0,0.0,0.0,0.0,-1.7652513980865479,-1.7652513980865479,1.0,-1.7652513980865479,0.0,-4.509660720825195,2.3193893432617188,1.0,0.07075784355401993,1.0,0.0,0.0,0.07075784355401993,0.0,0.0,0.0082491934299469,0.0,0.30824920535087585,0.1049843579530716,0.08261830359697342,0.6878005862236023,0.5767003297805786,0.0,0.0,0.0,0.0,0.0,0.0,0.0,0.0,1.0,0.0,0.11234913021326065,0.29507771134376526,0.35778331756591797,0.024278167635202408,0.0,0.11198391020298004,0.1095404401421547,0.1095404401421547,0.17794169485569,0.09442118555307388,-4.452751500849672e-10,0.0,0.0,4.005545139312744,4.005545139312744,2.3306477069854736,2.3306477069854736,0.757785975933075,0.0,0.0,0.0,0.0,0.30824920535087585,0.13021104037761688,0.008762236684560776,0.8728518486022949,0.5767003297805786,0.07962623238563538,2.293856620788574,2.3430252075195312,2.3306477069854736,2.303483009338379,2.3193893432617188,0.14355163276195526,0.05874933302402496,1.0,2.325448513031006,2.3445658683776855,2.296802282333374,0.0,0.0,0.0,0.0,0.0,0.0,0.0,,,,,,,,,,,,,,,,,0.00025
31,10060,train,0.03892534226179123,0.1176072284579277,0.1210169643163681,0.0,0.00691315857693553,0.00691315857693553,0.0,3.458470344543457,9.999999747378752e-05,0.029999999329447746,0.029999999329447746,0.029999999329447746,0.0010000000474974513,0.0010000000474974513,0.06689527630805969,0.008807897567749023,0.0,0.0,0.0,0.0,-1.725237250328064,-1.725237250328064,1.0,-1.725237250328064,0.0,-4.46283483505249,2.354384660720825,1.0,0.06689527630805969,1.0,0.0,0.0,0.06689527630805969,0.0,0.0,0.008807897567749023,0.0,0.29119211435317993,0.09810345619916916,0.06347398459911346,0.6414194107055664,0.5647431015968323,0.0,0.0,0.0,0.0,0.0,0.0,0.0,0.0,1.0,0.0,0.10835601389408112,0.30819544196128845,0.3546869456768036,0.023999972268939018,0.0,0.1210169643163681,0.1176072284579277,0.1176072284579277,0.1961153894662857,0.12000320851802826,2.2089952089743292e-10,0.0,0.0,4.0336127281188965,4.0336127281188965,2.2882485389709473,2.2882485389709473,0.8348406553268433,0.0,0.0,0.0,0.0,0.29119211435317993,0.12301473319530487,0.004113281611353159,0.8392029404640198,0.5647431015968323,0.05595894902944565,2.2750468254089355,2.295027732849121,2.2882485389709473,2.3282694816589355,2.354384660720825,0.14826086163520813,0.058072395622730255,1.0,2.3195486068725586,2.2910518646240234,2.302354574203491,0.0,0.0,0.0,0.0,0.0,0.0,0.0,,,,,,,,,,,,,,,,,0.00025
31,10080,train,0.032257433980703354,0.11172877252101898,0.11514125019311905,0.0,0.006498206872493029,0.006498206872493029,0.0,3.452744722366333,9.999999747378752e-05,0.029999999329447746,0.029999999329447746,0.029999999329447746,0.0010000000474974513,0.0010000000474974513,0.06966540217399597,0.0170784592628479,0.0,0.0,0.0,0.0,-1.718775987625122,-1.718775987625122,1.0,-1.718775987625122,0.0,-4.422672748565674,2.3879075050354004,1.0,0.06966540217399597,1.0,0.0,0.0,0.06966540217399597,0.0,0.0,0.0170784592628479,0.0,0.28292155265808105,0.08761272579431534,0.07901538908481598,0.6192860007286072,0.5614967942237854,0.0,0.0,0.0,0.0,0.0,0.0,0.0,0.0,1.0,0.0,0.09988939017057419,0.29464656114578247,0.35858601331710815,0.02428685873746872,0.0,0.11514125019311905,0.11172877252101898,0.11172877252101898,0.1781686544418335,0.09247111529111862,-5.581977657875825e-10,0.0,0.0,3.973456859588623,3.973456859588623,2.3079988956451416,2.3079988956451416,0.7577003240585327,0.0,0.0,0.0,0.0,0.28292155265808105,0.11595114320516586,0.015883387997746468,0.8091912269592285,0.5614967942237854,0.03996630012989044,2.27105975151062,2.318037986755371,2.3079988956451416,2.3498363494873047,2.3879075050354004,0.15033553540706635,0.059540726244449615,1.0,2.2494306564331055,2.2666268348693848,2.306990385055542,0.0,0.0,0.0,0.0,0.0,0.0,0.0,,,,,,,,,,,,,,,,,0.00025
31,10100,train,0.028756028041243553,0.11021557450294495,0.11271240562200546,0.0,0.0058236634358763695,0.0058236634358763695,0.0,3.4530506134033203,9.999999747378752e-05,0.029999999329447746,0.029999999329447746,0.029999999329447746,0.0010000000474974513,0.0010000000474974513,0.07291862368583679,0.0064595043659210205,0.0,0.0,0.0,0.0,-1.7433570623397827,-1.7433570623397827,1.0,-1.7433570623397827,0.0,-4.481931209564209,2.3762404918670654,1.0,0.07291862368583679,1.0,0.0,0.0,0.07291862368583679,0.0,0.0,0.0064595043659210205,0.0,0.30645951628685,0.10696528106927872,0.05192660540342331,0.6820788383483887,0.5731119513511658,0.0,0.0,0.0,0.0,0.0,0.0,0.0,0.0,1.0,0.0,0.11098644882440567,0.2958792746067047,0.3618274927139282,0.024233097210526466,0.0,0.11271240562200546,0.11021557450294495,0.11021557450294495,0.19268779456615448,0.09471041709184647,-5.353193999191319e-10,0.0,0.0,4.073484897613525,4.073484897613525,2.35469388961792,2.35469388961792,0.8327867388725281,0.0,0.0,0.0,0.0,0.30645951628685,0.13190869987010956,0.002954488852992654,0.8690639138221741,0.5731119513511658,0.08082108199596405,2.3108632564544678,2.3683013916015625,2.35469388961792,2.3731186389923096,2.3762404918670654,0.14437727630138397,0.05869659036397934,1.0,2.439547538757324,2.3404130935668945,2.322092056274414,0.0,0.0,0.0,0.0,0.0,0.0,0.0,,,,,,,,,,,,,,,,,0.00025
31,10120,train,0.03462544456124306,0.11335200816392899,0.1173303946852684,0.0,0.0065283942967653275,0.0065283942967653275,0.0,3.4647257328033447,9.999999747378752e-05,0.029999999329447746,0.029999999329447746,0.029999999329447746,0.0010000000474974513,0.0010000000474974513,0.07066660374403,0.005321204662322998,0.0,0.0,0.0,0.0,-1.7135158777236938,-1.7135158777236938,1.0,-1.7135158777236938,0.0,-4.436347484588623,2.390795946121216,1.0,0.07066660374403,1.0,0.0,0.0,0.07066660374403,0.0,0.0,0.005321204662322998,0.0,0.29467880725860596,0.1049615815281868,0.06590287387371063,0.6762440204620361,0.563530683517456,0.0,0.0,0.0,0.0,0.0,0.0,0.0,0.0,1.0,0.0,0.11797063797712326,0.31083914637565613,0.36871063709259033,0.02418895997107029,0.0,0.1173303946852684,0.11335200816392899,0.11335200816392899,0.19251923263072968,0.09394682943820953,-3.205970905417743e-11,0.0,0.0,4.054942607879639,4.054942607879639,2.373248815536499,2.373248815536499,0.8305007815361023,0.0,0.0,0.0,0.0,0.29467880725860596,0.1299886703491211,0.007536633871495724,0.8659623861312866,0.563530683517456,0.057628680020570755,2.358461380004883,2.3808677196502686,2.373248815536499,2.343374252319336,2.390795946121216,0.16176046431064606,0.06243785470724106,1.0,2.3517532348632812,2.341935157775879,2.304412603378296,0.0,0.0,0.0,0.0,0.0,0.0,0.0,,,,,,,,,,,,,,,,,0.00025
31,10140,train,0.03417576849460602,0.11376756429672241,0.11565251648426056,0.0,0.006588451098650694,0.006588451098650694,0.0,3.432593822479248,9.999999747378752e-05,0.029999999329447746,0.029999999329447746,0.029999999329447746,0.0010000000474974513,0.0010000000474974513,0.07010656595230103,0.003729015588760376,0.0,0.0,0.0,0.0,-1.722284197807312,-1.722284197807312,1.0,-1.722284197807312,0.0,-4.437093257904053,2.372619867324829,1.0,0.07010656595230103,1.0,0.0,0.0,0.07010656595230103,0.0,0.0,0.003729015588760376,0.0,0.2962709963321686,0.1028263121843338,0.052316050976514816,0.7205507755279541,0.5678529739379883,0.0,0.0,0.0,0.0,0.0,0.0,0.0,0.0,1.0,0.0,0.09903338551521301,0.2964352071285248,0.3520837426185608,0.024594705551862717,0.0,0.11565251648426056,0.11376756429672241,0.11376756429672241,0.1841600388288498,0.09600711613893509,1.6899197319286685e-10,0.0,0.0,3.9837610721588135,3.9837610721588135,2.285982847213745,2.285982847213745,0.7824997901916504,0.0,0.0,0.0,0.0,0.2962709963321686,0.12587694823741913,0.005779791157692671,0.8802467584609985,0.5678529739379883,0.055484071373939514,2.2662601470947266,2.2953264713287354,2.285982847213745,2.3513762950897217,2.372619867324829,0.1430976837873459,0.05807797610759735,1.0,2.3388559818267822,2.276796340942383,2.32315731048584,0.0,0.0,0.0,0.0,0.0,0.0,0.0,,,,,,,,,,,,,,,,,0.00025
31,10160,train,0.03403026983141899,0.11408518254756927,0.11670875549316406,0.0,0.0068348124623298645,0.0068348124623298645,0.0,3.4454879760742188,9.999999747378752e-05,0.029999999329447746,0.029999999329447746,0.029999999329447746,0.0010000000474974513,0.0010000000474974513,0.07494474947452545,0.004915356636047363,0.0,0.0,0.0,0.0,-1.7337685823440552,-1.7337685823440552,1.0,-1.7337685823440552,0.0,-4.451382160186768,2.2995588779449463,1.0,0.07494474947452545,1.0,0.0,0.0,0.07494474947452545,0.0,0.0,0.004915356636047363,0.0,0.29508471488952637,0.09360036998987198,0.04899904876947403,0.7071048617362976,0.5705407857894897,0.0,0.0,0.0,0.0,0.0,0.0,0.0,0.0,1.0,0.0,0.1080162525177002,0.3041229546070099,0.3533146381378174,0.02423582598567009,0.0,0.11670875549316406,0.11408518254756927,0.11408518254756927,0.19916456937789917,0.13170769810676575,-1.4946588411390849e-10,0.0,0.0,4.047190189361572,4.047190189361572,2.274448871612549,2.274448871612549,0.8597187995910645,0.0,0.0,0.0,0.0,0.2950846552848816,0.11863193660974503,0.004252066370099783,0.8310222625732422,0.5705407857894897,0.039077822118997574,2.2639710903167725,2.27828311920166,2.274448871612549,2.263937473297119,2.2995588779449463,0.14981727302074432,0.0590873658657074,1.0,2.2836999893188477,2.253410816192627,2.262238025665283,0.0,0.0,0.0,0.0,0.0,0.0,0.0,,,,,,,,,,,,,,,,,0.00025
31,10180,train,0.03180632367730141,0.1107427105307579,0.1142197921872139,0.0,0.006823390256613493,0.006823390256613493,0.0,3.4602465629577637,9.999999747378752e-05,0.029999999329447746,0.029999999329447746,0.029999999329447746,0.0010000000474974513,0.0010000000474974513,0.07017824053764343,0.014112859964370728,0.0,0.0,0.0,0.0,-1.7069228887557983,-1.7069228887557983,1.0,-1.7069228887557983,0.0,-4.422311782836914,2.305271625518799,1.0,0.07017824053764343,1.0,0.0,0.0,0.07017824053764343,0.0,0.0,0.014112859964370728,0.0,0.3141128718852997,0.09987916052341461,0.09090618789196014,0.6938833594322205,0.5834544897079468,0.0,0.0,0.0,0.0,0.0,0.0,0.0,0.0,1.0,0.0,0.10740052908658981,0.3117749094963074,0.35933607816696167,0.024028750136494637,0.0,0.1142197921872139,0.1107427105307579,0.1107427105307579,0.19336748123168945,0.12425113469362259,2.695783318795719e-10,0.0,0.0,4.038419723510742,4.038419723510742,2.2920734882354736,2.2920734882354736,0.8269170522689819,0.0,0.0,0.0,0.0,0.3141128718852997,0.1266365498304367,0.004176903050392866,0.8685779571533203,0.5834544897079468,0.0687653198838234,2.2769293785095215,2.3001372814178467,2.2920734882354736,2.2635860443115234,2.305271625518799,0.1533544510602951,0.0615750215947628,1.0,2.3364720344543457,2.257200002670288,2.248225688934326,0.0,0.0,0.0,0.0,0.0,0.0,0.0,,,,,,,,,,,,,,,,,0.00025
31,10200,train,0.03378497436642647,0.1154986023902893,0.1189223974943161,0.0,0.006658987142145634,0.006658987142145634,0.0,3.474750518798828,9.999999747378752e-05,0.029999999329447746,0.029999999329447746,0.029999999329447746,0.0010000000474974513,0.0010000000474974513,0.06329551339149475,0.017636418342590332,0.0,0.0,0.0,0.0,-1.7687714099884033,-1.7687714099884033,1.0,-1.7687714099884033,0.0,-4.5139641761779785,2.2438013553619385,1.0,0.06329551339149475,1.0,0.0,0.0,0.06329551339149475,0.0,0.0,0.017636418342590332,0.0,0.3176364302635193,0.10259733349084854,0.0913005918264389,0.7218515276908875,0.584698498249054,0.0,0.0,0.0,0.0,0.0,0.0,0.0,0.0,1.0,0.0,0.09238114953041077,0.29616644978523254,0.33898210525512695,0.023315073922276497,0.0,0.1189223974943161,0.1154986023902893,0.1154986023902893,0.1850280612707138,0.12478750199079514,-5.232713151670509e-10,0.0,0.0,4.038915157318115,4.038915157318115,2.178252935409546,2.178252935409546,0.7886995077133179,0.0,0.0,0.0,0.0,0.3176364302635193,0.12883539497852325,0.0022239284589886665,0.916985273361206,0.584698498249054,0.0754595622420311,2.164247512817383,2.185783624649048,2.178252935409546,2.216679811477661,2.2438013553619385,0.13850519061088562,0.05442631617188454,1.0,2.295131206512451,2.278641939163208,2.3193647861480713,0.0,0.0,0.0,0.0,0.0,0.0,0.0,,,,,,,,,,,,,,,,,0.00025
31,10220,train,0.031766001135110855,0.11126281321048737,0.11511259526014328,0.0,0.006638998165726662,0.006638998165726662,0.0,3.446471691131592,9.999999747378752e-05,0.029999999329447746,0.029999999329447746,0.029999999329447746,0.0010000000474974513,0.0010000000474974513,0.06453493237495422,0.01452028751373291,0.0,0.0,0.0,0.0,-1.7190368175506592,-1.7190368175506592,1.0,-1.7190368175506592,0.0,-4.444733142852783,2.285818338394165,1.0,0.06453493237495422,1.0,0.0,0.0,0.06453493237495422,0.0,0.0,0.01452028751373291,0.0,0.28547972440719604,0.09629141539335251,0.07895389199256897,0.6412519216537476,0.5616042613983154,0.0,0.0,0.0,0.0,0.0,0.0,0.0,0.0,1.0,0.0,0.10730036348104477,0.3130374848842621,0.3595123887062073,0.02440493553876877,0.0,0.11511259526014328,0.11126281321048737,0.11126281321048737,0.18156370520591736,0.10754843801259995,3.597120656895214e-10,0.0,0.0,4.064023971557617,4.064023971557617,2.278900146484375,2.278900146484375,0.7818878293037415,0.0,0.0,0.0,0.0,0.28547972440719604,0.11971521377563477,0.012296430766582489,0.7776946425437927,0.5616042613983154,0.04664522409439087,2.2655563354492188,2.2841365337371826,2.278900146484375,2.2127814292907715,2.285818338394165,0.15631018579006195,0.06146308779716492,1.0,2.3517749309539795,2.2648367881774902,2.269278049468994,0.0,0.0,0.0,0.0,0.0,0.0,0.0,,,,,,,,,,,,,,,,,0.00025
31,10240,train,0.030140521004796028,0.1112932562828064,0.11447501927614212,0.0,0.00647337269037962,0.00647337269037962,0.0,3.453542709350586,9.999999747378752e-05,0.029999999329447746,0.029999999329447746,0.029999999329447746,0.0010000000474974513,0.0010000000474974513,0.06899255514144897,0.00662955641746521,0.0,0.0,0.0,0.0,-1.7443820238113403,-1.7443820238113403,1.0,-1.7443820238113403,0.0,-4.469046592712402,2.2988440990448,1.0,0.06899255514144897,1.0,0.0,0.0,0.06899255514144897,0.0,0.0,0.00662955641746521,0.0,0.30662959814071655,0.09769534319639206,0.08193559944629669,0.6382873058319092,0.5774720907211304,0.0,0.0,0.0,0.0,0.0,0.0,0.0,0.0,1.0,0.0,0.10843607038259506,0.3048732578754425,0.35563433170318604,0.024125918745994568,0.0,0.11447501927614212,0.1112932562828064,0.1112932562828064,0.2090865671634674,0.141038715839386,-3.0058240618746623e-11,0.0,0.0,4.103241443634033,4.103241443634033,2.2869019508361816,2.2869019508361816,0.9056457877159119,0.0,0.0,0.0,0.0,0.30662956833839417,0.12483395636081696,0.005543812178075314,0.8243476748466492,0.5774720907211304,0.05752145126461983,2.255357265472412,2.2970192432403564,2.2869019508361816,2.270134210586548,2.2988440990448,0.15003648400306702,0.058514878153800964,1.0,2.3029191493988037,2.3189220428466797,2.292694568634033,0.0,0.0,0.0,0.0,0.0,0.0,0.0,,,,,,,,,,,,,,,,,0.00025
31,10260,train,0.025358203798532486,0.1057281643152237,0.10921619832515717,0.0,0.006304888054728508,0.006304888054728508,0.0,3.4437873363494873,9.999999747378752e-05,0.029999999329447746,0.029999999329447746,0.029999999329447746,0.0010000000474974513,0.0010000000474974513,0.06040322408080101,0.003775686025619507,0.0,0.0,0.0,0.0,-1.7135151624679565,-1.7135151624679565,1.0,-1.7135151624679565,0.0,-4.415992736816406,2.4229583740234375,1.0,0.06040322408080101,1.0,0.0,0.0,0.06040322408080101,0.0,0.0,0.003775686025619507,0.0,0.30377569794654846,0.12552739679813385,0.06793656945228577,0.7809617519378662,0.5618823766708374,0.0,0.0,0.0,0.0,0.0,0.0,0.0,0.0,1.0,0.0,0.1083390936255455,0.30100324749946594,0.3655344247817993,0.02466427907347679,0.0,0.10921619832515717,0.1057281643152237,0.1057281643152237,0.17721867561340332,0.07945486158132553,-2.912296792612068e-10,0.0,0.0,3.9077608585357666,3.9077608585357666,2.354022264480591,2.354022264480591,0.7293920516967773,0.0,0.0,0.0,0.0,0.30377569794654846,0.14512161910533905,0.007478347979485989,0.9116900563240051,0.5618823766708374,0.09509804844856262,2.330174446105957,2.363163471221924,2.354022264480591,2.380765438079834,2.4229583740234375,0.15480786561965942,0.062347862869501114,1.0,2.362922191619873,2.2933504581451416,2.2992501258850098,0.0,0.0,0.0,0.0,0.0,0.0,0.0,,,,,,,,,,,,,,,,,0.00025
31,10280,train,0.03482351824641228,0.11751481890678406,0.1199503019452095,0.0,0.006696969270706177,0.006696969270706177,0.0,3.4644105434417725,9.999999747378752e-05,0.029999999329447746,0.029999999329447746,0.029999999329447746,0.0010000000474974513,0.0010000000474974513,0.0745634138584137,0.002472996711730957,0.0,0.0,0.0,0.0,-1.7884292602539062,-1.7884292602539062,1.0,-1.7884292602539062,0.0,-4.557978630065918,2.137782096862793,1.0,0.0745634138584137,1.0,0.0,0.0,0.0745634138584137,0.0,0.0,0.002472996711730957,0.0,0.3024730086326599,0.0883902758359909,0.06991355121135712,0.5888895988464355,0.5808622241020203,0.0,0.0,0.0,0.0,0.0,0.0,0.0,0.0,1.0,0.0,0.08756166696548462,0.2907983064651489,0.3324534595012665,0.02365226484835148,0.0,0.1199503019452095,0.11751481890678406,0.11751481890678406,0.19816215336322784,0.1636740267276764,2.730976000897556e-10,0.0,0.0,4.151595592498779,4.151595592498779,2.124788999557495,2.124788999557495,0.868572473526001,0.0,0.0,0.0,0.0,0.3024730086326599,0.11232955008745193,0.004735912661999464,0.8040277361869812,0.5808622241020203,0.03252144902944565,2.1215221881866455,2.1284596920013428,2.124788999557495,2.103433132171631,2.137782096862793,0.13790734112262726,0.054022252559661865,1.0,2.1639609336853027,2.1490628719329834,2.1434810161590576,0.0,0.0,0.0,0.0,0.0,0.0,0.0,,,,,,,,,,,,,,,,,0.00025
31,10300,train,0.016980398446321487,0.0983506441116333,0.10265500843524933,0.0,0.005868931300938129,0.005868931300938129,0.0,3.444998264312744,9.999999747378752e-05,0.029999999329447746,0.029999999329447746,0.029999999329447746,0.0010000000474974513,0.0010000000474974513,0.06932661682367325,0.023322612047195435,0.0,0.0,0.0,0.0,-1.7085744142532349,-1.7085744142532349,1.0,-1.7085744142532349,0.0,-4.381643772125244,2.413717031478882,1.0,0.06932661682367325,1.0,0.0,0.0,0.06932661682367325,0.0,0.0,0.023322612047195435,0.0,0.2766774296760559,0.09509497135877609,0.04881958290934563,0.5990244150161743,0.5520448088645935,0.0,0.0,0.0,0.0,0.0,0.0,0.0,0.0,1.0,0.0,0.1111035943031311,0.3085719347000122,0.37352246046066284,0.024798432365059853,0.0,0.10265500843524933,0.0983506441116333,0.0983506441116333,0.18037022650241852,0.08570325374603271,-1.5672964315260884e-10,0.0,0.0,3.9523775577545166,3.9523775577545166,2.3894615173339844,2.3894615173339844,0.7579288482666016,0.0,0.0,0.0,0.0,0.2766773998737335,0.12033549696207047,0.009033028967678547,0.8171182870864868,0.5520448088645935,0.03848039358854294,2.3431146144866943,2.40438175201416,2.3894615173339844,2.3302419185638428,2.413717031478882,0.16237106919288635,0.06522970646619797,1.0,2.3306002616882324,2.306140661239624,2.3131253719329834,0.0,0.0,0.0,0.0,0.0,0.0,0.0,,,,,,,,,,,,,,,,,0.00025
31,10320,train,0.041391875594854355,0.12245914340019226,0.12497628480195999,0.0,0.0069372160360217094,0.0069372160360217094,0.0,3.490711212158203,9.999999747378752e-05,0.029999999329447746,0.029999999329447746,0.029999999329447746,0.0010000000474974513,0.0010000000474974513,0.07059826701879501,0.016356289386749268,0.0,0.0,0.0,0.0,-1.7784444093704224,-1.7784444093704224,1.0,-1.7784444093704224,0.0,-4.564692974090576,2.2042386531829834,1.0,0.07059826701879501,1.0,0.0,0.0,0.07059826701879501,0.0,0.0,0.016356289386749268,0.0,0.31635627150535583,0.08723209798336029,0.08498766273260117,0.6720203757286072,0.5942984819412231,0.0,0.0,0.0,0.0,0.0,0.0,0.0,0.0,1.0,0.0,0.09406496584415436,0.29247549176216125,0.33327940106391907,0.02297884039580822,0.0,0.12497628480195999,0.12245914340019226,0.12245914340019226,0.1965181678533554,0.1377759724855423,1.0927209137534533e-10,0.0,0.0,4.033218860626221,4.033218860626221,2.158708333969116,2.158708333969116,0.8342187404632568,0.0,0.0,0.0,0.0,0.3163563013076782,0.11111093312501907,0.013589153066277504,0.8655253052711487,0.5942984819412231,0.05101103335618973,2.1489996910095215,2.163630723953247,2.158708333969116,2.1918935775756836,2.2042386531829834,0.1360122412443161,0.053149253129959106,1.0,2.263195514678955,2.286228656768799,2.2403762340545654,0.0,0.0,0.0,0.0,0.0,0.0,0.0,,,,,,,,,,,,,,,,,0.00025
31,10340,train,0.036543622612953186,0.11812809854745865,0.12110487371683121,0.0,0.00692935474216938,0.00692935474216938,0.0,3.4936983585357666,9.999999747378752e-05,0.029999999329447746,0.029999999329447746,0.029999999329447746,0.0010000000474974513,0.0010000000474974513,0.07203583419322968,0.008060842752456665,0.0,0.0,0.0,0.0,-1.774046778678894,-1.774046778678894,1.0,-1.774046778678894,0.0,-4.530004501342773,2.2247564792633057,1.0,0.07203583419322968,1.0,0.0,0.0,0.07203583419322968,0.0,0.0,0.008060842752456665,0.0,0.3080608546733856,0.10404601693153381,0.05558047443628311,0.664345383644104,0.5757668018341064,0.0,0.0,0.0,0.0,0.0,0.0,0.0,0.0,1.0,0.0,0.09809296578168869,0.29095035791397095,0.34955236315727234,0.023084204643964767,0.0,0.12110487371683121,0.11812809854745865,0.11812809854745865,0.18862390518188477,0.12944944202899933,-3.675312554296539e-10,0.0,0.0,4.061431407928467,4.061431407928467,2.2377727031707764,2.2377727031707764,0.8175197243690491,0.0,0.0,0.0,0.0,0.3080608546733856,0.13067558407783508,0.006489775609225035,0.8972075581550598,0.5757668018341064,0.07991728186607361,2.2209322452545166,2.241398334503174,2.2377727031707764,2.1974616050720215,2.2247564792633057,0.1445372849702835,0.05656890571117401,1.0,2.2382864952087402,2.298201560974121,2.2689409255981445,0.0,0.0,0.0,0.0,0.0,0.0,0.0,,,,,,,,,,,,,,,,,0.00025
31,10354,train_epoch,0.03204219657816216,0.11255195083286235,0.11553296511490901,0.0,0.006422981292198964,0.006422981292198964,0.0,3.459699660004256,9.999999747378752e-05,0.029999999329447746,0.029999999329447746,0.029999999329447746,0.0010000000474974513,0.0010000000474974513,0.07094619920599961,0.011799718983872921,0.0,0.0,0.0,0.0,-1.7372959188358512,-1.7372959188358512,1.0,-1.7372959188358512,0.0,-4.46269988585375,2.3210875852379256,1.0,0.07094619920599961,1.0,0.0,0.0,0.07094619920599961,0.0,0.0,0.011799718983872921,0.0,0.3002709537566065,0.09975595629500772,0.06857048723467453,0.6747992625850403,0.5717559965427764,0.0,0.0,0.0,0.0,0.0,0.0,0.0,0.0,1.0,0.0,0.1058972879887341,0.3010095492183805,0.35674910738082705,0.024072716653927,0.0,0.11553296511490901,0.11255195083286235,0.11255195083286235,0.18978069820803797,0.11241238853130155,1.497659322693346e-11,0.0,0.0,4.025166240280973,4.025166235998006,2.2941405166408972,2.2941405166408972,0.8109272511419422,0.0,0.0,0.0,0.0,0.300270949116724,0.12443862710438089,0.008277697843401191,0.8572254826922616,0.5717559965427764,0.057475034922673675,2.2712083276874293,2.302353339994739,2.2941405166408972,2.2859635502992277,2.3210875852379256,0.14939110993803617,0.05927492770740015,1.0,2.279977839863943,2.2797974954822107,2.280871084350312,0.0,0.0,0.0,0.0,0.0,0.0,0.0,,,,,,,,,,,,,,,,,0.00025
31,10354,val,,,,,,,,,,,,,,,,,,,,,,,,,,,,,,,,,,,,,,,,,,,,,,,,,,,,,,,,,,,,,,,,,,,,,,,,,,,,,,,,,,,,,,,,,,,,,,,,,,,16.388877829989873,695.7451801471882,26.376982013626733,10.950446257720122,15.530513660327808,24.62366115366945,10.143691733076766,16.356845095350934,26.34756332773502,10.794334256971204,18.002871337237657,29.20127630696335,12.428294976552328,16.388877829989873,26.376982013626733,10.950446257720122,0.00025
31,10354,test,,,,,,,,,,,,,,,,,,,,,,,,,,,,,,,,,,,,,,,,,,,,,,,,,,,,,,,,,,,,,,,,,,,,,,,,,,,,,,,,,,,,,,,,,,,,,,,,,,,15.910800568692318,626.5827928835207,25.03163584114152,10.015856347642503,15.120518027125177,23.49853266236495,9.555939206131944,15.864089909974519,25.035907020608786,9.947807900540463,17.39709402204634,27.457524159814692,10.895842668172476,15.910800568692318,25.03163584114152,10.015856347642503,0.00025
32,10360,train,0.031685952097177505,0.11500781029462814,0.11729046702384949,0.0,0.005889574531465769,0.005889574531465769,0.0,3.496396780014038,9.999999747378752e-05,0.029999999329447746,0.029999999329447746,0.029999999329447746,0.0010000000474974513,0.0010000000474974513,0.0699792206287384,0.009275197982788086,0.0,0.0,0.0,0.0,-1.7897590398788452,-1.7897590398788452,1.0,-1.7897590398788452,0.0,-4.555809020996094,2.2270967960357666,1.0,0.0699792206287384,1.0,0.0,0.0,0.0699792206287384,0.0,0.0,0.009275197982788086,0.0,0.30927523970603943,0.09366296976804733,0.057927899062633514,0.6207902431488037,0.585870623588562,0.0,0.0,0.0,0.0,0.0,0.0,0.0,0.0,1.0,0.0,0.10343307256698608,0.2873651087284088,0.34280839562416077,0.02284538559615612,0.0,0.11729046702384949,0.11500781029462814,0.11500781029462814,0.20561420917510986,0.15254583954811096,-1.8619465691482873e-10,0.0,0.0,4.051278114318848,4.051278114318848,2.223348617553711,2.223348617553711,0.8848475217819214,0.0,0.0,0.0,0.0,0.30927520990371704,0.11588475108146667,0.007075779139995575,0.8172716498374939,0.585870623588562,0.05542279779911041,2.201991081237793,2.2276203632354736,2.223348617553711,2.2079741954803467,2.2270967960357666,0.13939714431762695,0.05486935004591942,1.0,2.1844615936279297,2.224102020263672,2.181488513946533,0.0,0.0,0.0,0.0,0.0,0.0,0.0,,,,,,,,,,,,,,,,,0.00025
32,10380,train,0.02609449438750744,0.10779479146003723,0.11126314103603363,0.0,0.006003269460052252,0.006003269460052252,0.0,3.4663145542144775,9.999999747378752e-05,0.029999999329447746,0.029999999329447746,0.029999999329447746,0.0010000000474974513,0.0010000000474974513,0.07116010785102844,0.010061293840408325,0.0,0.0,0.0,0.0,-1.7426813840866089,-1.7426813840866089,1.0,-1.7426813840866089,0.0,-4.451879501342773,2.3227992057800293,1.0,0.07116010785102844,1.0,0.0,0.0,0.07116010785102844,0.0,0.0,0.010061293840408325,0.0,0.289938747882843,0.10275661200284958,0.045173194259405136,0.6813268661499023,0.5630341172218323,0.0,0.0,0.0,0.0,0.0,0.0,0.0,0.0,1.0,0.0,0.11122585833072662,0.303080677986145,0.3612940311431885,0.023853708058595657,0.0,0.11126314103603363,0.10779479146003723,0.10779479146003723,0.17345596849918365,0.10109966993331909,9.978674136990051e-11,0.0,0.0,4.068130970001221,4.068130970001221,2.314243793487549,2.314243793487549,0.7471118569374084,0.0,0.0,0.0,0.0,0.28993871808052063,0.12351382523775101,0.0021064819302409887,0.8964653611183167,0.5630341172218323,0.048161767423152924,2.278658390045166,2.327193260192871,2.314243793487549,2.266011953353882,2.3227992057800293,0.14570443332195282,0.060802776366472244,1.0,2.266916036605835,2.2751691341400146,2.3213396072387695,0.0,0.0,0.0,0.0,0.0,0.0,0.0,,,,,,,,,,,,,,,,,0.00025
32,10400,train,0.029066143557429314,0.10931307077407837,0.11290007084608078,0.0,0.00636692252010107,0.00636692252010107,0.0,3.4766273498535156,9.999999747378752e-05,0.029999999329447746,0.029999999329447746,0.029999999329447746,0.0010000000474974513,0.0010000000474974513,0.06908778846263885,0.003325849771499634,0.0,0.0,0.0,0.0,-1.72396719455719,-1.72396719455719,1.0,-1.72396719455719,0.0,-4.4475932121276855,2.3727927207946777,1.0,0.06908778846263885,1.0,0.0,0.0,0.06908778846263885,0.0,0.0,0.003325849771499634,0.0,0.303325891494751,0.11222080141305923,0.06980428099632263,0.6882836222648621,0.5667197108268738,0.0,0.0,0.0,0.0,0.0,0.0,0.0,0.0,1.0,0.0,0.10244981199502945,0.302791565656662,0.36387723684310913,0.023696716874837875,0.0,0.11290007084608078,0.10931307077407837,0.10931307077407837,0.1906786859035492,0.1044405996799469,-2.525405162767669e-10,0.0,0.0,4.065530300140381,4.065529823303223,2.331418037414551,2.331418037414551,0.8215525150299072,0.0,0.0,0.0,0.0,0.3033258616924286,0.13674217462539673,0.00448977155610919,0.8690636157989502,0.5667197108268738,0.0771905705332756,2.2929904460906982,2.3462092876434326,2.331418037414551,2.3557679653167725,2.3727927207946777,0.1508585512638092,0.05921114981174469,1.0,2.379547119140625,2.3735947608947754,2.347188949584961,0.0,0.0,0.0,0.0,0.0,0.0,0.0,,,,,,,,,,,,,,,,,0.00025
32,10420,train,0.029973268508911133,0.11146926879882812,0.11416089534759521,0.0,0.006496632471680641,0.006496632471680641,0.0,3.4663503170013428,9.999999747378752e-05,0.029999999329447746,0.029999999329447746,0.029999999329447746,0.0010000000474974513,0.0010000000474974513,0.07379414141178131,0.007811129093170166,0.0,0.0,0.0,0.0,-1.7491888999938965,-1.7491888999938965,1.0,-1.7491888999938965,0.0,-4.480395317077637,2.2973380088806152,1.0,0.07379414141178131,1.0,0.0,0.0,0.07379414141178131,0.0,0.0,0.007811129093170166,0.0,0.3078111410140991,0.11149483174085617,0.0478740893304348,0.7035350799560547,0.5736238956451416,0.0,0.0,0.0,0.0,0.0,0.0,0.0,0.0,1.0,0.0,0.10392741858959198,0.2967675030231476,0.3489634096622467,0.023681677877902985,0.0,0.11416089534759521,0.11146926879882812,0.11146926879882812,0.18617115914821625,0.11112678050994873,-3.020547700849363e-10,0.0,0.0,4.072264194488525,4.072264194488525,2.250758409500122,2.250758409500122,0.8079593777656555,0.0,0.0,0.0,0.0,0.3078111410140991,0.13077731430530548,0.00288406852632761,0.8482346534729004,0.5736238956451416,0.059543509036302567,2.240316390991211,2.2550160884857178,2.250758409500122,2.258945941925049,2.2973380088806152,0.14341850578784943,0.058332107961177826,1.0,2.239102840423584,2.2780489921569824,2.2826340198516846,0.0,0.0,0.0,0.0,0.0,0.0,0.0,,,,,,,,,,,,,,,,,0.00025
32,10440,train,0.04199597239494324,0.1229446604847908,0.12569959461688995,0.0,0.007137828040868044,0.007137828040868044,0.0,3.5015196800231934,9.999999747378752e-05,0.029999999329447746,0.029999999329447746,0.029999999329447746,0.0010000000474974513,0.0010000000474974513,0.07556191831827164,0.004557490348815918,0.0,0.0,0.0,0.0,-1.7788835763931274,-1.7788835763931274,1.0,-1.7788835763931274,0.0,-4.5529375076293945,2.167619466781616,1.0,0.07556191831827164,1.0,0.0,0.0,0.07556191831827164,0.0,0.0,0.004557490348815918,0.0,0.3045575022697449,0.0805157721042633,0.09135215729475021,0.588219165802002,0.5872418880462646,0.0,0.0,0.0,0.0,0.0,0.0,0.0,0.0,1.0,0.0,0.09114368259906769,0.2933793067932129,0.3310965299606323,0.02244660258293152,0.0,0.12569959461688995,0.1229446604847908,0.1229446604847908,0.2142736166715622,0.16933810710906982,4.4971748547339985e-11,0.0,0.0,4.10276985168457,4.10276985168457,2.1240196228027344,2.1240196228027344,0.9300557971000671,0.0,0.0,0.0,0.0,0.3045575022697449,0.10485914349555969,0.005286747124046087,0.7839708924293518,0.5872418880462646,0.028339462354779243,2.125795602798462,2.1206798553466797,2.1240196228027344,2.1554758548736572,2.167619466781616,0.13956572115421295,0.0537821389734745,1.0,2.1301825046539307,2.2115070819854736,2.230419158935547,0.0,0.0,0.0,0.0,0.0,0.0,0.0,,,,,,,,,,,,,,,,,0.00025
32,10460,train,0.028419561684131622,0.10981334745883942,0.11331362277269363,0.0,0.006227399688214064,0.006227399688214064,0.0,3.4633216857910156,9.999999747378752e-05,0.029999999329447746,0.029999999329447746,0.029999999329447746,0.0010000000474974513,0.0010000000474974513,0.0735417902469635,0.020129919052124023,0.0,0.0,0.0,0.0,-1.7447223663330078,-1.7447223663330078,1.0,-1.7447223663330078,0.0,-4.483223915100098,2.2734971046447754,1.0,0.0735417902469635,1.0,0.0,0.0,0.0735417902469635,0.0,0.0,0.020129919052124023,0.0,0.27987009286880493,0.09284544736146927,0.07331852614879608,0.6161103844642639,0.5588814616203308,0.0,0.0,0.0,0.0,0.0,0.0,0.0,0.0,1.0,0.0,0.11072162538766861,0.3065171241760254,0.35380250215530396,0.0239795483648777,0.0,0.11331362277269363,0.10981334745883942,0.10981334745883942,0.19726112484931946,0.12706424295902252,-3.171844037419547e-11,0.0,0.0,4.003232002258301,4.003232002258301,2.279651165008545,2.279651165008545,0.8366070985794067,0.0,0.0,0.0,0.0,0.27987009286880493,0.11351736634969711,0.006523188203573227,0.8143422603607178,0.5588814616203308,0.026807598769664764,2.2613368034362793,2.2849719524383545,2.279651165008545,2.229984760284424,2.2734971046447754,0.15006890892982483,0.060510873794555664,1.0,2.1451730728149414,2.2621734142303467,2.2374563217163086,0.0,0.0,0.0,0.0,0.0,0.0,0.0,,,,,,,,,,,,,,,,,0.00025
32,10480,train,0.022649414837360382,0.10265427827835083,0.10684999823570251,0.0,0.005954358261078596,0.005954358261078596,0.0,3.435149908065796,9.999999747378752e-05,0.029999999329447746,0.029999999329447746,0.029999999329447746,0.0010000000474974513,0.0010000000474974513,0.07207594066858292,0.02769368886947632,0.0,0.0,0.0,0.0,-1.699946403503418,-1.699946403503418,1.0,-1.699946403503418,0.0,-4.3776750564575195,2.398533821105957,1.0,0.07207594066858292,1.0,0.0,0.0,0.07207594066858292,0.0,0.0,0.02769368886947632,0.0,0.272306352853775,0.10967358946800232,0.06391742825508118,0.6571964025497437,0.5392954349517822,0.0,0.0,0.0,0.0,0.0,0.0,0.0,0.0,1.0,0.0,0.11726384609937668,0.3064635694026947,0.37468940019607544,0.025104088708758354,0.0,0.10684999823570251,0.10265427827835083,0.10265427827835083,0.18133361637592316,0.08963844180107117,4.2594369004111954e-11,0.0,0.0,3.935676097869873,3.935676097869873,2.401122808456421,2.401122808456421,0.7610291838645935,0.0,0.0,0.0,0.0,0.27230632305145264,0.13212954998016357,0.00304302666336298,0.8409044742584229,0.5392954349517822,0.054993875324726105,2.384136915206909,2.4114248752593994,2.401122808456421,2.3335535526275635,2.398533821105957,0.16204169392585754,0.06615161150693893,1.0,2.2885680198669434,2.316779136657715,2.3043084144592285,0.0,0.0,0.0,0.0,0.0,0.0,0.0,,,,,,,,,,,,,,,,,0.00025
32,10500,train,0.03759686276316643,0.11925695091485977,0.12204894423484802,0.0,0.006437471602112055,0.006437471602112055,0.0,3.5211260318756104,9.999999747378752e-05,0.029999999329447746,0.029999999329447746,0.029999999329447746,0.0010000000474974513,0.0010000000474974513,0.07151123881340027,0.020134955644607544,0.0,0.0,0.0,0.0,-1.778446078300476,-1.778446078300476,1.0,-1.778446078300476,0.0,-4.545498847961426,2.187711000442505,1.0,0.07151123881340027,1.0,0.0,0.0,0.07151123881340027,0.0,0.0,0.020134955644607544,0.0,0.3201349675655365,0.09538155794143677,0.0805526077747345,0.688491702079773,0.5936487913131714,0.0,0.0,0.0,0.0,0.0,0.0,0.0,0.0,1.0,0.0,0.09464141726493835,0.29126009345054626,0.3365035951137543,0.022247707471251488,0.0,0.12204894423484802,0.11925695091485977,0.11925695091485977,0.20285174250602722,0.15991631150245667,-2.703579304874637e-10,0.0,0.0,4.166265487670898,4.166265487670898,2.158982038497925,2.158982038497925,0.8964000940322876,0.0,0.0,0.0,0.0,0.3201349675655365,0.1176539734005928,0.02152009680867195,0.9067904949188232,0.5936487913131714,0.06050858274102211,2.147167921066284,2.16499662399292,2.158982038497925,2.152327299118042,2.187711000442505,0.14291004836559296,0.0544581413269043,1.0,2.247387647628784,2.190523624420166,2.2141432762145996,0.0,0.0,0.0,0.0,0.0,0.0,0.0,,,,,,,,,,,,,,,,,0.00025
32,10520,train,0.031816449016332626,0.11337307095527649,0.11572524905204773,0.0,0.006240088492631912,0.006240088492631912,0.0,3.4802401065826416,9.999999747378752e-05,0.029999999329447746,0.029999999329447746,0.029999999329447746,0.0010000000474974513,0.0010000000474974513,0.07331004738807678,0.0028514862060546875,0.0,0.0,0.0,0.0,-1.7552176713943481,-1.7552176713943481,1.0,-1.7552176713943481,0.0,-4.492056369781494,2.3162426948547363,1.0,0.07331004738807678,1.0,0.0,0.0,0.07331004738807678,0.0,0.0,0.0028514862060546875,0.0,0.29714855551719666,0.10248196870088577,0.06539382040500641,0.7450852394104004,0.5712997317314148,0.0,0.0,0.0,0.0,0.0,0.0,0.0,0.0,1.0,0.0,0.10522162914276123,0.30576518177986145,0.3519163727760315,0.023500842973589897,0.0,0.11572524905204773,0.11337307095527649,0.11337307095527649,0.19915713369846344,0.124125637114048,-1.864935011974822e-10,0.0,0.0,4.106170177459717,4.106170177459717,2.274028778076172,2.274028778076172,0.8689029812812805,0.0,0.0,0.0,0.0,0.29714852571487427,0.12207326292991638,0.002453463152050972,0.8971549868583679,0.5712997317314148,0.05303309112787247,2.2481701374053955,2.282445192337036,2.274028778076172,2.3059611320495605,2.3162426948547363,0.14886191487312317,0.05661400035023689,1.0,2.3154563903808594,2.2944812774658203,2.2797372341156006,0.0,0.0,0.0,0.0,0.0,0.0,0.0,,,,,,,,,,,,,,,,,0.00025
32,10540,train,0.03217962011694908,0.11176934093236923,0.11434014141559601,0.0,0.006566616706550121,0.006566616706550121,0.0,3.4778053760528564,9.999999747378752e-05,0.029999999329447746,0.029999999329447746,0.029999999329447746,0.0010000000474974513,0.0010000000474974513,0.06449301540851593,0.001177668571472168,0.0,0.0,0.0,0.0,-1.7178032398223877,-1.7178032398223877,1.0,-1.7178032398223877,0.0,-4.428186416625977,2.3549299240112305,1.0,0.06449301540851593,1.0,0.0,0.0,0.06449301540851593,0.0,0.0,0.001177668571472168,0.0,0.3011777102947235,0.10042780637741089,0.033967893570661545,0.6493635773658752,0.5712604522705078,0.0,0.0,0.0,0.0,0.0,0.0,0.0,0.0,1.0,0.0,0.11045154929161072,0.30884453654289246,0.3658571243286133,0.023883502930402756,0.0,0.11434014141559601,0.11176934093236923,0.11176934093236923,0.20371241867542267,0.123508520424366,-1.383689413048117e-10,0.0,0.0,4.074097156524658,4.074097156524658,2.355020046234131,2.355020046234131,0.8759080767631531,0.0,0.0,0.0,0.0,0.3011776804924011,0.12705235183238983,0.003945374861359596,0.7716144323348999,0.5712604522705078,0.05975797027349472,2.329693078994751,2.3602492809295654,2.355020046234131,2.3279926776885986,2.3549299240112305,0.15611347556114197,0.06172739714384079,1.0,2.312908411026001,2.3257100582122803,2.3055031299591064,0.0,0.0,0.0,0.0,0.0,0.0,0.0,,,,,,,,,,,,,,,,,0.00025
32,10560,train,0.036964062601327896,0.1165924221277237,0.11918919533491135,0.0,0.0067754765041172504,0.0067754765041172504,0.0,3.5092296600341797,9.999999747378752e-05,0.029999999329447746,0.029999999329447746,0.029999999329447746,0.0010000000474974513,0.0010000000474974513,0.06548161804676056,0.014900892972946167,0.0,0.0,0.0,0.0,-1.7350127696990967,-1.7350127696990967,1.0,-1.7350127696990967,0.0,-4.456307888031006,2.342355251312256,1.0,0.06548161804676056,1.0,0.0,0.0,0.06548161804676056,0.0,0.0,0.014900892972946167,0.0,0.3149009048938751,0.09851819276809692,0.07968400418758392,0.6649413108825684,0.587197482585907,0.0,0.0,0.0,0.0,0.0,0.0,0.0,0.0,1.0,0.0,0.10310401022434235,0.2984306812286377,0.35531285405158997,0.02295159548521042,0.0,0.11918919533491135,0.1165924221277237,0.1165924221277237,0.1998058557510376,0.12423501163721085,-3.012187999029692e-10,0.0,0.0,4.019143581390381,4.019143581390381,2.2880120277404785,2.2880120277404785,0.8476475477218628,0.0,0.0,0.0,0.0,0.3149009048938751,0.12213321030139923,0.012220949865877628,0.8853062391281128,0.587197482585907,0.06796875596046448,2.261124849319458,2.297055244445801,2.2880120277404785,2.3069095611572266,2.342355251312256,0.14887019991874695,0.05794576182961464,1.0,2.326294422149658,2.293443202972412,2.280580520629883,0.0,0.0,0.0,0.0,0.0,0.0,0.0,,,,,,,,,,,,,,,,,0.00025
32,10580,train,0.03893201798200607,0.11894971132278442,0.1226542592048645,0.0,0.006818045862019062,0.006818045862019062,0.0,3.518261432647705,9.999999747378752e-05,0.029999999329447746,0.029999999329447746,0.029999999329447746,0.0010000000474974513,0.0010000000474974513,0.07041805982589722,0.009587585926055908,0.0,0.0,0.0,0.0,-1.7530821561813354,-1.7530821561813354,1.0,-1.7530821561813354,0.0,-4.489286422729492,2.2484047412872314,1.0,0.07041805982589722,1.0,0.0,0.0,0.07041805982589722,0.0,0.0,0.009587585926055908,0.0,0.29041239619255066,0.10326424241065979,0.07256017625331879,0.6762093305587769,0.5595659017562866,0.0,0.0,0.0,0.0,0.0,0.0,0.0,0.0,1.0,0.0,0.10703415423631668,0.30385124683380127,0.3491392731666565,0.022666072472929955,0.0,0.1226542592048645,0.11894971132278442,0.11894971132278442,0.2134290337562561,0.15594197809696198,5.081596810008193e-10,0.0,0.0,4.106422424316406,4.106422424316406,2.227726697921753,2.227726697921753,0.932140588760376,0.0,0.0,0.0,0.0,0.29041242599487305,0.1296193152666092,0.005694035440683365,0.8356291055679321,0.5595659017562866,0.06092218682169914,2.2263858318328857,2.228695869445801,2.227726697921753,2.2200372219085693,2.2484047412872314,0.15264569222927094,0.057460617274045944,1.0,2.2846221923828125,2.3089957237243652,2.261793613433838,0.0,0.0,0.0,0.0,0.0,0.0,0.0,,,,,,,,,,,,,,,,,0.00025
32,10600,train,0.029614586383104324,0.11048555374145508,0.11370246857404709,0.0,0.006133743096143007,0.006133743096143007,0.0,3.4903485774993896,9.999999747378752e-05,0.029999999329447746,0.029999999329447746,0.029999999329447746,0.0010000000474974513,0.0010000000474974513,0.06455139815807343,0.012307912111282349,0.0,0.0,0.0,0.0,-1.737022876739502,-1.737022876739502,1.0,-1.737022876739502,0.0,-4.460785388946533,2.2782721519470215,1.0,0.06455139815807343,1.0,0.0,0.0,0.06455139815807343,0.0,0.0,0.012307912111282349,0.0,0.2876920998096466,0.10401920229196548,0.03694510459899902,0.5864421129226685,0.5585360527038574,0.0,0.0,0.0,0.0,0.0,0.0,0.0,0.0,1.0,0.0,0.10335715860128403,0.3033444285392761,0.3560082018375397,0.023416191339492798,0.0,0.11370246857404709,0.11048555374145508,0.11048555374145508,0.17890475690364838,0.10245756804943085,-2.5928095781502236e-10,0.0,0.0,4.066598892211914,4.066598892211914,2.2760300636291504,2.2760300636291504,0.7741675972938538,0.0,0.0,0.0,0.0,0.2876920998096466,0.12648747861385345,0.006822629831731319,0.8622074723243713,0.5585360527038574,0.046430762857198715,2.2697818279266357,2.279280185699463,2.2760300636291504,2.236783266067505,2.2782721519470215,0.15392857789993286,0.06035724654793739,1.0,2.325340986251831,2.2691802978515625,2.2842302322387695,0.0,0.0,0.0,0.0,0.0,0.0,0.0,,,,,,,,,,,,,,,,,0.00025
32,10620,train,0.03232573717832565,0.1139230951666832,0.11617376655340195,0.0,0.006531338673084974,0.006531338673084974,0.0,3.480464220046997,9.999999747378752e-05,0.029999999329447746,0.029999999329447746,0.029999999329447746,0.0010000000474974513,0.0010000000474974513,0.07045000791549683,0.01910969614982605,0.0,0.0,0.0,0.0,-1.7577608823776245,-1.7577608823776245,1.0,-1.7577608823776245,0.0,-4.511369705200195,2.256330728530884,1.0,0.07045000791549683,1.0,0.0,0.0,0.07045000791549683,0.0,0.0,0.01910969614982605,0.0,0.319109708070755,0.09967844188213348,0.08416684716939926,0.749475359916687,0.5890265107154846,0.0,0.0,0.0,0.0,0.0,0.0,0.0,0.0,1.0,0.0,0.10141058266162872,0.2952308654785156,0.3490355908870697,0.023514535278081894,0.0,0.11617376655340195,0.1139230951666832,0.1139230951666832,0.20003128051757812,0.13788263499736786,-4.2405873257322924e-10,0.0,0.0,4.048245429992676,4.048245906829834,2.2497971057891846,2.2497971057891846,0.8672839403152466,0.0,0.0,0.0,0.0,0.319109708070755,0.12483826279640198,0.023527150973677635,0.8804441690444946,0.5890265107154846,0.07329963892698288,2.224003314971924,2.2561886310577393,2.2497971057891846,2.2352452278137207,2.256330728530884,0.1415681093931198,0.05664009228348732,1.0,2.164106607437134,2.2108285427093506,2.2594783306121826,0.0,0.0,0.0,0.0,0.0,0.0,0.0,,,,,,,,,,,,,,,,,0.00025
32,10640,train,0.035765618085861206,0.11308399587869644,0.11643578112125397,0.0,0.006160547491163015,0.006160547491163015,0.0,3.4683237075805664,9.999999747378752e-05,0.029999999329447746,0.029999999329447746,0.029999999329447746,0.0010000000474974513,0.0010000000474974513,0.06805593520402908,0.009823620319366455,0.0,0.0,0.0,0.0,-1.6869176626205444,-1.6869176626205444,1.0,-1.6869176626205444,0.0,-4.38277006149292,2.363892078399658,1.0,0.06805593520402908,1.0,0.0,0.0,0.06805593520402908,0.0,0.0,0.009823620319366455,0.0,0.2901763916015625,0.09742828458547592,0.08924498409032822,0.6133397817611694,0.5626993179321289,0.0,0.0,0.0,0.0,0.0,0.0,0.0,0.0,1.0,0.0,0.1170787587761879,0.31616535782814026,0.37121814489364624,0.02415289171040058,0.0,0.11643578112125397,0.11308399587869644,0.11308399587869644,0.19821414351463318,0.12417443096637726,-3.946096227558371e-11,0.0,0.0,4.0620503425598145,4.0620503425598145,2.3620312213897705,2.3620312213897705,0.8554700016975403,0.0,0.0,0.0,0.0,0.2901763916015625,0.12459436058998108,0.015574044547975063,0.8108436465263367,0.5626993179321289,0.04731924459338188,2.3512730598449707,2.3669466972351074,2.3620312213897705,2.309406280517578,2.363892078399658,0.1668214648962021,0.06290053576231003,1.0,2.2931928634643555,2.3163890838623047,2.3224380016326904,0.0,0.0,0.0,0.0,0.0,0.0,0.0,,,,,,,,,,,,,,,,,0.00025
32,10660,train,0.035221897065639496,0.11622607707977295,0.11884132027626038,0.0,0.0057840850204229355,0.0057840850204229355,0.0,3.4778342247009277,9.999999747378752e-05,0.029999999329447746,0.029999999329447746,0.029999999329447746,0.0010000000474974513,0.0010000000474974513,0.0689619779586792,0.012222826480865479,0.0,0.0,0.0,0.0,-1.756248950958252,-1.756248950958252,1.0,-1.756248950958252,0.0,-4.506961822509766,2.2779812812805176,1.0,0.0689619779586792,1.0,0.0,0.0,0.0689619779586792,0.0,0.0,0.012222826480865479,0.0,0.31222283840179443,0.10832344740629196,0.07095304131507874,0.6405946612358093,0.5770094990730286,0.0,0.0,0.0,0.0,0.0,0.0,0.0,0.0,1.0,0.0,0.10940544307231903,0.2967837452888489,0.3535304069519043,0.023604823276400566,0.0,0.11884132027626038,0.11622607707977295,0.11622607707977295,0.18362416326999664,0.12039414048194885,1.3136601528795921e-10,0.0,0.0,4.148956775665283,4.148956775665283,2.2786929607391357,2.2786929607391357,0.8083930611610413,0.0,0.0,0.0,0.0,0.31222283840179443,0.1329503208398819,0.0033299510832875967,0.8313749432563782,0.5770094990730286,0.08455882966518402,2.2617902755737305,2.2855427265167236,2.2786929607391357,2.2531700134277344,2.2779812812805176,0.1424180418252945,0.05755617469549179,1.0,2.379159927368164,2.2438364028930664,2.2648818492889404,0.0,0.0,0.0,0.0,0.0,0.0,0.0,,,,,,,,,,,,,,,,,0.00025
32,10680,train,0.020438173785805702,0.10285233706235886,0.10542919486761093,0.0,0.00597876263782382,0.00597876263782382,0.0,3.5008809566497803,9.999999747378752e-05,0.029999999329447746,0.029999999329447746,0.029999999329447746,0.0010000000474974513,0.0010000000474974513,0.06852598488330841,0.007346600294113159,0.0,0.0,0.0,0.0,-1.73508882522583,-1.73508882522583,1.0,-1.73508882522583,0.0,-4.457669258117676,2.324601888656616,1.0,0.06852598488330841,1.0,0.0,0.0,0.06852598488330841,0.0,0.0,0.007346600294113159,0.0,0.2926534116268158,0.11044400185346603,0.060666393488645554,0.657767653465271,0.5599115490913391,0.0,0.0,0.0,0.0,0.0,0.0,0.0,0.0,1.0,0.0,0.10622955113649368,0.3049338757991791,0.3599650263786316,0.023217488080263138,0.0,0.10542919486761093,0.10285233706235886,0.10285233706235886,0.17460091412067413,0.09767711907625198,-5.042161688173508e-10,0.0,0.0,4.0317583084106445,4.0317583084106445,2.3176398277282715,2.3176398277282715,0.7504841685295105,0.0,0.0,0.0,0.0,0.2926534116268158,0.132855623960495,0.009011086076498032,0.8874324560165405,0.5599115490913391,0.06579350680112839,2.299790382385254,2.32387113571167,2.3176398277282715,2.2878856658935547,2.324601888656616,0.15637224912643433,0.0622042715549469,1.0,2.2533791065216064,2.242948532104492,2.2426974773406982,0.0,0.0,0.0,0.0,0.0,0.0,0.0,,,,,,,,,,,,,,,,,0.00025
32,10688,train_epoch,0.031762078697207624,0.11242650281972513,0.11538556280607234,0.0,0.006416633156334568,0.006416633156334568,0.0,3.483949328610997,9.999999747378752e-05,0.029999999329447746,0.029999999329447746,0.029999999329447746,0.0010000000474974513,0.0010000000474974513,0.06950106230859984,0.011923282981632713,0.0,0.0,0.0,0.0,-1.739397626437113,-1.739397626437113,1.0,-1.739397626437113,0.0,-4.46731580231718,2.3177956656781498,1.0,0.06950106230859984,1.0,0.0,0.0,0.06950106230859984,0.0,0.0,0.011923282981632713,0.0,0.2992085627096142,0.09944505320337718,0.07031455765405815,0.6712296585479897,0.5710045195625214,0.0,0.0,0.0,0.0,0.0,0.0,0.0,0.0,1.0,0.0,0.10507822355735087,0.30062455625948076,0.35636764309720365,0.023492843598618123,0.0,0.11538556280607234,0.11242650281972513,0.11242650281972513,0.1902030234386821,0.11386052192283605,-5.74309668147027e-12,0.0,0.0,4.041777165350086,4.041777166063914,2.292640922312251,2.292640922312251,0.8159577179097843,0.0,0.0,0.0,0.0,0.29920855896201676,0.12411553979276897,0.008840089738888326,0.860567842058079,0.5710045195625214,0.05680184093621855,2.2698704125638494,2.3005158515747435,2.292640922312251,2.2836164692918697,2.3177956656781498,0.14898307907010266,0.05899746748367826,1.0,2.282785152246852,2.2822891445217017,2.2821219759786913,0.0,0.0,0.0,0.0,0.0,0.0,0.0,,,,,,,,,,,,,,,,,0.00025
32,10688,val,,,,,,,,,,,,,,,,,,,,,,,,,,,,,,,,,,,,,,,,,,,,,,,,,,,,,,,,,,,,,,,,,,,,,,,,,,,,,,,,,,,,,,,,,,,,,,,,,,,16.317008409414207,690.8146121050861,26.28335237569755,11.518324813327274,15.418804215955305,24.415922210982473,10.980970606073603,16.33819428005734,26.281250670823766,11.55283430030754,17.899930502917314,29.147887790069973,12.778235998239603,16.317008409414207,26.28335237569755,11.518324813327274,0.00025
32,10688,test,,,,,,,,,,,,,,,,,,,,,,,,,,,,,,,,,,,,,,,,,,,,,,,,,,,,,,,,,,,,,,,,,,,,,,,,,,,,,,,,,,,,,,,,,,,,,,,,,,,15.870002931302732,622.8536950188715,24.95703698396249,10.637933108183715,15.047102356816197,23.318879471674816,10.413854470124116,15.878460261198851,24.99224931458701,10.769921719490945,17.326516318965602,27.408985608057083,11.308289201409966,15.870002931302732,24.95703698396249,10.637933108183715,0.00025
33,10700,train,0.03311724588274956,0.11520989239215851,0.11793699115514755,0.0,0.006424949504435062,0.006424949504435062,0.0,3.4902384281158447,9.999999747378752e-05,0.029999999329447746,0.029999999329447746,0.029999999329447746,0.0010000000474974513,0.0010000000474974513,0.07244506478309631,0.02293887734413147,0.0,0.0,0.0,0.0,-1.7719533443450928,-1.7719533443450928,1.0,-1.7719533443450928,0.0,-4.511448860168457,2.258138656616211,1.0,0.07244506478309631,1.0,0.0,0.0,0.07244506478309631,0.0,0.0,0.02293887734413147,0.0,0.3229389190673828,0.09824290126562119,0.0958755612373352,0.7138874530792236,0.5917443633079529,0.0,0.0,0.0,0.0,0.0,0.0,0.0,0.0,1.0,0.0,0.105509452521801,0.2946085035800934,0.3505435883998871,0.023168860003352165,0.0,0.11793699115514755,0.11520989239215851,0.11520989239215851,0.20605769753456116,0.14617574214935303,1.2176441799294224e-10,0.0,0.0,4.1279072761535645,4.1279072761535645,2.2535407543182373,2.2535407543182373,0.9047771096229553,0.0,0.0,0.0,0.0,0.3229388892650604,0.12539486587047577,0.01634521782398224,0.8907965421676636,0.5917443633079529,0.0797334611415863,2.2410566806793213,2.2575900554656982,2.2535407543182373,2.231245756149292,2.258138656616211,0.1452380120754242,0.056148648262023926,1.0,2.311756134033203,2.263528823852539,2.2633209228515625,0.0,0.0,0.0,0.0,0.0,0.0,0.0,,,,,,,,,,,,,,,,,0.00025
33,10720,train,0.032455433160066605,0.11251955479383469,0.11512689292430878,0.0,0.006915444508194923,0.006915444508194923,0.0,3.4635274410247803,9.999999747378752e-05,0.029999999329447746,0.029999999329447746,0.029999999329447746,0.0010000000474974513,0.0010000000474974513,0.06580401957035065,0.019980698823928833,0.0,0.0,0.0,0.0,-1.7288181781768799,-1.7288181781768799,1.0,-1.7288181781768799,0.0,-4.464218616485596,2.308161497116089,1.0,0.06580401957035065,1.0,0.0,0.0,0.06580401957035065,0.0,0.0,0.019980698823928833,0.0,0.2800193130970001,0.1052941158413887,0.03240444138646126,0.7182177901268005,0.5496852993965149,0.0,0.0,0.0,0.0,0.0,0.0,0.0,0.0,1.0,0.0,0.09681116789579391,0.3018597960472107,0.34578758478164673,0.023828567937016487,0.0,0.11512689292430878,0.11251955479383469,0.11251955479383469,0.17677146196365356,0.09505222737789154,4.542324572032186e-10,0.0,0.0,4.013681888580322,4.0136823654174805,2.2320423126220703,2.2320423126220703,0.7567674517631531,0.0,0.0,0.0,0.0,0.2800193130970001,0.12983596324920654,0.0023170984350144863,0.8551470637321472,0.5496852993965149,0.05669424310326576,2.224186897277832,2.2366085052490234,2.2320423126220703,2.277926206588745,2.308161497116089,0.14169913530349731,0.05710979923605919,1.0,2.3112807273864746,2.320023536682129,2.38826847076416,0.0,0.0,0.0,0.0,0.0,0.0,0.0,,,,,,,,,,,,,,,,,0.00025
33,10740,train,0.0287944246083498,0.10778573900461197,0.1112823337316513,0.0,0.006722630467265844,0.006722630467265844,0.0,3.493319034576416,9.999999747378752e-05,0.029999999329447746,0.029999999329447746,0.029999999329447746,0.0010000000474974513,0.0010000000474974513,0.06479936838150024,0.0076407790184021,0.0,0.0,0.0,0.0,-1.6978540420532227,-1.6978540420532227,1.0,-1.6978540420532227,0.0,-4.390618324279785,2.417274236679077,1.0,0.06479936838150024,1.0,0.0,0.0,0.06479936838150024,0.0,0.0,0.0076407790184021,0.0,0.30764079093933105,0.1062135249376297,0.08341896533966064,0.7249130010604858,0.5758566856384277,0.0,0.0,0.0,0.0,0.0,0.0,0.0,0.0,1.0,0.0,0.10535374283790588,0.305050253868103,0.37230250239372253,0.023508327081799507,0.0,0.1112823337316513,0.10778573900461197,0.10778573900461197,0.18116046488285065,0.09739264845848083,1.6648840639454932e-10,0.0,0.0,3.9977431297302246,3.9977431297302246,2.373696804046631,2.373696804046631,0.7681295871734619,0.0,0.0,0.0,0.0,0.30764079093933105,0.13046620786190033,0.0081503139808774,0.8920818567276001,0.5758566856384277,0.0782475546002388,2.3394603729248047,2.385387897491455,2.373696804046631,2.339038133621216,2.417274236679077,0.15703745186328888,0.06212030351161957,1.0,2.2485904693603516,2.306473970413208,2.33113694190979,0.0,0.0,0.0,0.0,0.0,0.0,0.0,,,,,,,,,,,,,,,,,0.00025
33,10760,train,0.022922219708561897,0.10315714031457901,0.1073746532201767,0.0,0.006380606442689896,0.006380606442689896,0.0,3.454503297805786,9.999999747378752e-05,0.029999999329447746,0.029999999329447746,0.029999999329447746,0.0010000000474974513,0.0010000000474974513,0.0669512003660202,0.0031371116638183594,0.0,0.0,0.0,0.0,-1.7052801847457886,-1.7052801847457886,1.0,-1.7052801847457886,0.0,-4.3770246505737305,2.4295647144317627,1.0,0.0669512003660202,1.0,0.0,0.0,0.0669512003660202,0.0,0.0,0.0031371116638183594,0.0,0.2968629002571106,0.0962718278169632,0.06589299440383911,0.63782799243927,0.5695396661758423,0.0,0.0,0.0,0.0,0.0,0.0,0.0,0.0,1.0,0.0,0.11107473820447922,0.3083653151988983,0.37583330273628235,0.024593040347099304,0.0,0.1073746532201767,0.10315714031457901,0.10315714031457901,0.1872979700565338,0.10036620497703552,-2.2687529632747783e-10,0.0,0.0,3.967883348464966,3.967883348464966,2.4084718227386475,2.4084718227386475,0.7881553173065186,0.0,0.0,0.0,0.0,0.2968629002571106,0.12395720928907394,0.010503903962671757,0.8556424975395203,0.5695396661758423,0.05068933963775635,2.3592734336853027,2.425640821456909,2.4084718227386475,2.3671529293060303,2.4295647144317627,0.15968428552150726,0.06268098950386047,1.0,2.2866203784942627,2.262089252471924,2.276881217956543,0.0,0.0,0.0,0.0,0.0,0.0,0.0,,,,,,,,,,,,,,,,,0.00025
33,10780,train,0.029687078669667244,0.10958540439605713,0.11325323581695557,0.0,0.006174519192427397,0.006174519192427397,0.0,3.449678659439087,9.999999747378752e-05,0.029999999329447746,0.029999999329447746,0.029999999329447746,0.0010000000474974513,0.0010000000474974513,0.08107592165470123,0.013658285140991211,0.0,0.0,0.0,0.0,-1.7195651531219482,-1.7195651531219482,1.0,-1.7195651531219482,0.0,-4.408158302307129,2.378634452819824,1.0,0.08107592165470123,1.0,0.0,0.0,0.08107592165470123,0.0,0.0,0.013658285140991211,0.0,0.31365832686424255,0.10474498569965363,0.08011167496442795,0.6981892585754395,0.5827562212944031,0.0,0.0,0.0,0.0,0.0,0.0,0.0,0.0,1.0,0.0,0.11394041776657104,0.31144195795059204,0.3684154748916626,0.024544652551412582,0.0,0.11325323581695557,0.10958540439605713,0.10958540439605713,0.20123468339443207,0.1146211102604866,-1.4611896415051007e-10,0.0,0.0,3.997544288635254,3.997544288635254,2.3557844161987305,2.3557844161987305,0.8488574028015137,0.0,0.0,0.0,0.0,0.31365829706192017,0.12719497084617615,0.009658177383244038,0.883137047290802,0.5827562212944031,0.06824448704719543,2.333125352859497,2.365696430206299,2.3557844161987305,2.3433587551116943,2.378634452819824,0.15778295695781708,0.06087223440408707,1.0,2.20933198928833,2.2758796215057373,2.299180030822754,0.0,0.0,0.0,0.0,0.0,0.0,0.0,,,,,,,,,,,,,,,,,0.00025
33,10800,train,0.03607868403196335,0.11394637078046799,0.11795563250780106,0.0,0.006657519843429327,0.006657519843429327,0.0,3.4505956172943115,9.999999747378752e-05,0.029999999329447746,0.029999999329447746,0.029999999329447746,0.0010000000474974513,0.0010000000474974513,0.07163193821907043,0.014511197805404663,0.0,0.0,0.0,0.0,-1.7014957666397095,-1.7014957666397095,1.0,-1.7014957666397095,0.0,-4.397547245025635,2.325108289718628,1.0,0.07163193821907043,1.0,0.0,0.0,0.07163193821907043,0.0,0.0,0.014511197805404663,0.0,0.2854887843132019,0.10802707821130753,0.05851136893033981,0.7063261270523071,0.554519772529602,0.0,0.0,0.0,0.0,0.0,0.0,0.0,0.0,1.0,0.0,0.1109844446182251,0.3155939280986786,0.36761146783828735,0.024544155225157738,0.0,0.11795563250780106,0.11394637078046799,0.11394637078046799,0.21133001148700714,0.1449669897556305,-8.409097723705017e-11,0.0,0.0,4.13604211807251,4.13604211807251,2.33025860786438,2.33025860786438,0.9332782030105591,0.0,0.0,0.0,0.0,0.2854888141155243,0.12912245094776154,0.0026226816698908806,0.8957587480545044,0.554519772529602,0.04355086013674736,2.3270773887634277,2.3327295780181885,2.33025860786438,2.281484842300415,2.325108289718628,0.16758716106414795,0.06142454221844673,1.0,2.400484561920166,2.327263355255127,2.3235044479370117,0.0,0.0,0.0,0.0,0.0,0.0,0.0,,,,,,,,,,,,,,,,,0.00025
33,10820,train,0.03423953801393509,0.11557648330926895,0.11871418356895447,0.0,0.006276422180235386,0.006276422180235386,0.0,3.4571421146392822,9.999999747378752e-05,0.029999999329447746,0.029999999329447746,0.029999999329447746,0.0010000000474974513,0.0010000000474974513,0.07063610106706619,0.011619389057159424,0.0,0.0,0.0,0.0,-1.7616006135940552,-1.7616006135940552,1.0,-1.7616006135940552,0.0,-4.501968860626221,2.2522058486938477,1.0,0.07063610106706619,1.0,0.0,0.0,0.07063610106706619,0.0,0.0,0.011619389057159424,0.0,0.3116194009780884,0.08924013376235962,0.08592823147773743,0.7036792635917664,0.585230827331543,0.0,0.0,0.0,0.0,0.0,0.0,0.0,0.0,1.0,0.0,0.10400651395320892,0.2926984429359436,0.3503952622413635,0.024109601974487305,0.0,0.11871418356895447,0.11557648330926895,0.11557648330926895,0.20634189248085022,0.1538793444633484,-3.3287453349295504e-10,0.0,0.0,4.138528823852539,4.138528823852539,2.2562625408172607,2.2562625408172607,0.9035130143165588,0.0,0.0,0.0,0.0,0.3116194009780884,0.1200961172580719,0.0022458313032984734,0.8775388598442078,0.585230827331543,0.061994489282369614,2.238041877746582,2.262800455093384,2.2562625408172607,2.2255890369415283,2.2522058486938477,0.14276210963726044,0.055825818330049515,1.0,2.336369037628174,2.295605421066284,2.216397762298584,0.0,0.0,0.0,0.0,0.0,0.0,0.0,,,,,,,,,,,,,,,,,0.00025
33,10840,train,0.022475356236100197,0.10153835266828537,0.10451733320951462,0.0,0.006034405902028084,0.006034405902028084,0.0,3.4328620433807373,9.999999747378752e-05,0.029999999329447746,0.029999999329447746,0.029999999329447746,0.0010000000474974513,0.0010000000474974513,0.057828765362501144,0.001402437686920166,0.0,0.0,0.0,0.0,-1.6758337020874023,-1.6758337020874023,1.0,-1.6758337020874023,0.0,-4.363755702972412,2.469884157180786,1.0,0.057828765362501144,1.0,0.0,0.0,0.057828765362501144,0.0,0.0,0.001402437686920166,0.0,0.2985975444316864,0.10819056630134583,0.04869388788938522,0.7049228549003601,0.5618455410003662,0.0,0.0,0.0,0.0,0.0,0.0,0.0,0.0,1.0,0.0,0.09777109324932098,0.293832004070282,0.37504833936691284,0.025071391835808754,0.0,0.10451733320951462,0.10153835266828537,0.10153835266828537,0.16873961687088013,0.06718181818723679,-3.5937894327098263e-10,0.0,0.0,4.0218892097473145,4.0218892097473145,2.3988842964172363,2.3988842964172363,0.7060292363166809,0.0,0.0,0.0,0.0,0.2985975742340088,0.13778835535049438,0.00218219100497663,0.8823506236076355,0.5618455410003662,0.07478554546833038,2.3622734546661377,2.415557861328125,2.3988842964172363,2.4473931789398193,2.469884157180786,0.15599295496940613,0.06121845543384552,1.0,2.515263795852661,2.4326071739196777,2.4262948036193848,0.0,0.0,0.0,0.0,0.0,0.0,0.0,,,,,,,,,,,,,,,,,0.00025
33,10860,train,0.04744294285774231,0.12483659386634827,0.1281391978263855,0.0,0.0068263038992881775,0.0068263038992881775,0.0,3.4699113368988037,9.999999747378752e-05,0.029999999329447746,0.029999999329447746,0.029999999329447746,0.0010000000474974513,0.0010000000474974513,0.06825347244739532,0.006271004676818848,0.0,0.0,0.0,0.0,-1.7274632453918457,-1.7274632453918457,1.0,-1.7274632453918457,0.0,-4.473676681518555,2.2838246822357178,1.0,0.06825347244739532,1.0,0.0,0.0,0.06825347244739532,0.0,0.0,0.006271004676818848,0.0,0.2937289774417877,0.10471778362989426,0.06121377646923065,0.7857108116149902,0.5632563829421997,0.0,0.0,0.0,0.0,0.0,0.0,0.0,0.0,1.0,0.0,0.09562177211046219,0.30047109723091125,0.3445971608161926,0.023599551990628242,0.0,0.1281391978263855,0.12483659386634827,0.12483659386634827,0.19658008217811584,0.12709707021713257,-1.4840731421550402e-10,0.0,0.0,4.062387943267822,4.062387943267822,2.206698417663574,2.206698417663574,0.8478516936302185,0.0,0.0,0.0,0.0,0.2937290072441101,0.12923283874988556,0.003547488944604993,0.8935987949371338,0.5632563829421997,0.05640318989753723,2.2011301517486572,2.2102317810058594,2.206698417663574,2.2623488903045654,2.2838246822357178,0.14763228595256805,0.05543392524123192,1.0,2.341388463973999,2.2896358966827393,2.3089399337768555,0.0,0.0,0.0,0.0,0.0,0.0,0.0,,,,,,,,,,,,,,,,,0.00025
33,10880,train,0.03194844350218773,0.1099977195262909,0.11339792609214783,0.0,0.0069970544427633286,0.0069970544427633286,0.0,3.420072317123413,9.999999747378752e-05,0.029999999329447746,0.029999999329447746,0.029999999329447746,0.0010000000474974513,0.0010000000474974513,0.06627368927001953,0.010523945093154907,0.0,0.0,0.0,0.0,-1.6892929077148438,-1.6892929077148438,1.0,-1.6892929077148438,0.0,-4.381819725036621,2.3626484870910645,1.0,0.06627368927001953,1.0,0.0,0.0,0.06627368927001953,0.0,0.0,0.010523945093154907,0.0,0.28947606682777405,0.11752066761255264,0.06071590632200241,0.6773351430892944,0.5512774586677551,0.0,0.0,0.0,0.0,0.0,0.0,0.0,0.0,1.0,0.0,0.1006896048784256,0.31326380372047424,0.3583519756793976,0.02516443282365799,0.0,0.11339792609214783,0.1099977195262909,0.1099977195262909,0.17620521783828735,0.0963699147105217,-4.48251748219608e-11,0.0,0.0,4.048428058624268,4.048428058624268,2.2873988151550293,2.2873988151550293,0.7623386383056641,0.0,0.0,0.0,0.0,0.28947606682777405,0.14004433155059814,0.0012563744094222784,0.8633847236633301,0.5512774586677551,0.06985294818878174,2.288968801498413,2.2921202182769775,2.2873988151550293,2.3221664428710938,2.3626484870910645,0.15398317575454712,0.0605863481760025,1.0,2.311985492706299,2.299299955368042,2.387881278991699,0.0,0.0,0.0,0.0,0.0,0.0,0.0,,,,,,,,,,,,,,,,,0.00025
33,10900,train,0.030966492369771004,0.1107708290219307,0.11469686031341553,0.0,0.0064505115151405334,0.0064505115151405334,0.0,3.438905715942383,9.999999747378752e-05,0.029999999329447746,0.029999999329447746,0.029999999329447746,0.0010000000474974513,0.0010000000474974513,0.06928450614213943,0.015340417623519897,0.0,0.0,0.0,0.0,-1.7227623462677002,-1.7227623462677002,1.0,-1.7227623462677002,0.0,-4.4392619132995605,2.2538888454437256,1.0,0.06928450614213943,1.0,0.0,0.0,0.06928450614213943,0.0,0.0,0.015340417623519897,0.0,0.28465956449508667,0.10217158496379852,0.06633471697568893,0.6827281713485718,0.5529565215110779,0.0,0.0,0.0,0.0,0.0,0.0,0.0,0.0,1.0,0.0,0.10744253545999527,0.30391061305999756,0.35505855083465576,0.02465767040848732,0.0,0.11469686031341553,0.1107708290219307,0.1107708290219307,0.1961865872144699,0.1345263570547104,-2.8537142093831847e-10,0.0,0.0,4.10907506942749,4.10907506942749,2.2454793453216553,2.2454793453216553,0.856274425983429,0.0,0.0,0.0,0.0,0.28465959429740906,0.12998293340206146,0.007590915076434612,0.8746338486671448,0.5529565215110779,0.04667586088180542,2.2628018856048584,2.244274616241455,2.2454793453216553,2.2076570987701416,2.2538888454437256,0.15566638112068176,0.05989522486925125,1.0,2.4297142028808594,2.375455856323242,2.3716132640838623,0.0,0.0,0.0,0.0,0.0,0.0,0.0,,,,,,,,,,,,,,,,,0.00025
33,10920,train,0.0374298095703125,0.11744620651006699,0.12030448019504547,0.0,0.006818397436290979,0.006818397436290979,0.0,3.4534249305725098,9.999999747378752e-05,0.029999999329447746,0.029999999329447746,0.029999999329447746,0.0010000000474974513,0.0010000000474974513,0.06263317912817001,0.0023940205574035645,0.0,0.0,0.0,0.0,-1.7448703050613403,-1.7448703050613403,1.0,-1.7448703050613403,0.0,-4.487269401550293,2.2584526538848877,1.0,0.06263317912817001,1.0,0.0,0.0,0.06263317912817001,0.0,0.0,0.0023940205574035645,0.0,0.2976059913635254,0.095644511282444,0.0601208321750164,0.6481573581695557,0.5715189576148987,0.0,0.0,0.0,0.0,0.0,0.0,0.0,0.0,1.0,0.0,0.09758154302835464,0.30565622448921204,0.3435468375682831,0.023982031270861626,0.0,0.12030448019504547,0.11744620651006699,0.11744620651006699,0.1974761039018631,0.13853636384010315,-1.8120011047173534e-10,0.0,0.0,4.094663143157959,4.094663143157959,2.2110965251922607,2.2110965251922607,0.8568640351295471,0.0,0.0,0.0,0.0,0.2976059913635254,0.12207207083702087,0.003637752728536725,0.9042208790779114,0.5715189576148987,0.047441791743040085,2.2102675437927246,2.2116405963897705,2.2110965251922607,2.2493159770965576,2.2584526538848877,0.1456063985824585,0.05529535189270973,1.0,2.254063606262207,2.294299840927124,2.303739547729492,0.0,0.0,0.0,0.0,0.0,0.0,0.0,,,,,,,,,,,,,,,,,0.00025
33,10940,train,0.03933068364858627,0.12207510322332382,0.1242038831114769,0.0,0.0065636406652629375,0.0065636406652629375,0.0,3.490241289138794,9.999999747378752e-05,0.029999999329447746,0.029999999329447746,0.029999999329447746,0.0010000000474974513,0.0010000000474974513,0.0679226890206337,0.07020685076713562,0.0,0.0,0.0,0.0,-1.804487705230713,-1.804487705230713,1.0,-1.804487705230713,0.0,-4.593595027923584,2.2054953575134277,1.0,0.0679226890206337,1.0,0.0,0.0,0.0679226890206337,0.0,0.0,0.07020685076713562,0.0,0.3702068626880646,0.10542735457420349,0.11295688152313232,0.7251622080802917,0.621965765953064,0.0,0.0,0.0,0.0,0.0,0.0,0.0,0.0,1.0,0.0,0.08434414118528366,0.2731395661830902,0.3330081105232239,0.02281968668103218,0.0,0.1242038831114769,0.12207510322332382,0.12207510322332382,0.1970062553882599,0.14868180453777313,6.827450410584746e-11,0.0,0.0,4.108153343200684,4.108153343200684,2.1587026119232178,2.1587026119232178,0.8551307320594788,0.0,0.0,0.0,0.0,0.3702068626880646,0.12932878732681274,0.022697698324918747,0.9213383793830872,0.621965765953064,0.15321692824363708,2.1582069396972656,2.158768892288208,2.1587026119232178,2.196596145629883,2.2054953575134277,0.13416029512882233,0.05031145364046097,1.0,2.298414707183838,2.357027053833008,2.294975996017456,0.0,0.0,0.0,0.0,0.0,0.0,0.0,,,,,,,,,,,,,,,,,0.00025
33,10960,train,0.04103558510541916,0.11667275428771973,0.1196676641702652,0.0,0.0067840078845620155,0.0067840078845620155,0.0,3.455605983734131,9.999999747378752e-05,0.029999999329447746,0.029999999329447746,0.029999999329447746,0.0010000000474974513,0.0010000000474974513,0.06533011794090271,0.02134910225868225,0.0,0.0,0.0,0.0,-1.6701076030731201,-1.6701076030731201,1.0,-1.6701076030731201,0.0,-4.362944602966309,2.4506728649139404,1.0,0.06533011794090271,1.0,0.0,0.0,0.06533011794090271,0.0,0.0,0.02134910225868225,0.0,0.3213491439819336,0.1124592125415802,0.07568274438381195,0.7449218034744263,0.580746054649353,0.0,0.0,0.0,0.0,0.0,0.0,0.0,0.0,1.0,0.0,0.10741081833839417,0.3084506392478943,0.36462026834487915,0.024368228390812874,0.0,0.1196676641702652,0.11667275428771973,0.11667275428771973,0.1838490217924118,0.09125036001205444,-4.511628223791142e-11,0.0,0.0,4.051651954650879,4.051651954650879,2.345417022705078,2.345417022705078,0.7912874221801758,0.0,0.0,0.0,0.0,0.3213491141796112,0.1395881175994873,0.000978901982307434,0.8775954246520996,0.580746054649353,0.0962316244840622,2.330331563949585,2.35540771484375,2.345417022705078,2.4267830848693848,2.4506728649139404,0.1530732810497284,0.05989883840084076,1.0,2.522327423095703,2.4101648330688477,2.4170761108398438,0.0,0.0,0.0,0.0,0.0,0.0,0.0,,,,,,,,,,,,,,,,,0.00025
33,10980,train,0.042893312871456146,0.12004808336496353,0.1232701912522316,0.0,0.006624229252338409,0.006624229252338409,0.0,3.486361026763916,9.999999747378752e-05,0.029999999329447746,0.029999999329447746,0.029999999329447746,0.0010000000474974513,0.0010000000474974513,0.07123252749443054,0.01095491647720337,0.0,0.0,0.0,0.0,-1.707305908203125,-1.707305908203125,1.0,-1.707305908203125,0.0,-4.429274559020996,2.4067983627319336,1.0,0.07123252749443054,1.0,0.0,0.0,0.07123252749443054,0.0,0.0,0.01095491647720337,0.0,0.2890450954437256,0.08671417087316513,0.0890464037656784,0.6175700426101685,0.5698968768119812,0.0,0.0,0.0,0.0,0.0,0.0,0.0,0.0,1.0,0.0,0.10830411314964294,0.31164222955703735,0.3680320978164673,0.02372070401906967,0.0,0.1232701912522316,0.12004808336496353,0.12004808336496353,0.20212967693805695,0.10739658772945404,-7.313766814398548e-10,0.0,0.0,4.098477840423584,4.098477840423584,2.3644752502441406,2.3644752502441406,0.8673366904258728,0.0,0.0,0.0,0.0,0.2890450954437256,0.11186019331216812,0.009502160362899303,0.8278422355651855,0.5698968768119812,0.03772978112101555,2.3332595825195312,2.3746426105499268,2.3644752502441406,2.3673720359802246,2.4067983627319336,0.15439251065254211,0.05927873030304909,1.0,2.374509572982788,2.32114315032959,2.2972683906555176,0.0,0.0,0.0,0.0,0.0,0.0,0.0,,,,,,,,,,,,,,,,,0.00025
33,11000,train,0.03469666466116905,0.11523064970970154,0.11919068545103073,0.0,0.006487689912319183,0.006487689912319183,0.0,3.5072357654571533,9.999999747378752e-05,0.029999999329447746,0.029999999329447746,0.029999999329447746,0.0010000000474974513,0.0010000000474974513,0.06965690106153488,0.009685128927230835,0.0,0.0,0.0,0.0,-1.74994695186615,-1.74994695186615,1.0,-1.74994695186615,0.0,-4.491030216217041,2.2654964923858643,1.0,0.06965690106153488,1.0,0.0,0.0,0.06965690106153488,0.0,0.0,0.009685128927230835,0.0,0.3096851706504822,0.09972487390041351,0.0768372043967247,0.6726862788200378,0.5813275575637817,0.0,0.0,0.0,0.0,0.0,0.0,0.0,0.0,1.0,0.0,0.1057591587305069,0.2980267405509949,0.3530750572681427,0.022953128442168236,0.0,0.11919068545103073,0.11523064970970154,0.11523064970970154,0.1959058940410614,0.12967698276042938,-9.632324105002255e-11,0.0,0.0,4.099552154541016,4.099552154541016,2.2690725326538086,2.2690725326538086,0.8549340963363647,0.0,0.0,0.0,0.0,0.3096851408481598,0.12468883395195007,0.005424709990620613,0.8722133040428162,0.5813275575637817,0.07483150064945221,2.256368637084961,2.2725892066955566,2.2690725326538086,2.2281689643859863,2.2654964923858643,0.14998044073581696,0.05864451453089714,1.0,2.291571617126465,2.2723348140716553,2.2692158222198486,0.0,0.0,0.0,0.0,0.0,0.0,0.0,,,,,,,,,,,,,,,,,0.00025
33,11020,train,0.025547491386532784,0.10805950313806534,0.11060748249292374,0.0,0.006579225417226553,0.006579225417226553,0.0,3.482787847518921,9.999999747378752e-05,0.029999999329447746,0.029999999329447746,0.029999999329447746,0.0010000000474974513,0.0010000000474974513,0.06370401382446289,0.004245072603225708,0.0,0.0,0.0,0.0,-1.7541186809539795,-1.7541186809539795,1.0,-1.7541186809539795,0.0,-4.483637809753418,2.263176679611206,1.0,0.06370401382446289,1.0,0.0,0.0,0.06370401382446289,0.0,0.0,0.004245072603225708,0.0,0.29575496912002563,0.09870127588510513,0.05957096070051193,0.7105503082275391,0.5689845085144043,0.0,0.0,0.0,0.0,0.0,0.0,0.0,0.0,1.0,0.0,0.09440749138593674,0.2992057800292969,0.3501463830471039,0.023493457585573196,0.0,0.11060748249292374,0.10805950313806534,0.10805950313806534,0.1801561713218689,0.10776305943727493,-1.3837531120941549e-10,0.0,0.0,4.033270359039307,4.033270359039307,2.258089065551758,2.258089065551758,0.7686269283294678,0.0,0.0,0.0,0.0,0.29575493931770325,0.12417137622833252,0.008340793661773205,0.8398619294166565,0.5689845085144043,0.058118876069784164,2.2219576835632324,2.270017385482788,2.258089065551758,2.222498655319214,2.263176679611206,0.14379076659679413,0.0581371895968914,1.0,2.2833704948425293,2.3285646438598633,2.283283233642578,0.0,0.0,0.0,0.0,0.0,0.0,0.0,,,,,,,,,,,,,,,,,0.00025
33,11022,train_epoch,0.03162732620271826,0.112249492550503,0.11521448049984293,0.0,0.0064170948218576565,0.0064170948218576565,0.0,3.4670042848872566,9.999999747378752e-05,0.029999999329447746,0.029999999329447746,0.029999999329447746,0.0010000000474974513,0.0010000000474974513,0.06910987553036141,0.010918293527500358,0.0,0.0,0.0,0.0,-1.7380717678698236,-1.7380717678698236,1.0,-1.7380717678698236,0.0,-4.464621067047119,2.3166364774018704,1.0,0.06910987553036141,1.0,0.0,0.0,0.06910987553036141,0.0,0.0,0.010918293527500358,0.0,0.3002740966524193,0.10010046645731269,0.07165764064756697,0.6729699366106958,0.5717326907697552,0.0,0.0,0.0,0.0,0.0,0.0,0.0,0.0,1.0,0.0,0.10393033366271122,0.30060263201148213,0.3560033496803866,0.023932038845416316,0.0,0.11521448049984293,0.112249492550503,0.112249492550503,0.1908243790625812,0.11688414197080507,-4.415469291630094e-12,0.0,0.0,4.0553808290801365,4.055380836218417,2.290939027677753,2.290939027677753,0.8218003868342874,0.0,0.0,0.0,0.0,0.30027409192330823,0.1246657737580959,0.008982848339612333,0.8640935463819676,0.5717326907697552,0.05891443577645246,2.2682585751938964,2.2986702547815745,2.290939027677753,2.2831915781169596,2.3166364774018704,0.14865536425641912,0.05859501307417533,1.0,2.2846486818290757,2.2833402099723585,2.2836314975144623,0.0,0.0,0.0,0.0,0.0,0.0,0.0,,,,,,,,,,,,,,,,,0.00025
33,11022,val,,,,,,,,,,,,,,,,,,,,,,,,,,,,,,,,,,,,,,,,,,,,,,,,,,,,,,,,,,,,,,,,,,,,,,,,,,,,,,,,,,,,,,,,,,,,,,,,,,,16.46839137549873,697.8863979717632,26.417539589669648,11.395925891291988,15.672552048623025,24.702431013802435,10.816107088381106,16.388272989977587,26.347891398997163,11.170943307447004,18.052241063332772,29.240184483196916,12.49765734200005,16.46839137549873,26.417539589669648,11.395925891291988,0.00025
34,11040,train,0.025028493255376816,0.10753032565116882,0.11013111472129822,0.0,0.005978792440146208,0.005978792440146208,0.0,3.4447762966156006,9.999999747378752e-05,0.029999999329447746,0.029999999329447746,0.029999999329447746,0.0010000000474974513,0.0010000000474974513,0.0626693069934845,0.012303978204727173,0.0,0.0,0.0,0.0,-1.7521145343780518,-1.7521145343780518,1.0,-1.7521145343780518,0.0,-4.489941596984863,2.265371322631836,1.0,0.0626693069934845,1.0,0.0,0.0,0.0626693069934845,0.0,0.0,0.012303978204727173,0.0,0.2876960337162018,0.10983289778232574,0.06922575831413269,0.6950435638427734,0.5531666874885559,0.0,0.0,0.0,0.0,0.0,0.0,0.0,0.0,1.0,0.0,0.09699321538209915,0.2915920615196228,0.3473359942436218,0.024291999638080597,0.0,0.11013111472129822,0.10753032565116882,0.10753032565116882,0.17347067594528198,0.10066218674182892,1.7806670027376015e-10,0.0,0.0,4.018065452575684,4.018065452575684,2.239220142364502,2.239220142364502,0.7386419177055359,0.0,0.0,0.0,0.0,0.2876960337162018,0.13555781543254852,0.008213715627789497,0.8633404970169067,0.5531666874885559,0.0727328509092331,2.228313684463501,2.242794990539551,2.239220142364502,2.243542432785034,2.265371322631836,0.14459949731826782,0.05757349357008934,1.0,2.3622937202453613,2.348170042037964,2.3640027046203613,0.0,0.0,0.0,0.0,0.0,0.0,0.0,,,,,,,,,,,,,,,,,0.00025
34,11060,train,0.02811293490231037,0.1106124296784401,0.11271176487207413,0.0,0.006077664438635111,0.006077664438635111,0.0,3.4644453525543213,9.999999747378752e-05,0.029999999329447746,0.029999999329447746,0.029999999329447746,0.0010000000474974513,0.0010000000474974513,0.06876026839017868,0.02098509669303894,0.0,0.0,0.0,0.0,-1.7610061168670654,-1.7610061168670654,1.0,-1.7610061168670654,0.0,-4.514809608459473,2.2905685901641846,1.0,0.06876026839017868,1.0,0.0,0.0,0.06876026839017868,0.0,0.0,0.02098509669303894,0.0,0.3209851384162903,0.0999317392706871,0.04939674586057663,0.6673480868339539,0.5894122123718262,0.0,0.0,0.0,0.0,0.0,0.0,0.0,0.0,1.0,0.0,0.10350590199232101,0.30190426111221313,0.3512989282608032,0.02405189536511898,0.0,0.11271176487207413,0.1106124296784401,0.1106124296784401,0.1853402554988861,0.1096808984875679,-3.0062081296522436e-11,0.0,0.0,4.044583320617676,4.044583320617676,2.2769148349761963,2.2769148349761963,0.7973121404647827,0.0,0.0,0.0,0.0,0.3209851086139679,0.1257064938545227,0.005704868584871292,0.9008069634437561,0.5894122123718262,0.07196691632270813,2.2423274517059326,2.290496587753296,2.2769148349761963,2.2767155170440674,2.2905685901641846,0.1425633281469345,0.0573236346244812,1.0,2.3454713821411133,2.2946279048919678,2.217061758041382,0.0,0.0,0.0,0.0,0.0,0.0,0.0,,,,,,,,,,,,,,,,,0.00025
34,11080,train,0.04027300328016281,0.12109880894422531,0.12401004135608673,0.0,0.00653544208034873,0.00653544208034873,0.0,3.5062456130981445,9.999999747378752e-05,0.029999999329447746,0.029999999329447746,0.029999999329447746,0.0010000000474974513,0.0010000000474974513,0.06472079455852509,0.011604785919189453,0.0,0.0,0.0,0.0,-1.7708470821380615,-1.7708470821380615,1.0,-1.7708470821380615,0.0,-4.530453205108643,2.1914291381835938,1.0,0.06472079455852509,1.0,0.0,0.0,0.06472079455852509,0.0,0.0,0.011604785919189453,0.0,0.3116048276424408,0.10070757567882538,0.06584150344133377,0.7574671506881714,0.5833333730697632,0.0,0.0,0.0,0.0,0.0,0.0,0.0,0.0,1.0,0.0,0.09668011963367462,0.29252684116363525,0.3376743495464325,0.022810354828834534,0.0,0.12401004135608673,0.12109880894422531,0.12109880894422531,0.19914120435714722,0.14990094304084778,-3.927931591096723e-11,0.0,0.0,4.1004157066345215,4.1004157066345215,2.165499448776245,2.165499448776245,0.8619869351387024,0.0,0.0,0.0,0.0,0.3116047978401184,0.12446672469377518,0.011855846270918846,0.908709704875946,0.5833333730697632,0.07014399766921997,2.1696345806121826,2.166219711303711,2.165499448776245,2.145108699798584,2.1914291381835938,0.14139705896377563,0.05528729408979416,1.0,2.332766532897949,2.257314682006836,2.2472116947174072,0.0,0.0,0.0,0.0,0.0,0.0,0.0,,,,,,,,,,,,,,,,,0.00025
34,11100,train,0.029073167592287064,0.10953488945960999,0.1115565150976181,0.0,0.0058261798694729805,0.0058261798694729805,0.0,3.4946258068084717,9.999999747378752e-05,0.029999999329447746,0.029999999329447746,0.029999999329447746,0.0010000000474974513,0.0010000000474974513,0.06713327765464783,0.0030895471572875977,0.0,0.0,0.0,0.0,-1.7227915525436401,-1.7227915525436401,1.0,-1.7227915525436401,0.0,-4.437607765197754,2.419132709503174,1.0,0.06713327765464783,1.0,0.0,0.0,0.06713327765464783,0.0,0.0,0.0030895471572875977,0.0,0.30308955907821655,0.09465259313583374,0.08555398881435394,0.668458878993988,0.5787886381149292,0.0,0.0,0.0,0.0,0.0,0.0,0.0,0.0,1.0,0.0,0.10118699818849564,0.2914496660232544,0.3589080572128296,0.023403091356158257,0.0,0.1115565150976181,0.10953488945960999,0.10953488945960999,0.17558549344539642,0.08223263174295425,2.0812528783720197e-11,0.0,0.0,4.01970100402832,4.01970100402832,2.3216280937194824,2.3216280937194824,0.7488303780555725,0.0,0.0,0.0,0.0,0.30308955907821655,0.11885847896337509,0.0038552533369511366,0.8314058184623718,0.5787886381149292,0.051317404955625534,2.2761003971099854,2.3357088565826416,2.3216280937194824,2.383951425552368,2.419132709503174,0.14556844532489777,0.0576096810400486,1.0,2.2999820709228516,2.2678239345550537,2.3055901527404785,0.0,0.0,0.0,0.0,0.0,0.0,0.0,,,,,,,,,,,,,,,,,0.00025
34,11120,train,0.03390524908900261,0.11411629617214203,0.11783194541931152,0.0,0.006668005138635635,0.006668005138635635,0.0,3.5056312084198,9.999999747378752e-05,0.029999999329447746,0.029999999329447746,0.029999999329447746,0.0010000000474974513,0.0010000000474974513,0.06522782891988754,0.0073448121547698975,0.0,0.0,0.0,0.0,-1.740010380744934,-1.740010380744934,1.0,-1.740010380744934,0.0,-4.474416255950928,2.2376577854156494,1.0,0.06522782891988754,1.0,0.0,0.0,0.06522782891988754,0.0,0.0,0.0073448121547698975,0.0,0.29265519976615906,0.10465852916240692,0.0582544282078743,0.6137450933456421,0.5597183108329773,0.0,0.0,0.0,0.0,0.0,0.0,0.0,0.0,1.0,0.0,0.1010015606880188,0.30584049224853516,0.347173810005188,0.02322467975318432,0.0,0.11783194541931152,0.11411629617214203,0.11411629617214203,0.20329487323760986,0.14705072343349457,1.0847233528066269e-10,0.0,0.0,4.106237888336182,4.106237411499023,2.206942558288574,2.206942558288574,0.8910648226737976,0.0,0.0,0.0,0.0,0.29265519976615906,0.13080447912216187,0.006782642565667629,0.8559074997901917,0.5597183108329773,0.04891237989068031,2.2201435565948486,2.2073519229888916,2.206942558288574,2.195497989654541,2.2376577854156494,0.1528680920600891,0.05794855207204819,1.0,2.373720645904541,2.3485829830169678,2.3337104320526123,0.0,0.0,0.0,0.0,0.0,0.0,0.0,,,,,,,,,,,,,,,,,0.00025
34,11140,train,0.033341098576784134,0.11321494728326797,0.114646777510643,0.0,0.006245373748242855,0.006245373748242855,0.0,3.5135738849639893,9.999999747378752e-05,0.029999999329447746,0.029999999329447746,0.029999999329447746,0.0010000000474974513,0.0010000000474974513,0.06978695839643478,0.011557012796401978,0.0,0.0,0.0,0.0,-1.7237212657928467,-1.7237212657928467,1.0,-1.7237212657928467,0.0,-4.449353218078613,2.4148597717285156,1.0,0.06978695839643478,1.0,0.0,0.0,0.06978695839643478,0.0,0.0,0.011557012796401978,0.0,0.288442999124527,0.08849325776100159,0.07275097072124481,0.6026469469070435,0.568119466304779,0.0,0.0,0.0,0.0,0.0,0.0,0.0,0.0,1.0,0.0,0.10683126747608185,0.3029046952724457,0.3633261024951935,0.02309325709939003,0.0,0.114646777510643,0.11321494728326797,0.11321494728326797,0.19184435904026031,0.10208461433649063,1.1570577135300297e-10,0.0,0.0,4.027988433837891,4.027988433837891,2.3588905334472656,2.3588905334472656,0.8216944336891174,0.0,0.0,0.0,0.0,0.288442999124527,0.11369230598211288,0.017088688910007477,0.8265095353126526,0.568119466304779,0.03797487914562225,2.3160383701324463,2.3699543476104736,2.3588905334472656,2.4018306732177734,2.4148597717285156,0.14831295609474182,0.058062709867954254,1.0,2.2673721313476562,2.2982802391052246,2.288433074951172,0.0,0.0,0.0,0.0,0.0,0.0,0.0,,,,,,,,,,,,,,,,,0.00025
34,11160,train,0.03377624228596687,0.11370568722486496,0.11569800227880478,0.0,0.006068073678761721,0.006068073678761721,0.0,3.494616746902466,9.999999747378752e-05,0.029999999329447746,0.029999999329447746,0.029999999329447746,0.0010000000474974513,0.0010000000474974513,0.07157634198665619,0.002534806728363037,0.0,0.0,0.0,0.0,-1.727911114692688,-1.727911114692688,1.0,-1.727911114692688,0.0,-4.444805145263672,2.3306431770324707,1.0,0.07157634198665619,1.0,0.0,0.0,0.07157634198665619,0.0,0.0,0.002534806728363037,0.0,0.2974652349948883,0.10552889108657837,0.05701996013522148,0.6754853129386902,0.5658292770385742,0.0,0.0,0.0,0.0,0.0,0.0,0.0,0.0,1.0,0.0,0.1111186221241951,0.3028968870639801,0.36336109042167664,0.0236152745783329,0.0,0.11569800227880478,0.11370568722486496,0.11370568722486496,0.1993081122636795,0.13045617938041687,1.8675548607571812e-10,0.0,0.0,4.169209003448486,4.169209003448486,2.350088596343994,2.350088596343994,0.8892082571983337,0.0,0.0,0.0,0.0,0.2974652051925659,0.1295466274023056,0.0017074861098080873,0.8910672068595886,0.5658292770385742,0.05540747940540314,2.3165347576141357,2.3611764907836914,2.350088596343994,2.2911758422851562,2.3306431770324707,0.14991532266139984,0.060927435755729675,1.0,2.293184280395508,2.2872729301452637,2.2819108963012695,0.0,0.0,0.0,0.0,0.0,0.0,0.0,,,,,,,,,,,,,,,,,0.00025
34,11180,train,0.037888482213020325,0.1178681030869484,0.12097283452749252,0.0,0.006194734945893288,0.006194734945893288,0.0,3.5048470497131348,9.999999747378752e-05,0.029999999329447746,0.029999999329447746,0.029999999329447746,0.0010000000474974513,0.0010000000474974513,0.0791393518447876,0.006486475467681885,0.0,0.0,0.0,0.0,-1.7466022968292236,-1.7466022968292236,1.0,-1.7466022968292236,0.0,-4.48763370513916,2.263885021209717,1.0,0.0791393518447876,1.0,0.0,0.0,0.0791393518447876,0.0,0.0,0.006486475467681885,0.0,0.3064865171909332,0.09597597271203995,0.07326222956180573,0.722141444683075,0.5776537656784058,0.0,0.0,0.0,0.0,0.0,0.0,0.0,0.0,1.0,0.0,0.11040329188108444,0.30123862624168396,0.3549054265022278,0.023145074024796486,0.0,0.12097283452749252,0.1178681030869484,0.1178681030869484,0.2076938897371292,0.1533920019865036,3.0031943598629596e-10,0.0,0.0,4.064403057098389,4.064403057098389,2.2885918617248535,2.2885918617248535,0.9028382301330566,0.0,0.0,0.0,0.0,0.30648648738861084,0.12612690031528473,0.009987590834498405,0.9207006692886353,0.5776537656784058,0.06467524915933609,2.258929491043091,2.295292615890503,2.2885918617248535,2.238424062728882,2.263885021209717,0.14661237597465515,0.05747880041599274,1.0,2.1440091133117676,2.24368953704834,2.2395849227905273,0.0,0.0,0.0,0.0,0.0,0.0,0.0,,,,,,,,,,,,,,,,,0.00025
34,11200,train,0.02424648031592369,0.1043781042098999,0.1069185733795166,0.0,0.006125287152826786,0.006125287152826786,0.0,3.4967474937438965,9.999999747378752e-05,0.029999999329447746,0.029999999329447746,0.029999999329447746,0.0010000000474974513,0.0010000000474974513,0.07530233263969421,0.012101501226425171,0.0,0.0,0.0,0.0,-1.7022696733474731,-1.7022696733474731,1.0,-1.7022696733474731,0.0,-4.389232158660889,2.5046093463897705,1.0,0.07530233263969421,1.0,0.0,0.0,0.07530233263969421,0.0,0.0,0.012101501226425171,0.0,0.2878984808921814,0.10104537755250931,0.09896328300237656,0.6781575679779053,0.563770055770874,0.0,0.0,0.0,0.0,0.0,0.0,0.0,0.0,1.0,0.0,0.1055242270231247,0.2968447506427765,0.3768594264984131,0.02368510700762272,0.0,0.1069185733795166,0.1043781042098999,0.1043781042098999,0.1739858090877533,0.06079714372754097,3.3538494204066183e-10,0.0,0.0,3.9842746257781982,3.9842746257781982,2.449260711669922,2.449260711669922,0.7394512295722961,0.0,0.0,0.0,0.0,0.2878985106945038,0.12071976810693741,0.01316742692142725,0.8622778654098511,0.563770055770874,0.04986213520169258,2.405503511428833,2.4610729217529297,2.449260711669922,2.4712793827056885,2.5046093463897705,0.1549852341413498,0.062097400426864624,1.0,2.3070590496063232,2.2727956771850586,2.2852795124053955,0.0,0.0,0.0,0.0,0.0,0.0,0.0,,,,,,,,,,,,,,,,,0.00025
34,11220,train,0.03897390514612198,0.11609982699155807,0.11919604241847992,0.0,0.00740680331364274,0.00740680331364274,0.0,3.5005552768707275,9.999999747378752e-05,0.029999999329447746,0.029999999329447746,0.029999999329447746,0.0010000000474974513,0.0010000000474974513,0.06687065958976746,0.010838091373443604,0.0,0.0,0.0,0.0,-1.69358491897583,-1.69358491897583,1.0,-1.69358491897583,0.0,-4.400354385375977,2.4358432292938232,1.0,0.06687065958976746,1.0,0.0,0.0,0.06687065958976746,0.0,0.0,0.010838091373443604,0.0,0.28916195034980774,0.10140877962112427,0.08521928638219833,0.7378442287445068,0.5615564584732056,0.0,0.0,0.0,0.0,0.0,0.0,0.0,0.0,1.0,0.0,0.09587623924016953,0.3073624074459076,0.36539244651794434,0.023444296792149544,0.0,0.11919604241847992,0.11609982699155807,0.11609982699155807,0.1836797297000885,0.08389164507389069,-2.0055440641542077e-10,0.0,0.0,4.011908531188965,4.011908531188965,2.357281446456909,2.357281446456909,0.77955162525177,0.0,0.0,0.0,0.0,0.28916192054748535,0.12638497352600098,0.0098482146859169,0.8975798487663269,0.5615564584732056,0.0545649528503418,2.3193037509918213,2.3709912300109863,2.357281446456909,2.3806772232055664,2.4358432292938232,0.1490097939968109,0.05969137325882912,1.0,2.3887250423431396,2.312427043914795,2.3456010818481445,0.0,0.0,0.0,0.0,0.0,0.0,0.0,,,,,,,,,,,,,,,,,0.00025
34,11240,train,0.026165693998336792,0.10663074254989624,0.10943222045898438,0.0,0.006429979111999273,0.006429979111999273,0.0,3.499091148376465,9.999999747378752e-05,0.029999999329447746,0.029999999329447746,0.029999999329447746,0.0010000000474974513,0.0010000000474974513,0.07217276841402054,0.010327816009521484,0.0,0.0,0.0,0.0,-1.7162798643112183,-1.7162798643112183,1.0,-1.7162798643112183,0.0,-4.428211212158203,2.3726985454559326,1.0,0.07217276841402054,1.0,0.0,0.0,0.07217276841402054,0.0,0.0,0.010327816009521484,0.0,0.2896721661090851,0.09607744216918945,0.07636281102895737,0.7452750205993652,0.5651838779449463,0.0,0.0,0.0,0.0,0.0,0.0,0.0,0.0,1.0,0.0,0.10661926865577698,0.31108880043029785,0.366891086101532,0.023560628294944763,0.0,0.10943222045898438,0.10663074254989624,0.10663074254989624,0.19653964042663574,0.1027589812874794,-3.862597741655094e-10,0.0,0.0,4.139655590057373,4.139655590057373,2.357984781265259,2.357984781265259,0.8661709427833557,0.0,0.0,0.0,0.0,0.28967219591140747,0.12039375305175781,0.004818637389689684,0.9200044274330139,0.5651838779449463,0.04520527273416519,2.3319857120513916,2.369389057159424,2.357984781265259,2.351933717727661,2.3726985454559326,0.15254910290241241,0.06037840619683266,1.0,2.3457858562469482,2.296074628829956,2.298273801803589,0.0,0.0,0.0,0.0,0.0,0.0,0.0,,,,,,,,,,,,,,,,,0.00025
34,11260,train,0.03958116099238396,0.1181904673576355,0.12285124510526657,0.0,0.007079509552568197,0.007079509552568197,0.0,3.536975622177124,9.999999747378752e-05,0.029999999329447746,0.029999999329447746,0.029999999329447746,0.0010000000474974513,0.0010000000474974513,0.061921536922454834,0.006223618984222412,0.0,0.0,0.0,0.0,-1.7302298545837402,-1.7302298545837402,1.0,-1.7302298545837402,0.0,-4.4580397605896,2.2739410400390625,1.0,0.061921536922454834,1.0,0.0,0.0,0.061921536922454834,0.0,0.0,0.006223618984222412,0.0,0.30622366070747375,0.09361279010772705,0.0478910468518734,0.6239516139030457,0.5777963399887085,0.0,0.0,0.0,0.0,0.0,0.0,0.0,0.0,1.0,0.0,0.09513913094997406,0.31114161014556885,0.3515835702419281,0.022336915135383606,0.0,0.12285124510526657,0.1181904673576355,0.1181904673576355,0.19852206110954285,0.1287248134613037,3.08834985363049e-10,0.0,0.0,4.08421516418457,4.08421516418457,2.2382750511169434,2.2382750511169434,0.8541625142097473,0.0,0.0,0.0,0.0,0.30622363090515137,0.1232452243566513,0.0018934383988380432,0.8410225510597229,0.5777963399887085,0.05946691706776619,2.227132797241211,2.244110584259033,2.2382750511169434,2.2434027194976807,2.2739410400390625,0.1528981477022171,0.057309601455926895,1.0,2.3486881256103516,2.318202495574951,2.310593843460083,0.0,0.0,0.0,0.0,0.0,0.0,0.0,,,,,,,,,,,,,,,,,0.00025
34,11280,train,0.02788466401398182,0.10864223539829254,0.11131417006254196,0.0,0.005739468615502119,0.005739468615502119,0.0,3.5173890590667725,9.999999747378752e-05,0.029999999329447746,0.029999999329447746,0.029999999329447746,0.0010000000474974513,0.0010000000474974513,0.06560975313186646,0.007793515920639038,0.0,0.0,0.0,0.0,-1.7269620895385742,-1.7269620895385742,1.0,-1.7269620895385742,0.0,-4.43273401260376,2.3351523876190186,1.0,0.06560975313186646,1.0,0.0,0.0,0.06560975313186646,0.0,0.0,0.007793515920639038,0.0,0.307793527841568,0.10494089126586914,0.06814081221818924,0.7276501059532166,0.5765012502670288,0.0,0.0,0.0,0.0,0.0,0.0,0.0,0.0,1.0,0.0,0.10552982985973358,0.3055680990219116,0.36129650473594666,0.02282632514834404,0.0,0.11131417006254196,0.10864223539829254,0.10864223539829254,0.17901556193828583,0.10786306113004684,-1.4574859374949511e-10,0.0,0.0,4.009823322296143,4.009823322296143,2.3224310874938965,2.3224310874938965,0.7630029320716858,0.0,0.0,0.0,0.0,0.307793527841568,0.12860515713691711,0.0032764857169240713,0.8975762128829956,0.5765012502670288,0.06527267396450043,2.2793033123016357,2.3354663848876953,2.3224310874938965,2.2938449382781982,2.3351523876190186,0.14468587934970856,0.05909299477934837,1.0,2.217372417449951,2.250819206237793,2.254362106323242,0.0,0.0,0.0,0.0,0.0,0.0,0.0,,,,,,,,,,,,,,,,,0.00025
34,11300,train,0.03920825570821762,0.11864081770181656,0.12137436121702194,0.0,0.006528650410473347,0.006528650410473347,0.0,3.5082714557647705,9.999999747378752e-05,0.029999999329447746,0.029999999329447746,0.029999999329447746,0.0010000000474974513,0.0010000000474974513,0.07046142965555191,0.001100093126296997,0.0,0.0,0.0,0.0,-1.7387615442276,-1.7387615442276,1.0,-1.7387615442276,0.0,-4.490185260772705,2.310542345046997,1.0,0.07046142965555191,1.0,0.0,0.0,0.07046142965555191,0.0,0.0,0.001100093126296997,0.0,0.30110010504722595,0.10081347823143005,0.0622386634349823,0.7334532737731934,0.573421835899353,0.0,0.0,0.0,0.0,0.0,0.0,0.0,0.0,1.0,0.0,0.09696194529533386,0.295428603887558,0.34950247406959534,0.02288234233856201,0.0,0.12137436121702194,0.11864081770181656,0.11864081770181656,0.1893218606710434,0.12270411849021912,1.3934722820074796e-10,0.0,0.0,4.107335090637207,4.107335090637207,2.246924638748169,2.246924638748169,0.8269017338752747,0.0,0.0,0.0,0.0,0.30110010504722595,0.12437029182910919,0.015490196645259857,0.8630766868591309,0.573421835899353,0.06015625223517418,2.220339059829712,2.2559070587158203,2.246924638748169,2.2710165977478027,2.310542345046997,0.1448071002960205,0.05548526719212532,1.0,2.2865357398986816,2.2838456630706787,2.2876780033111572,0.0,0.0,0.0,0.0,0.0,0.0,0.0,,,,,,,,,,,,,,,,,0.00025
34,11320,train,0.037931766360998154,0.11646252870559692,0.11951989680528641,0.0,0.006887482944875956,0.006887482944875956,0.0,3.497976064682007,9.999999747378752e-05,0.029999999329447746,0.029999999329447746,0.029999999329447746,0.0010000000474974513,0.0010000000474974513,0.06860129535198212,0.0020305514335632324,0.0,0.0,0.0,0.0,-1.7176966667175293,-1.7176966667175293,1.0,-1.7176966667175293,0.0,-4.439454078674316,2.33609938621521,1.0,0.06860129535198212,1.0,0.0,0.0,0.06860129535198212,0.0,0.0,0.0020305514335632324,0.0,0.3020305633544922,0.0870538130402565,0.07017146050930023,0.608642578125,0.5803743600845337,0.0,0.0,0.0,0.0,0.0,0.0,0.0,0.0,1.0,0.0,0.0971589908003807,0.3152317702770233,0.35268500447273254,0.023099927231669426,0.0,0.11951989680528641,0.11646252870559692,0.11646252870559692,0.20739683508872986,0.14364498853683472,-2.2298950186350197e-10,0.0,0.0,4.104713439941406,4.104713439941406,2.253445625305176,2.253445625305176,0.9046758413314819,0.0,0.0,0.0,0.0,0.3020305633544922,0.11385689675807953,0.011157284490764141,0.8446898460388184,0.5803743600845337,0.04257046803832054,2.2413370609283447,2.2588677406311035,2.253445625305176,2.3029749393463135,2.33609938621521,0.1519298106431961,0.05662587285041809,1.0,2.2253079414367676,2.268341541290283,2.30808687210083,0.0,0.0,0.0,0.0,0.0,0.0,0.0,,,,,,,,,,,,,,,,,0.00025
34,11340,train,0.03241555765271187,0.11547179520130157,0.11804380267858505,0.0,0.0063643185421824455,0.0063643185421824455,0.0,3.5226006507873535,9.999999747378752e-05,0.029999999329447746,0.029999999329447746,0.029999999329447746,0.0010000000474974513,0.0010000000474974513,0.06318259239196777,0.005834251642227173,0.0,0.0,0.0,0.0,-1.7879533767700195,-1.7879533767700195,1.0,-1.7879533767700195,0.0,-4.558824062347412,2.2368106842041016,1.0,0.06318259239196777,1.0,0.0,0.0,0.06318259239196777,0.0,0.0,0.005834251642227173,0.0,0.29416579008102417,0.09702356159687042,0.0457412451505661,0.650382936000824,0.5700576305389404,0.0,0.0,0.0,0.0,0.0,0.0,0.0,0.0,1.0,0.0,0.09270594269037247,0.28809353709220886,0.33844467997550964,0.022333592176437378,0.0,0.11804380267858505,0.11547179520130157,0.11547179520130157,0.17807142436504364,0.11588495969772339,-1.9946078122501376e-10,0.0,0.0,4.103274345397949,4.103274345397949,2.1913421154022217,2.1913421154022217,0.7774226665496826,0.0,0.0,0.0,0.0,0.2941657602787018,0.11932388693094254,0.010326627641916275,0.8582268357276917,0.5700576305389404,0.04921875149011612,2.183140277862549,2.192795515060425,2.1913421154022217,2.219707489013672,2.2368106842041016,0.13760890066623688,0.05386722832918167,1.0,2.2614455223083496,2.24165678024292,2.2394866943359375,0.0,0.0,0.0,0.0,0.0,0.0,0.0,,,,,,,,,,,,,,,,,0.00025
34,11356,train_epoch,0.03145595686789044,0.11219537456681629,0.11510504050526077,0.0,0.0064390734114132065,0.0064390734114132065,0.0,3.500227063715815,9.999999747378752e-05,0.029999999329447746,0.029999999329447746,0.029999999329447746,0.0010000000474974513,0.0010000000474974513,0.06803616775411689,0.011900519985638692,0.0,0.0,0.0,0.0,-1.7397259873544384,-1.7397259873544384,1.0,-1.7397259873544384,0.0,-4.468199210252591,2.3123581316656696,1.0,0.06803616775411689,1.0,0.0,0.0,0.06803616775411689,0.0,0.0,0.011900519985638692,0.0,0.2989772667963348,0.10030348358040084,0.07189835958227427,0.6780352223062229,0.5704326197772682,0.0,0.0,0.0,0.0,0.0,0.0,0.0,0.0,1.0,0.0,0.10253326476601783,0.30154100908133796,0.355406963093552,0.023248205903895244,0.0,0.11510504050526077,0.11219537456681629,0.11219537456681629,0.191381611108423,0.11781270501990161,-1.542497195510667e-12,0.0,0.0,4.058444976806641,4.058444967526875,2.287953600198209,2.287953600198209,0.8248882434682218,0.0,0.0,0.0,0.0,0.29897726090725313,0.1248220572482326,0.009010725355083904,0.8654164521993991,0.5704326197772682,0.05927405640215217,2.265079419769927,2.295465033211394,2.287953600198209,2.279453227619925,2.3123581316656696,0.1485278208009497,0.05828052316374051,1.0,2.2820208886426365,2.282770346738621,2.283076014347419,0.0,0.0,0.0,0.0,0.0,0.0,0.0,,,,,,,,,,,,,,,,,0.00025
34,11356,val,,,,,,,,,,,,,,,,,,,,,,,,,,,,,,,,,,,,,,,,,,,,,,,,,,,,,,,,,,,,,,,,,,,,,,,,,,,,,,,,,,,,,,,,,,,,,,,,,,,16.46858127697094,690.4023541974592,26.275508638225432,12.612422904452762,15.681605412079408,24.502734903233478,12.255744869644577,16.437620162963867,26.251441375946513,12.502112766643902,17.934590395506437,29.098498002553047,13.17373817890614,16.46858127697094,26.275508638225432,12.612422904452762,0.00025
35,11360,train,0.025643181055784225,0.10537497699260712,0.10885518044233322,0.0,0.00685968017205596,0.00685968017205596,0.0,3.4922728538513184,9.999999747378752e-05,0.029999999329447746,0.029999999329447746,0.029999999329447746,0.0010000000474974513,0.0010000000474974513,0.07326661050319672,0.011521518230438232,0.0,0.0,0.0,0.0,-1.702377200126648,-1.702377200126648,1.0,-1.702377200126648,0.0,-4.4026665687561035,2.430673837661743,1.0,0.07326661050319672,1.0,0.0,0.0,0.07326661050319672,0.0,0.0,0.011521518230438232,0.0,0.2884784936904907,0.10172129422426224,0.059920430183410645,0.6517708897590637,0.5610628128051758,0.0,0.0,0.0,0.0,0.0,0.0,0.0,0.0,1.0,0.0,0.1033303514122963,0.316458135843277,0.373766154050827,0.023723823949694633,0.0,0.10885518044233322,0.10537497699260712,0.10537497699260712,0.1943177580833435,0.0941113755106926,-4.718109791745917e-10,0.0,0.0,4.066045761108398,4.066045761108398,2.4090189933776855,2.4090189933776855,0.834062933921814,0.0,0.0,0.0,0.0,0.2884784936904907,0.1247154101729393,0.004710603039711714,0.8432316184043884,0.5610628128051758,0.04938725754618645,2.354678153991699,2.426947832107544,2.4090189933776855,2.397399425506592,2.430673837661743,0.15964670479297638,0.06123993918299675,1.0,2.4022040367126465,2.3624424934387207,2.3085315227508545,0.0,0.0,0.0,0.0,0.0,0.0,0.0,,,,,,,,,,,,,,,,,0.00025
35,11380,train,0.02472628466784954,0.10737811774015427,0.10997896641492844,0.0,0.005835048854351044,0.005835048854351044,0.0,3.488809823989868,9.999999747378752e-05,0.029999999329447746,0.029999999329447746,0.029999999329447746,0.0010000000474974513,0.0010000000474974513,0.07019990682601929,0.015130937099456787,0.0,0.0,0.0,0.0,-1.7542814016342163,-1.7542814016342163,1.0,-1.7542814016342163,0.0,-4.4968791007995605,2.337737560272217,1.0,0.07019990682601929,1.0,0.0,0.0,0.07019990682601929,0.0,0.0,0.015130937099456787,0.0,0.28486910462379456,0.10314829647541046,0.07364946603775024,0.6635028719902039,0.557944118976593,0.0,0.0,0.0,0.0,0.0,0.0,0.0,0.0,1.0,0.0,0.10476213693618774,0.2980031669139862,0.3590265214443207,0.023570260033011436,0.0,0.10997896641492844,0.10737811774015427,0.10737811774015427,0.17679563164710999,0.09135661274194717,-3.3090793993828527e-10,0.0,0.0,3.989487648010254,3.989487648010254,2.3328731060028076,2.3328731060028076,0.7470247745513916,0.0,0.0,0.0,0.0,0.28486907482147217,0.12509635090827942,0.0073950644582509995,0.8723762035369873,0.557944118976593,0.053921572864055634,2.278327226638794,2.3458592891693115,2.3328731060028076,2.3038082122802734,2.337737560272217,0.14286364614963531,0.05865815281867981,1.0,2.2490806579589844,2.2694449424743652,2.2561535835266113,0.0,0.0,0.0,0.0,0.0,0.0,0.0,,,,,,,,,,,,,,,,,0.00025
35,11400,train,0.02527403086423874,0.1060185581445694,0.10984917730093002,0.0,0.005612958688288927,0.005612958688288927,0.0,3.4558398723602295,9.999999747378752e-05,0.029999999329447746,0.029999999329447746,0.029999999329447746,0.0010000000474974513,0.0010000000474974513,0.06247108802199364,0.014383137226104736,0.0,0.0,0.0,0.0,-1.7217533588409424,-1.7217533588409424,1.0,-1.7217533588409424,0.0,-4.4448771476745605,2.2758631706237793,1.0,0.06247108802199364,1.0,0.0,0.0,0.06247108802199364,0.0,0.0,0.014383137226104736,0.0,0.2856168746948242,0.12081921100616455,0.06499399244785309,0.755734384059906,0.5441242456436157,0.0,0.0,0.0,0.0,0.0,0.0,0.0,0.0,1.0,0.0,0.1043214499950409,0.29764142632484436,0.3608667254447937,0.024461889639496803,0.0,0.10984917730093002,0.1060185581445694,0.1060185581445694,0.1757516711950302,0.09034324437379837,4.512866122463599e-11,0.0,0.0,4.008522033691406,4.008522033691406,2.3052866458892822,2.3052866458892822,0.7324864864349365,0.0,0.0,0.0,0.0,0.2856168746948242,0.1454191505908966,0.0019935888703912497,0.9305631518363953,0.5441242456436157,0.08426777273416519,2.3037989139556885,2.310756206512451,2.3052866458892822,2.228262186050415,2.2758631706237793,0.15391531586647034,0.06199568137526512,1.0,2.492636203765869,2.418801784515381,2.4236743450164795,0.0,0.0,0.0,0.0,0.0,0.0,0.0,,,,,,,,,,,,,,,,,0.00025
35,11420,train,0.04018118232488632,0.12153346091508865,0.12364174425601959,0.0,0.006781534291803837,0.006781534291803837,0.0,3.526158094406128,9.999999747378752e-05,0.029999999329447746,0.029999999329447746,0.029999999329447746,0.0010000000474974513,0.0010000000474974513,0.0649023950099945,0.01709967851638794,0.0,0.0,0.0,0.0,-1.7786450386047363,-1.7786450386047363,1.0,-1.7786450386047363,0.0,-4.56843900680542,2.1687755584716797,1.0,0.0649023950099945,1.0,0.0,0.0,0.0649023950099945,0.0,0.0,0.01709967851638794,0.0,0.3170996904373169,0.10556439310312271,0.09196828305721283,0.7638127207756042,0.584503710269928,0.0,0.0,0.0,0.0,0.0,0.0,0.0,0.0,1.0,0.0,0.08687789738178253,0.2963739335536957,0.3345722556114197,0.02212591841816902,0.0,0.12364174425601959,0.12153346091508865,0.12153346091508865,0.17921005189418793,0.1307714879512787,7.764011100697132e-10,0.0,0.0,4.083657741546631,4.083657741546631,2.156209945678711,2.156209945678711,0.7754863500595093,0.0,0.0,0.0,0.0,0.3170996904373169,0.12929391860961914,0.008539145812392235,0.907426118850708,0.584503710269928,0.07892157137393951,2.1291801929473877,2.1633644104003906,2.156209945678711,2.1392688751220703,2.1687755584716797,0.1357051581144333,0.053053129464387894,1.0,2.221789598464966,2.2436728477478027,2.259915351867676,0.0,0.0,0.0,0.0,0.0,0.0,0.0,,,,,,,,,,,,,,,,,0.00025
35,11440,train,0.027561236172914505,0.10985720902681351,0.11175902932882309,0.0,0.005700914654880762,0.005700914654880762,0.0,3.5118114948272705,9.999999747378752e-05,0.029999999329447746,0.029999999329447746,0.029999999329447746,0.0010000000474974513,0.0010000000474974513,0.07710284739732742,0.0023671090602874756,0.0,0.0,0.0,0.0,-1.7541576623916626,-1.7541576623916626,1.0,-1.7541576623916626,0.0,-4.482040882110596,2.3550310134887695,1.0,0.07710284739732742,1.0,0.0,0.0,0.07710284739732742,0.0,0.0,0.0023671090602874756,0.0,0.30236712098121643,0.08919647336006165,0.0931222066283226,0.65460205078125,0.5803244113922119,0.0,0.0,0.0,0.0,0.0,0.0,0.0,0.0,1.0,0.0,0.11122715473175049,0.30049654841423035,0.3622080087661743,0.02306266874074936,0.0,0.11175902932882309,0.10985720902681351,0.10985720902681351,0.1910143792629242,0.11326630413532257,3.564589162036169e-12,0.0,0.0,4.090249538421631,4.090249538421631,2.354900360107422,2.354900360107422,0.8326452970504761,0.0,0.0,0.0,0.0,0.30236712098121643,0.11537392437458038,0.018309906125068665,0.8861174583435059,0.5803244113922119,0.05234375223517418,2.2983527183532715,2.3706576824188232,2.354900360107422,2.324233055114746,2.3550310134887695,0.14333361387252808,0.05760766938328743,1.0,2.199402332305908,2.213003635406494,2.1854047775268555,0.0,0.0,0.0,0.0,0.0,0.0,0.0,,,,,,,,,,,,,,,,,0.00025
35,11460,train,0.02743559330701828,0.10756678134202957,0.11149592697620392,0.0,0.006122634746134281,0.006122634746134281,0.0,3.4982993602752686,9.999999747378752e-05,0.029999999329447746,0.029999999329447746,0.029999999329447746,0.0010000000474974513,0.0010000000474974513,0.06780289858579636,0.0002447664737701416,0.0,0.0,0.0,0.0,-1.7171990871429443,-1.7171990871429443,1.0,-1.7171990871429443,0.0,-4.4148736000061035,2.3395941257476807,1.0,0.06780289858579636,1.0,0.0,0.0,0.06780289858579636,0.0,0.0,0.0002447664737701416,0.0,0.2997552752494812,0.10310356318950653,0.07658176124095917,0.6787447929382324,0.5690966248512268,0.0,0.0,0.0,0.0,0.0,0.0,0.0,0.0,1.0,0.0,0.11221108585596085,0.3120259940624237,0.36550936102867126,0.02338077314198017,0.0,0.11149592697620392,0.10756678134202957,0.10756678134202957,0.19559447467327118,0.12417131662368774,-1.4664461311930665e-10,0.0,0.0,4.055070400238037,4.055070400238037,2.3426430225372314,2.3426430225372314,0.8408160209655762,0.0,0.0,0.0,0.0,0.2997552454471588,0.12765544652938843,0.004048094619065523,0.8990417718887329,0.5690966248512268,0.05304840952157974,2.3189504146575928,2.3538036346435547,2.3426430225372314,2.314667224884033,2.3395941257476807,0.15221856534481049,0.060465700924396515,1.0,2.1965036392211914,2.245389461517334,2.2467761039733887,0.0,0.0,0.0,0.0,0.0,0.0,0.0,,,,,,,,,,,,,,,,,0.00025
35,11480,train,0.024235796183347702,0.10538110882043839,0.10860678553581238,0.0,0.0059449621476233006,0.0059449621476233006,0.0,3.457014799118042,9.999999747378752e-05,0.029999999329447746,0.029999999329447746,0.029999999329447746,0.0010000000474974513,0.0010000000474974513,0.07217152416706085,0.020395785570144653,0.0,0.0,0.0,0.0,-1.7247214317321777,-1.7247214317321777,1.0,-1.7247214317321777,0.0,-4.432186603546143,2.3652968406677246,1.0,0.07217152416706085,1.0,0.0,0.0,0.07217152416706085,0.0,0.0,0.020395785570144653,0.0,0.2796042263507843,0.09884248673915863,0.06665413826704025,0.6380736827850342,0.5558846592903137,0.0,0.0,0.0,0.0,0.0,0.0,0.0,0.0,1.0,0.0,0.11402679234743118,0.30471572279930115,0.3730875849723816,0.02452346310019493,0.0,0.10860678553581238,0.10538110882043839,0.10538110882043839,0.181285560131073,0.09033267199993134,1.0404675038211408e-10,0.0,0.0,3.9950125217437744,3.9950125217437744,2.4076380729675293,2.4076380729675293,0.7701114416122437,0.0,0.0,0.0,0.0,0.2796042263507843,0.11930152028799057,0.007779295556247234,0.8424972891807556,0.5558846592903137,0.035784315317869186,2.35166335105896,2.4218266010284424,2.4076380729675293,2.3207526206970215,2.3652968406677246,0.15292394161224365,0.06256625056266785,1.0,2.23075008392334,2.260178565979004,2.261458158493042,0.0,0.0,0.0,0.0,0.0,0.0,0.0,,,,,,,,,,,,,,,,,0.00025
35,11500,train,0.03609354421496391,0.11810669302940369,0.12038084864616394,0.0,0.00595134450122714,0.00595134450122714,0.0,3.4698281288146973,9.999999747378752e-05,0.029999999329447746,0.029999999329447746,0.029999999329447746,0.0010000000474974513,0.0010000000474974513,0.0722612515091896,0.008978784084320068,0.0,0.0,0.0,0.0,-1.7782679796218872,-1.7782679796218872,1.0,-1.7782679796218872,0.0,-4.543826103210449,2.1911163330078125,1.0,0.0722612515091896,1.0,0.0,0.0,0.0722612515091896,0.0,0.0,0.008978784084320068,0.0,0.30897876620292664,0.1091323047876358,0.03420945629477501,0.7006358504295349,0.5759064555168152,0.0,0.0,0.0,0.0,0.0,0.0,0.0,0.0,1.0,0.0,0.09651302546262741,0.2838630974292755,0.33800116181373596,0.023464376106858253,0.0,0.12038084864616394,0.11810669302940369,0.11810669302940369,0.19918330013751984,0.15392592549324036,1.4103128387343844e-10,0.0,0.0,4.200155258178711,4.200155258178711,2.1899735927581787,2.1899735927581787,0.8968049883842468,0.0,0.0,0.0,0.0,0.308978796005249,0.13110695779323578,0.005940218456089497,0.8932825922966003,0.5759064555168152,0.07567402720451355,2.1909663677215576,2.1904544830322266,2.1899735927581787,2.17866587638855,2.1911163330078125,0.1387111395597458,0.053265661001205444,1.0,2.2209701538085938,2.225863456726074,2.2460246086120605,0.0,0.0,0.0,0.0,0.0,0.0,0.0,,,,,,,,,,,,,,,,,0.00025
35,11520,train,0.02975345589220524,0.11289938539266586,0.11517886072397232,0.0,0.005841087084263563,0.005841087084263563,0.0,3.499427080154419,9.999999747378752e-05,0.029999999329447746,0.029999999329447746,0.029999999329447746,0.0010000000474974513,0.0010000000474974513,0.0697157233953476,0.0036692023277282715,0.0,0.0,0.0,0.0,-1.7796710729599,-1.7796710729599,1.0,-1.7796710729599,0.0,-4.533365249633789,2.2900874614715576,1.0,0.0697157233953476,1.0,0.0,0.0,0.0697157233953476,0.0,0.0,0.0036692023277282715,0.0,0.3036692440509796,0.10559558868408203,0.07662998139858246,0.7250716090202332,0.5741420388221741,0.0,0.0,0.0,0.0,0.0,0.0,0.0,0.0,1.0,0.0,0.10580096393823624,0.28397512435913086,0.3512662649154663,0.02300444059073925,0.0,0.11517886072397232,0.11289938539266586,0.11289938539266586,0.18631532788276672,0.12112051993608475,-1.1398913063453975e-11,0.0,0.0,4.0366291999816895,4.0366291999816895,2.2914915084838867,2.2914915084838867,0.803863525390625,0.0,0.0,0.0,0.0,0.3036692142486572,0.1274641901254654,0.015538904815912247,0.9052599668502808,0.5741420388221741,0.06743260473012924,2.2548491954803467,2.2999074459075928,2.2914915084838867,2.269421100616455,2.2900874614715576,0.13953572511672974,0.05642879754304886,1.0,2.0917344093322754,2.1847362518310547,2.2058663368225098,0.0,0.0,0.0,0.0,0.0,0.0,0.0,,,,,,,,,,,,,,,,,0.00025
35,11540,train,0.035367999225854874,0.11404818296432495,0.11681503057479858,0.0,0.00671789888292551,0.00671789888292551,0.0,3.5100104808807373,9.999999747378752e-05,0.029999999329447746,0.029999999329447746,0.029999999329447746,0.0010000000474974513,0.0010000000474974513,0.06954395771026611,0.008194208145141602,0.0,0.0,0.0,0.0,-1.7112245559692383,-1.7112245559692383,1.0,-1.7112245559692383,0.0,-4.433999061584473,2.296064853668213,1.0,0.06954395771026611,1.0,0.0,0.0,0.06954395771026611,0.0,0.0,0.008194208145141602,0.0,0.29180580377578735,0.09085223823785782,0.06966423988342285,0.595245897769928,0.5732168555259705,0.0,0.0,0.0,0.0,0.0,0.0,0.0,0.0,1.0,0.0,0.1070566326379776,0.3156096935272217,0.36291369795799255,0.02302216738462448,0.0,0.11681503057479858,0.11404818296432495,0.11404818296432495,0.2007920891046524,0.13944394886493683,-9.998132877164778e-11,0.0,0.0,4.11196231842041,4.11196231842041,2.316959857940674,2.316959857940674,0.8802379369735718,0.0,0.0,0.0,0.0,0.29180580377578735,0.10966378450393677,0.010428421199321747,0.8081243634223938,0.5732168555259705,0.02954963408410549,2.2951438426971436,2.324618339538574,2.316959857940674,2.246342420578003,2.296064853668213,0.15638017654418945,0.06082973629236221,1.0,2.162250518798828,2.156162977218628,2.168990135192871,0.0,0.0,0.0,0.0,0.0,0.0,0.0,,,,,,,,,,,,,,,,,0.00025
35,11560,train,0.02447124756872654,0.1063588336110115,0.1092868447303772,0.0,0.006483487319201231,0.006483487319201231,0.0,3.4977598190307617,9.999999747378752e-05,0.029999999329447746,0.029999999329447746,0.029999999329447746,0.0010000000474974513,0.0010000000474974513,0.07051941007375717,0.002562224864959717,0.0,0.0,0.0,0.0,-1.7393721342086792,-1.7393721342086792,1.0,-1.7393721342086792,0.0,-4.4576239585876465,2.402799129486084,1.0,0.07051941007375717,1.0,0.0,0.0,0.07051941007375717,0.0,0.0,0.002562224864959717,0.0,0.29743778705596924,0.10194146633148193,0.0826668068766594,0.659139096736908,0.5701088309288025,0.0,0.0,0.0,0.0,0.0,0.0,0.0,0.0,1.0,0.0,0.0979200080037117,0.2955542206764221,0.3594871163368225,0.0232625063508749,0.0,0.1092868447303772,0.1063588336110115,0.1063588336110115,0.17986911535263062,0.08959679305553436,-1.9621658464696878e-11,0.0,0.0,4.032018184661865,4.032018184661865,2.3295207023620605,2.3295207023620605,0.773346483707428,0.0,0.0,0.0,0.0,0.29743778705596924,0.12492354214191437,0.0072222123853862286,0.8329715132713318,0.5701088309288025,0.06185662001371384,2.3050379753112793,2.3369510173797607,2.3295207023620605,2.384627103805542,2.402799129486084,0.14715558290481567,0.05815007910132408,1.0,2.278538465499878,2.2717947959899902,2.240051031112671,0.0,0.0,0.0,0.0,0.0,0.0,0.0,,,,,,,,,,,,,,,,,0.00025
35,11580,train,0.02630721777677536,0.10558568686246872,0.10999208688735962,0.0,0.006590954028069973,0.006590954028069973,0.0,3.4555575847625732,9.999999747378752e-05,0.029999999329447746,0.029999999329447746,0.029999999329447746,0.0010000000474974513,0.0010000000474974513,0.06793203204870224,0.011557847261428833,0.0,0.0,0.0,0.0,-1.6983277797698975,-1.6983277797698975,1.0,-1.6983277797698975,0.0,-4.3730692863464355,2.395739793777466,1.0,0.06793203204870224,1.0,0.0,0.0,0.06793203204870224,0.0,0.0,0.011557847261428833,0.0,0.2884421646595001,0.08113719522953033,0.09548991173505783,0.5709377527236938,0.5700310468673706,0.0,0.0,0.0,0.0,0.0,0.0,0.0,0.0,1.0,0.0,0.10952040553092957,0.3217970132827759,0.36395761370658875,0.024492474272847176,0.0,0.10999208688735962,0.10558568686246872,0.10558568686246872,0.19407638907432556,0.11785189062356949,-2.5672228232132e-10,0.0,0.0,4.002128601074219,4.002128601074219,2.334134101867676,2.334134101867676,0.8174072504043579,0.0,0.0,0.0,0.0,0.2884421646595001,0.10934082418680191,0.000862778804730624,0.812836229801178,0.5700310468673706,0.029871325939893723,2.313981056213379,2.3441574573516846,2.334134101867676,2.340811014175415,2.395739793777466,0.1521146297454834,0.06097772344946861,1.0,2.285489797592163,2.254206418991089,2.282290458679199,0.0,0.0,0.0,0.0,0.0,0.0,0.0,,,,,,,,,,,,,,,,,0.00025
35,11600,train,0.026415295898914337,0.10811101645231247,0.10967329144477844,0.0,0.005869056563824415,0.005869056563824415,0.0,3.4689133167266846,9.999999747378752e-05,0.029999999329447746,0.029999999329447746,0.029999999329447746,0.0010000000474974513,0.0010000000474974513,0.06446930021047592,0.003390878438949585,0.0,0.0,0.0,0.0,-1.7370202541351318,-1.7370202541351318,1.0,-1.7370202541351318,0.0,-4.462258815765381,2.363957405090332,1.0,0.06446930021047592,1.0,0.0,0.0,0.06446930021047592,0.0,0.0,0.003390878438949585,0.0,0.3033909499645233,0.10782862454652786,0.06109996885061264,0.7197672128677368,0.5717325806617737,0.0,0.0,0.0,0.0,0.0,0.0,0.0,0.0,1.0,0.0,0.10215172916650772,0.2954435646533966,0.3603019714355469,0.02408687211573124,0.0,0.10967329144477844,0.10811101645231247,0.10811101645231247,0.17927810549736023,0.09858565032482147,-5.167154482066394e-10,0.0,0.0,4.007345199584961,4.007345199584961,2.3419933319091797,2.3419933319091797,0.763940155506134,0.0,0.0,0.0,0.0,0.30339089035987854,0.12967175245285034,0.004016777500510216,0.8835790753364563,0.5717325806617737,0.06456802040338516,2.2989444732666016,2.355851411819458,2.3419933319091797,2.342123031616211,2.363957405090332,0.142697274684906,0.058326829224824905,1.0,2.288278102874756,2.2767934799194336,2.2700552940368652,0.0,0.0,0.0,0.0,0.0,0.0,0.0,,,,,,,,,,,,,,,,,0.00025
35,11620,train,0.03090623766183853,0.1139979138970375,0.11609078198671341,0.0,0.005969371180981398,0.005969371180981398,0.0,3.4852607250213623,9.999999747378752e-05,0.029999999329447746,0.029999999329447746,0.029999999329447746,0.0010000000474974513,0.0010000000474974513,0.07030631601810455,0.005602449178695679,0.0,0.0,0.0,0.0,-1.7818892002105713,-1.7818892002105713,1.0,-1.7818892002105713,0.0,-4.532527446746826,2.2749531269073486,1.0,0.07030631601810455,1.0,0.0,0.0,0.07030631601810455,0.0,0.0,0.005602449178695679,0.0,0.30560246109962463,0.09742186963558197,0.06401529908180237,0.6296753287315369,0.5795466899871826,0.0,0.0,0.0,0.0,0.0,0.0,0.0,0.0,1.0,0.0,0.09948596358299255,0.28926587104797363,0.34204113483428955,0.023413466289639473,0.0,0.11609078198671341,0.1139979138970375,0.1139979138970375,0.19762304425239563,0.12696602940559387,-5.034175853957379e-10,0.0,0.0,4.110850811004639,4.1108503341674805,2.2335257530212402,2.2335257530212402,0.8634801506996155,0.0,0.0,0.0,0.0,0.30560246109962463,0.12004198133945465,0.008395968936383724,0.8856289386749268,0.5795466899871826,0.053232233971357346,2.231839895248413,2.236168384552002,2.2335257530212402,2.2657418251037598,2.2749531269073486,0.13798192143440247,0.05412217229604721,1.0,2.2316043376922607,2.21500825881958,2.2397499084472656,0.0,0.0,0.0,0.0,0.0,0.0,0.0,,,,,,,,,,,,,,,,,0.00025
35,11640,train,0.03134267032146454,0.11121245473623276,0.11556470394134521,0.0,0.006625562906265259,0.006625562906265259,0.0,3.49824857711792,9.999999747378752e-05,0.029999999329447746,0.029999999329447746,0.029999999329447746,0.0010000000474974513,0.0010000000474974513,0.06717326492071152,0.01959449052810669,0.0,0.0,0.0,0.0,-1.7269682884216309,-1.7269682884216309,1.0,-1.7269682884216309,0.0,-4.436925411224365,2.2891225814819336,1.0,0.06717326492071152,1.0,0.0,0.0,0.06717326492071152,0.0,0.0,0.01959449052810669,0.0,0.28040552139282227,0.09564246237277985,0.07151395082473755,0.6232508420944214,0.5549521446228027,0.0,0.0,0.0,0.0,0.0,0.0,0.0,0.0,1.0,0.0,0.10740850120782852,0.31432849168777466,0.36283254623413086,0.02349783480167389,0.0,0.11556470394134521,0.11121245473623276,0.11121245473623276,0.20588190853595734,0.13306935131549835,-2.3548940575324195e-10,0.0,0.0,4.112815856933594,4.112815856933594,2.309770107269287,2.309770107269287,0.9029541015625,0.0,0.0,0.0,0.0,0.28040552139282227,0.12123221158981323,0.007087809033691883,0.809863269329071,0.5549521446228027,0.03818934038281441,2.3015191555023193,2.31337833404541,2.309770107269287,2.2463202476501465,2.2891225814819336,0.16493970155715942,0.0614607110619545,1.0,2.282400608062744,2.2920358180999756,2.2842020988464355,0.0,0.0,0.0,0.0,0.0,0.0,0.0,,,,,,,,,,,,,,,,,0.00025
35,11660,train,0.053434137254953384,0.13114258646965027,0.13320040702819824,0.0,0.007534917909651995,0.007534917909651995,0.0,3.523599147796631,9.999999747378752e-05,0.029999999329447746,0.029999999329447746,0.029999999329447746,0.0010000000474974513,0.0010000000474974513,0.07117214053869247,0.00717887282371521,0.0,0.0,0.0,0.0,-1.7500882148742676,-1.7500882148742676,1.0,-1.7500882148742676,0.0,-4.50717306137085,2.2632744312286377,1.0,0.07117214053869247,1.0,0.0,0.0,0.07117214053869247,0.0,0.0,0.00717887282371521,0.0,0.3071788549423218,0.10489842295646667,0.043093182146549225,0.6750591993331909,0.5779299736022949,0.0,0.0,0.0,0.0,0.0,0.0,0.0,0.0,1.0,0.0,0.08939386159181595,0.2952112853527069,0.34258759021759033,0.022397078573703766,0.0,0.13320040702819824,0.13114258646965027,0.13114258646965027,0.20430585741996765,0.1518947184085846,5.568430161417837e-10,0.0,0.0,4.097461223602295,4.097461223602295,2.2163875102996826,2.2163875102996826,0.8901088237762451,0.0,0.0,0.0,0.0,0.30717888474464417,0.12557384371757507,0.008943295106291771,0.8665174245834351,0.5779299736022949,0.06600797176361084,2.1969525814056396,2.2205023765563965,2.2163875102996826,2.236199140548706,2.2632744312286377,0.14079000055789948,0.05458899214863777,1.0,2.185786008834839,2.2247915267944336,2.219144582748413,0.0,0.0,0.0,0.0,0.0,0.0,0.0,,,,,,,,,,,,,,,,,0.00025
35,11680,train,0.02383757382631302,0.10545728355646133,0.10787854343652725,0.0,0.005868070293217897,0.005868070293217897,0.0,3.4892807006835938,9.999999747378752e-05,0.029999999329447746,0.029999999329447746,0.029999999329447746,0.0010000000474974513,0.0010000000474974513,0.07497027516365051,0.0032405853271484375,0.0,0.0,0.0,0.0,-1.729976773262024,-1.729976773262024,1.0,-1.729976773262024,0.0,-4.459000587463379,2.390031576156616,1.0,0.07497027516365051,1.0,0.0,0.0,0.07497027516365051,0.0,0.0,0.0032405853271484375,0.0,0.3032406270503998,0.09360314905643463,0.05178914591670036,0.6729954481124878,0.5778120160102844,0.0,0.0,0.0,0.0,0.0,0.0,0.0,0.0,1.0,0.0,0.10908742994070053,0.31091853976249695,0.3601050078868866,0.02362646348774433,0.0,0.10787854343652725,0.10545728355646133,0.10545728355646133,0.1971690058708191,0.09555942565202713,-2.0438947756495907e-10,0.0,0.0,3.945916175842285,3.945916175842285,2.355419874191284,2.355419874191284,0.8220006823539734,0.0,0.0,0.0,0.0,0.3032405972480774,0.11887259036302567,0.002047336660325527,0.8516889214515686,0.5778120160102844,0.04892769828438759,2.318659543991089,2.3670639991760254,2.355419874191284,2.39003849029541,2.390031576156616,0.14345504343509674,0.05851677432656288,1.0,2.243497848510742,2.266744613647461,2.228696823120117,0.0,0.0,0.0,0.0,0.0,0.0,0.0,,,,,,,,,,,,,,,,,0.00025
35,11690,train_epoch,0.031217118220481864,0.11195812236049218,0.1148724236531172,0.0,0.006448519184716983,0.006448519184716983,0.0,3.489455134568814,9.999999747378752e-05,0.029999999329447746,0.029999999329447746,0.029999999329447746,0.0010000000474974513,0.0010000000474974513,0.0673608965056385,0.011949305138188208,0.0,0.0,0.0,0.0,-1.738953384096751,-1.738953384096751,1.0,-1.738953384096751,0.0,-4.4666098977277375,2.308469508222477,1.0,0.0673608965056385,1.0,0.0,0.0,0.0673608965056385,0.0,0.0,0.011949305138188208,0.0,0.2995897728704407,0.10108174524175192,0.0704958664509886,0.6826731892759929,0.5704330710950726,0.0,0.0,0.0,0.0,0.0,0.0,0.0,0.0,1.0,0.0,0.10106064376984528,0.3016654769639055,0.35479253137896877,0.023418385518748246,0.0,0.1148724236531172,0.11195812236049218,0.11195812236049218,0.1924502199549161,0.11998191855089393,-1.0233122083194397e-11,0.0,0.0,4.064165405170646,4.0641654058844745,2.2853774767435953,2.2853774767435953,0.8310101435569945,0.0,0.0,0.0,0.0,0.29958976876592924,0.1258168629186596,0.008165850837956862,0.8707091481742745,0.5704330710950726,0.06130978295546092,2.262664208155192,2.292957795594267,2.2853774767435953,2.2769203421598423,2.308469508222477,0.14774692214713125,0.05778541279856316,1.0,2.2814364169172183,2.2816644328796936,2.2810175340332672,0.0,0.0,0.0,0.0,0.0,0.0,0.0,,,,,,,,,,,,,,,,,0.00025
35,11690,val,,,,,,,,,,,,,,,,,,,,,,,,,,,,,,,,,,,,,,,,,,,,,,,,,,,,,,,,,,,,,,,,,,,,,,,,,,,,,,,,,,,,,,,,,,,,,,,,,,,16.296955903371174,684.6505522856842,26.165827949554437,12.1745454813983,15.39506095594114,24.254417491125466,11.754969326225487,16.246535752270674,26.146980705126957,11.77408675030545,17.922991623749603,29.105899114626276,13.16536723815643,16.296955903371174,26.165827949554437,12.1745454813983,0.00025
35,11690,test,,,,,,,,,,,,,,,,,,,,,,,,,,,,,,,,,,,,,,,,,,,,,,,,,,,,,,,,,,,,,,,,,,,,,,,,,,,,,,,,,,,,,,,,,,,,,,,,,,,15.884242096462765,618.466767113488,24.86899208077175,11.307842538163468,15.05453768291989,23.180688180900408,11.205541086626482,15.818216706181431,24.886901852810087,10.995713470218417,17.396760231739766,27.419362173337866,11.756108820975363,15.884242096462765,24.86899208077175,11.307842538163468,0.00025
36,11700,train,0.031191755086183548,0.1104433685541153,0.11399077624082565,0.0,0.006696534343063831,0.006696534343063831,0.0,3.479501485824585,9.999999747378752e-05,0.029999999329447746,0.029999999329447746,0.029999999329447746,0.0010000000474974513,0.0010000000474974513,0.06841715425252914,0.024322956800460815,0.0,0.0,0.0,0.0,-1.7115224599838257,-1.7115224599838257,1.0,-1.7115224599838257,0.0,-4.435628414154053,2.374408006668091,1.0,0.06841715425252914,1.0,0.0,0.0,0.06841715425252914,0.0,0.0,0.024322956800460815,0.0,0.27567705512046814,0.09584733098745346,0.05837588012218475,0.6362353563308716,0.5511054992675781,0.0,0.0,0.0,0.0,0.0,0.0,0.0,0.0,1.0,0.0,0.09585901349782944,0.3073079288005829,0.3600832521915436,0.02389943040907383,0.0,0.11399077624082565,0.1104433685541153,0.1104433685541153,0.17925478518009186,0.09317772835493088,1.9994114697219345e-10,0.0,0.0,4.012805938720703,4.012805938720703,2.3252437114715576,2.3252437114715576,0.7633810043334961,0.0,0.0,0.0,0.0,0.27567705512046814,0.12033184617757797,0.0047775255516171455,0.8712248802185059,0.5511054992675781,0.03961397334933281,2.2852063179016113,2.338620662689209,2.3252437114715576,2.3420166969299316,2.374408006668091,0.15045945346355438,0.05920914188027382,1.0,2.320014238357544,2.3551502227783203,2.3406782150268555,0.0,0.0,0.0,0.0,0.0,0.0,0.0,,,,,,,,,,,,,,,,,0.00025
36,11720,train,0.02780432254076004,0.1087043285369873,0.11100369691848755,0.0,0.006858954206109047,0.006858954206109047,0.0,3.519008159637451,9.999999747378752e-05,0.029999999329447746,0.029999999329447746,0.029999999329447746,0.0010000000474974513,0.0010000000474974513,0.060816116631031036,0.013240605592727661,0.0,0.0,0.0,0.0,-1.7288743257522583,-1.7288743257522583,1.0,-1.7288743257522583,0.0,-4.452569007873535,2.349735975265503,1.0,0.060816116631031036,1.0,0.0,0.0,0.060816116631031036,0.0,0.0,0.013240605592727661,0.0,0.2867594063282013,0.11484847962856293,0.06266201287508011,0.7889697551727295,0.5525228381156921,0.0,0.0,0.0,0.0,0.0,0.0,0.0,0.0,1.0,0.0,0.09636640548706055,0.30480310320854187,0.35736486315727234,0.022779865190386772,0.0,0.11100369691848755,0.1087043285369873,0.1087043285369873,0.19050194323062897,0.10776259750127792,5.0062523571092754e-11,0.0,0.0,4.01003885269165,4.01003885269165,2.306490182876587,2.306490182876587,0.8086891174316406,0.0,0.0,0.0,0.0,0.2867594063282013,0.1366572380065918,0.001469368813559413,0.9143204689025879,0.5525228381156921,0.07429534941911697,2.286782741546631,2.3130264282226562,2.306490182876587,2.3354992866516113,2.349735975265503,0.15084271132946014,0.05831875652074814,1.0,2.260096788406372,2.343235492706299,2.297048568725586,0.0,0.0,0.0,0.0,0.0,0.0,0.0,,,,,,,,,,,,,,,,,0.00025
36,11740,train,0.027361420914530754,0.10930973291397095,0.11278209090232849,0.0,0.005949466954916716,0.005949466954916716,0.0,3.487044095993042,9.999999747378752e-05,0.029999999329447746,0.029999999329447746,0.029999999329447746,0.0010000000474974513,0.0010000000474974513,0.06512528657913208,0.013118535280227661,0.0,0.0,0.0,0.0,-1.7518361806869507,-1.7518361806869507,1.0,-1.7518361806869507,0.0,-4.483938694000244,2.2511634826660156,1.0,0.06512528657913208,1.0,0.0,0.0,0.06512528657913208,0.0,0.0,0.013118535280227661,0.0,0.2868814766407013,0.1041330024600029,0.06994488835334778,0.6971992254257202,0.5598742961883545,0.0,0.0,0.0,0.0,0.0,0.0,0.0,0.0,1.0,0.0,0.10173987597227097,0.30800822377204895,0.3523760735988617,0.023530427366495132,0.0,0.11278209090232849,0.10930973291397095,0.10930973291397095,0.1941208392381668,0.12749697268009186,-3.5859512581559727e-10,0.0,0.0,4.052131175994873,4.052131175994873,2.2544612884521484,2.2544612884521484,0.8301157355308533,0.0,0.0,0.0,0.0,0.2868814766407013,0.12489554286003113,0.007882976904511452,0.8536216020584106,0.5598742961883545,0.0548100508749485,2.2347919940948486,2.2608330249786377,2.2544612884521484,2.2228641510009766,2.2511634826660156,0.150885209441185,0.05841401219367981,1.0,2.3880863189697266,2.3237357139587402,2.2920241355895996,0.0,0.0,0.0,0.0,0.0,0.0,0.0,,,,,,,,,,,,,,,,,0.00025
36,11760,train,0.012905847281217575,0.09457382559776306,0.0974481925368309,0.0,0.005725531373172998,0.005725531373172998,0.0,3.426165819168091,9.999999747378752e-05,0.029999999329447746,0.029999999329447746,0.029999999329447746,0.0010000000474974513,0.0010000000474974513,0.07092618942260742,0.016240209341049194,0.0,0.0,0.0,0.0,-1.6959861516952515,-1.6959861516952515,1.0,-1.6959861516952515,0.0,-4.363683223724365,2.534203290939331,1.0,0.07092618942260742,1.0,0.0,0.0,0.07092618942260742,0.0,0.0,0.016240209341049194,0.0,0.28375980257987976,0.11358692497015,0.0686940848827362,0.6949727535247803,0.549714207649231,0.0,0.0,0.0,0.0,0.0,0.0,0.0,0.0,1.0,0.0,0.1118210107088089,0.296762079000473,0.38708606362342834,0.025820376351475716,0.0,0.0974481925368309,0.09457382559776306,0.09457382559776306,0.17646026611328125,0.05743565410375595,-2.6223057059127086e-10,0.0,0.0,3.916349172592163,3.9163496494293213,2.5265471935272217,2.5265471935272217,0.7291944026947021,0.0,0.0,0.0,0.0,0.28375980257987976,0.1349453181028366,0.004523378796875477,0.8606139421463013,0.549714207649231,0.06251532584428787,2.469637632369995,2.5427472591400146,2.5265471935272217,2.506704330444336,2.534203290939331,0.15866419672966003,0.06566151976585388,1.0,2.382345199584961,2.376817226409912,2.3320682048797607,0.0,0.0,0.0,0.0,0.0,0.0,0.0,,,,,,,,,,,,,,,,,0.00025
36,11780,train,0.02428318001329899,0.10632722079753876,0.10862003266811371,0.0,0.005882408004254103,0.005882408004254103,0.0,3.4733223915100098,9.999999747378752e-05,0.029999999329447746,0.029999999329447746,0.029999999329447746,0.0010000000474974513,0.0010000000474974513,0.06667560338973999,0.0019432008266448975,0.0,0.0,0.0,0.0,-1.739341139793396,-1.739341139793396,1.0,-1.739341139793396,0.0,-4.458763599395752,2.4091734886169434,1.0,0.06667560338973999,1.0,0.0,0.0,0.06667560338973999,0.0,0.0,0.0019432008266448975,0.0,0.29805681109428406,0.10659236460924149,0.08547131717205048,0.7799072265625,0.5676850080490112,0.0,0.0,0.0,0.0,0.0,0.0,0.0,0.0,1.0,0.0,0.10717517882585526,0.29952123761177063,0.3591421842575073,0.02402978204190731,0.0,0.10862003266811371,0.10632722079753876,0.10632722079753876,0.1859613060951233,0.09659332036972046,3.6982522599871004e-10,0.0,0.0,3.9968507289886475,3.9968502521514893,2.335881471633911,2.335881471633911,0.7939593195915222,0.0,0.0,0.0,0.0,0.29805681109428406,0.1297464370727539,0.017247147858142853,0.9149961471557617,0.5676850080490112,0.06109068915247917,2.3034744262695312,2.344287872314453,2.335881471633911,2.3978734016418457,2.4091734886169434,0.14776940643787384,0.05824192985892296,1.0,2.294635057449341,2.2796707153320312,2.256281852722168,0.0,0.0,0.0,0.0,0.0,0.0,0.0,,,,,,,,,,,,,,,,,0.00025
36,11800,train,0.034009627997875214,0.11431501805782318,0.11709639430046082,0.0,0.006617867853492498,0.006617867853492498,0.0,3.4838778972625732,9.999999747378752e-05,0.029999999329447746,0.029999999329447746,0.029999999329447746,0.0010000000474974513,0.0010000000474974513,0.0663454458117485,0.004898875951766968,0.0,0.0,0.0,0.0,-1.7390472888946533,-1.7390472888946533,1.0,-1.7390472888946533,0.0,-4.473677158355713,2.2683656215667725,1.0,0.0663454458117485,1.0,0.0,0.0,0.0663454458117485,0.0,0.0,0.004898875951766968,0.0,0.3048988878726959,0.11779460310935974,0.05236412584781647,0.7169828414916992,0.5653114914894104,0.0,0.0,0.0,0.0,0.0,0.0,0.0,0.0,1.0,0.0,0.09849846363067627,0.3003101646900177,0.35593077540397644,0.023600447922945023,0.0,0.11709639430046082,0.11431501805782318,0.11431501805782318,0.18945561349391937,0.11753177642822266,3.45469035323287e-11,0.0,0.0,4.069204807281494,4.069204807281494,2.2972400188446045,2.2972400188446045,0.820068895816803,0.0,0.0,0.0,0.0,0.3048988878726959,0.14190028607845306,0.00493185268715024,0.8915445804595947,0.5653114914894104,0.08874081075191498,2.2773056030273438,2.3036320209503174,2.2972400188446045,2.238633155822754,2.2683656215667725,0.15183070302009583,0.058764856308698654,1.0,2.280939817428589,2.2538862228393555,2.261699676513672,0.0,0.0,0.0,0.0,0.0,0.0,0.0,,,,,,,,,,,,,,,,,0.00025
36,11820,train,0.026623202487826347,0.10599517077207565,0.10907787084579468,0.0,0.00684472918510437,0.00684472918510437,0.0,3.4848482608795166,9.999999747378752e-05,0.029999999329447746,0.029999999329447746,0.029999999329447746,0.0010000000474974513,0.0010000000474974513,0.06194053217768669,0.005417078733444214,0.0,0.0,0.0,0.0,-1.6968121528625488,-1.6968121528625488,1.0,-1.6968121528625488,0.0,-4.3931565284729,2.41390323638916,1.0,0.06194053217768669,1.0,0.0,0.0,0.06194053217768669,0.0,0.0,0.005417078733444214,0.0,0.29458293318748474,0.10292141884565353,0.057523950934410095,0.7222468852996826,0.5647745132446289,0.0,0.0,0.0,0.0,0.0,0.0,0.0,0.0,1.0,0.0,0.09895790368318558,0.3046184778213501,0.36415591835975647,0.023745162412524223,0.0,0.10907787084579468,0.10599517077207565,0.10599517077207565,0.1785028874874115,0.0828242152929306,2.5033813910724234e-10,0.0,0.0,3.9421989917755127,3.9421989917755127,2.3489131927490234,2.3489131927490234,0.7511530518531799,0.0,0.0,0.0,0.0,0.29458293318748474,0.12916693091392517,0.009990552440285683,0.904842734336853,0.5647745132446289,0.06446079164743423,2.302971839904785,2.364734649658203,2.3489131927490234,2.3729445934295654,2.41390323638916,0.15062756836414337,0.05966510996222496,1.0,2.203779697418213,2.302433729171753,2.3627583980560303,0.0,0.0,0.0,0.0,0.0,0.0,0.0,,,,,,,,,,,,,,,,,0.00025
36,11840,train,0.033310048282146454,0.11387540400028229,0.116399385035038,0.0,0.005951502826064825,0.005951502826064825,0.0,3.4955763816833496,9.999999747378752e-05,0.029999999329447746,0.029999999329447746,0.029999999329447746,0.0010000000474974513,0.0010000000474974513,0.07433540374040604,0.0036615729331970215,0.0,0.0,0.0,0.0,-1.7408556938171387,-1.7408556938171387,1.0,-1.7408556938171387,0.0,-4.463580131530762,2.336151599884033,1.0,0.07433540374040604,1.0,0.0,0.0,0.07433540374040604,0.0,0.0,0.0036615729331970215,0.0,0.303661584854126,0.09071466326713562,0.09441431611776352,0.6447345614433289,0.580127477645874,0.0,0.0,0.0,0.0,0.0,0.0,0.0,0.0,1.0,0.0,0.10575039684772491,0.2989562749862671,0.35946083068847656,0.02322969026863575,0.0,0.116399385035038,0.11387540400028229,0.11387540400028229,0.18373623490333557,0.10560760647058487,-1.6647758172005922e-10,0.0,0.0,4.13245153427124,4.13245153427124,2.330151319503784,2.330151319503784,0.813139021396637,0.0,0.0,0.0,0.0,0.303661584854126,0.11741422116756439,0.016669120639562607,0.8593440651893616,0.580127477645874,0.04998468607664108,2.3130342960357666,2.3359954357147217,2.330151319503784,2.32989764213562,2.336151599884033,0.14525294303894043,0.056907352060079575,1.0,2.3110411167144775,2.2123398780822754,2.285996913909912,0.0,0.0,0.0,0.0,0.0,0.0,0.0,,,,,,,,,,,,,,,,,0.00025
36,11860,train,0.03277086094021797,0.11280538886785507,0.11654452234506607,0.0,0.0066529312171041965,0.0066529312171041965,0.0,3.525617837905884,9.999999747378752e-05,0.029999999329447746,0.029999999329447746,0.029999999329447746,0.0010000000474974513,0.0010000000474974513,0.06516264379024506,0.002325981855392456,0.0,0.0,0.0,0.0,-1.7327178716659546,-1.7327178716659546,1.0,-1.7327178716659546,0.0,-4.451419353485107,2.2426681518554688,1.0,0.06516264379024506,1.0,0.0,0.0,0.06516264379024506,0.0,0.0,0.002325981855392456,0.0,0.3023259937763214,0.09230294823646545,0.10753940790891647,0.7123785018920898,0.5736691355705261,0.0,0.0,0.0,0.0,0.0,0.0,0.0,0.0,1.0,0.0,0.10122490674257278,0.30651479959487915,0.35339558124542236,0.02247324027121067,0.0,0.11654452234506607,0.11280538886785507,0.11280538886785507,0.21569490432739258,0.16328905522823334,3.0790790056522965e-11,0.0,0.0,4.096131324768066,4.096131324768066,2.2437291145324707,2.2437291145324707,0.9364920258522034,0.0,0.0,0.0,0.0,0.3023259937763214,0.12679597735404968,0.007504019420593977,0.9146745204925537,0.5736691355705261,0.06253064423799515,2.2374470233917236,2.2465336322784424,2.2437291145324707,2.182512044906616,2.2426681518554688,0.15600839257240295,0.05794375017285347,1.0,2.2740654945373535,2.2825675010681152,2.2956035137176514,0.0,0.0,0.0,0.0,0.0,0.0,0.0,,,,,,,,,,,,,,,,,0.00025
36,11880,train,0.025283684954047203,0.10653101652860641,0.10929317027330399,0.0,0.006683006417006254,0.006683006417006254,0.0,3.5059814453125,9.999999747378752e-05,0.029999999329447746,0.029999999329447746,0.029999999329447746,0.0010000000474974513,0.0010000000474974513,0.06006854027509689,0.009315550327301025,0.0,0.0,0.0,0.0,-1.728774070739746,-1.728774070739746,1.0,-1.728774070739746,0.0,-4.4477410316467285,2.2940611839294434,1.0,0.06006854027509689,1.0,0.0,0.0,0.06006854027509689,0.0,0.0,0.009315550327301025,0.0,0.29068446159362793,0.08675338327884674,0.08715790510177612,0.597758948802948,0.5685638189315796,0.0,0.0,0.0,0.0,0.0,0.0,0.0,0.0,1.0,0.0,0.09908267855644226,0.31069788336753845,0.35908278822898865,0.023161379620432854,0.0,0.10929317027330399,0.10653101652860641,0.10653101652860641,0.19801375269889832,0.12743504345417023,1.0889156243365505e-10,0.0,0.0,4.089069366455078,4.089069366455078,2.2969062328338623,2.2969062328338623,0.8538825511932373,0.0,0.0,0.0,0.0,0.29068446159362793,0.11627461016178131,0.005934671498835087,0.8535446524620056,0.5685638189315796,0.04430147260427475,2.2644360065460205,2.3077805042266846,2.2969062328338623,2.2513020038604736,2.2940611839294434,0.15517652034759521,0.05965196341276169,1.0,2.2925527095794678,2.338846206665039,2.2821836471557617,0.0,0.0,0.0,0.0,0.0,0.0,0.0,,,,,,,,,,,,,,,,,0.00025
36,11900,train,0.02860422246158123,0.10889159888029099,0.1117573082447052,0.0,0.006755586713552475,0.006755586713552475,0.0,3.5036699771881104,9.999999747378752e-05,0.029999999329447746,0.029999999329447746,0.029999999329447746,0.0010000000474974513,0.0010000000474974513,0.06084435433149338,0.0049034953117370605,0.0,0.0,0.0,0.0,-1.7209604978561401,-1.7209604978561401,1.0,-1.7209604978561401,0.0,-4.4299492835998535,2.337968349456787,1.0,0.06084435433149338,1.0,0.0,0.0,0.06084435433149338,0.0,0.0,0.0049034953117370605,0.0,0.3049035370349884,0.10830865055322647,0.07320065796375275,0.7469511032104492,0.5714500546455383,0.0,0.0,0.0,0.0,0.0,0.0,0.0,0.0,1.0,0.0,0.09576953947544098,0.3147459626197815,0.35292813181877136,0.023165393620729446,0.0,0.1117573082447052,0.10889159888029099,0.10889159888029099,0.18296776711940765,0.11279551684856415,4.941280162817918e-10,0.0,0.0,4.021045207977295,4.021045207977295,2.256697416305542,2.256697416305542,0.779808521270752,0.0,0.0,0.0,0.0,0.304903507232666,0.1336435079574585,0.00938470009714365,0.9031081795692444,0.5714500546455383,0.07466299831867218,2.2340080738067627,2.2654285430908203,2.256697416305542,2.2840914726257324,2.337968349456787,0.15182450413703918,0.05801378935575485,1.0,2.3247251510620117,2.2931745052337646,2.303257703781128,0.0,0.0,0.0,0.0,0.0,0.0,0.0,,,,,,,,,,,,,,,,,0.00025
36,11920,train,0.018933838233351707,0.09979929029941559,0.10199125111103058,0.0,0.00622175307944417,0.00622175307944417,0.0,3.5101876258850098,9.999999747378752e-05,0.029999999329447746,0.029999999329447746,0.029999999329447746,0.0010000000474974513,0.0010000000474974513,0.06159992516040802,0.01970735192298889,0.0,0.0,0.0,0.0,-1.698044776916504,-1.698044776916504,1.0,-1.698044776916504,0.0,-4.373660564422607,2.369965076446533,1.0,0.06159992516040802,1.0,0.0,0.0,0.06159992516040802,0.0,0.0,0.01970735192298889,0.0,0.28029265999794006,0.09625085443258286,0.08361362665891647,0.6777357459068298,0.5566769242286682,0.0,0.0,0.0,0.0,0.0,0.0,0.0,0.0,1.0,0.0,0.10546493530273438,0.31354624032974243,0.37426814436912537,0.02334010787308216,0.0,0.10199125111103058,0.09979929029941559,0.09979929029941559,0.16157525777816772,0.07970275729894638,4.923493834851911e-10,0.0,0.0,3.932145118713379,3.932145595550537,2.394497871398926,2.394497871398926,0.6773083209991455,0.0,0.0,0.0,0.0,0.28029265999794006,0.11922188103199005,0.005254691932350397,0.8700448870658875,0.5566769242286682,0.042401961982250214,2.346713066101074,2.410994291305542,2.394497871398926,2.3020002841949463,2.369965076446533,0.1549290269613266,0.06480623036623001,1.0,2.285195827484131,2.2418878078460693,2.287069082260132,0.0,0.0,0.0,0.0,0.0,0.0,0.0,,,,,,,,,,,,,,,,,0.00025
36,11940,train,0.03365304321050644,0.11370338499546051,0.11735084652900696,0.0,0.006513490807265043,0.006513490807265043,0.0,3.533294200897217,9.999999747378752e-05,0.029999999329447746,0.029999999329447746,0.029999999329447746,0.0010000000474974513,0.0010000000474974513,0.06912581622600555,0.0018545091152191162,0.0,0.0,0.0,0.0,-1.7356704473495483,-1.7356704473495483,1.0,-1.7356704473495483,0.0,-4.4465179443359375,2.2520885467529297,1.0,0.06912581622600555,1.0,0.0,0.0,0.06912581622600555,0.0,0.0,0.0018545091152191162,0.0,0.30185452103614807,0.1058993712067604,0.06859168410301208,0.7838951945304871,0.5698458552360535,0.0,0.0,0.0,0.0,0.0,0.0,0.0,0.0,1.0,0.0,0.1063210740685463,0.3084458112716675,0.3546028435230255,0.022391948848962784,0.0,0.11735084652900696,0.11370338499546051,0.11370338499546051,0.20780204236507416,0.1575431078672409,-2.007441296525414e-10,0.0,0.0,4.142360210418701,4.142360210418701,2.2597546577453613,2.2597546577453613,0.9139883518218994,0.0,0.0,0.0,0.0,0.30185452103614807,0.13038256764411926,0.0028715338557958603,0.9112590551376343,0.5698458552360535,0.06034007668495178,2.2502942085266113,2.264397621154785,2.2597546577453613,2.2109577655792236,2.2520885467529297,0.1515227109193802,0.05809904634952545,1.0,2.1894004344940186,2.231553077697754,2.237715244293213,0.0,0.0,0.0,0.0,0.0,0.0,0.0,,,,,,,,,,,,,,,,,0.00025
36,11960,train,0.04242990165948868,0.12142106890678406,0.12477269768714905,0.0,0.0071707614697515965,0.0071707614697515965,0.0,3.5532386302948,9.999999747378752e-05,0.029999999329447746,0.029999999329447746,0.029999999329447746,0.0010000000474974513,0.0010000000474974513,0.06739722937345505,0.005322188138961792,0.0,0.0,0.0,0.0,-1.7431480884552002,-1.7431480884552002,1.0,-1.7431480884552002,0.0,-4.4702677726745605,2.233912467956543,1.0,0.06739722937345505,1.0,0.0,0.0,0.06739722937345505,0.0,0.0,0.005322188138961792,0.0,0.29467785358428955,0.09686105698347092,0.0717722475528717,0.6875500679016113,0.5693727731704712,0.0,0.0,0.0,0.0,0.0,0.0,0.0,0.0,1.0,0.0,0.10057579725980759,0.3073628842830658,0.3504972755908966,0.02184426225721836,0.0,0.12477269768714905,0.12142106890678406,0.12142106890678406,0.21182681620121002,0.17045800387859344,1.5509132172963902e-11,0.0,0.0,4.1526875495910645,4.1526875495910645,2.232531785964966,2.232531785964966,0.9414082169532776,0.0,0.0,0.0,0.0,0.29467782378196716,0.12193563580513,0.024957071989774704,0.8624448776245117,0.5693727731704712,0.05795037001371384,2.2192599773406982,2.2350258827209473,2.232531785964966,2.1834757328033447,2.233912467956543,0.15122394263744354,0.05666181072592735,1.0,2.217545986175537,2.2109322547912598,2.2149949073791504,0.0,0.0,0.0,0.0,0.0,0.0,0.0,,,,,,,,,,,,,,,,,0.00025
36,11980,train,0.04880549758672714,0.12492897361516953,0.12776510417461395,0.0,0.006683278828859329,0.006683278828859329,0.0,3.488213539123535,9.999999747378752e-05,0.029999999329447746,0.029999999329447746,0.029999999329447746,0.0010000000474974513,0.0010000000474974513,0.05814101919531822,0.006385833024978638,0.0,0.0,0.0,0.0,-1.7048391103744507,-1.7048391103744507,1.0,-1.7048391103744507,0.0,-4.462285995483398,2.273595094680786,1.0,0.05814101919531822,1.0,0.0,0.0,0.05814101919531822,0.0,0.0,0.006385833024978638,0.0,0.2936141788959503,0.12055955082178116,0.062065981328487396,0.7622413039207458,0.5521690249443054,0.0,0.0,0.0,0.0,0.0,0.0,0.0,0.0,1.0,0.0,0.08349192142486572,0.29183900356292725,0.34705016016960144,0.023218698799610138,0.0,0.12776510417461395,0.12492897361516953,0.12492897361516953,0.17662978172302246,0.10983457416296005,3.4570246665310833e-10,0.0,0.0,3.99467134475708,3.99467134475708,2.2261011600494385,2.2261011600494385,0.7425697445869446,0.0,0.0,0.0,0.0,0.2936141788959503,0.14778394997119904,0.008997933007776737,0.9180545806884766,0.5521690249443054,0.09079351276159286,2.2007670402526855,2.2340304851531982,2.2261011600494385,2.2260169982910156,2.273595094680786,0.1426122635602951,0.05548204481601715,1.0,2.324252128601074,2.3571157455444336,2.4103169441223145,0.0,0.0,0.0,0.0,0.0,0.0,0.0,,,,,,,,,,,,,,,,,0.00025
36,12000,train,0.01834234781563282,0.10092579573392868,0.10297498106956482,0.0,0.0052324156276881695,0.0052324156276881695,0.0,3.4732463359832764,9.999999747378752e-05,0.029999999329447746,0.029999999329447746,0.029999999329447746,0.0010000000474974513,0.0010000000474974513,0.06555557996034622,0.005316644906997681,0.0,0.0,0.0,0.0,-1.729227066040039,-1.729227066040039,1.0,-1.729227066040039,0.0,-4.436275482177734,2.4618518352508545,1.0,0.06555557996034622,1.0,0.0,0.0,0.06555557996034622,0.0,0.0,0.005316644906997681,0.0,0.305316686630249,0.10804053395986557,0.07491602748632431,0.6230186223983765,0.5728415250778198,0.0,0.0,0.0,0.0,0.0,0.0,0.0,0.0,1.0,0.0,0.10258354991674423,0.27935415506362915,0.370929479598999,0.024060677736997604,0.0,0.10297498106956482,0.10092579573392868,0.10092579573392868,0.17584872245788574,0.07324883341789246,1.5281435838954138e-10,0.0,0.0,4.004859924316406,4.004859924316406,2.4346837997436523,2.4346837997436523,0.7458072900772095,0.0,0.0,0.0,0.0,0.30531665682792664,0.1314755380153656,0.013920138590037823,0.8830493688583374,0.5728415250778198,0.07640931755304337,2.380498170852661,2.448228597640991,2.4346837997436523,2.4551985263824463,2.4618518352508545,0.14538240432739258,0.05848626047372818,1.0,2.299384117126465,2.305832862854004,2.3114047050476074,0.0,0.0,0.0,0.0,0.0,0.0,0.0,,,,,,,,,,,,,,,,,0.00025
36,12020,train,0.03511982411146164,0.1163177639245987,0.11899671703577042,0.0,0.0065672253258526325,0.0065672253258526325,0.0,3.484586715698242,9.999999747378752e-05,0.029999999329447746,0.029999999329447746,0.029999999329447746,0.0010000000474974513,0.0010000000474974513,0.07344521582126617,0.010380208492279053,0.0,0.0,0.0,0.0,-1.760443091392517,-1.760443091392517,1.0,-1.760443091392517,0.0,-4.510229110717773,2.299184799194336,1.0,0.07344521582126617,1.0,0.0,0.0,0.07344521582126617,0.0,0.0,0.010380208492279053,0.0,0.2896198034286499,0.09532275050878525,0.07797810435295105,0.6271719336509705,0.5655195713043213,0.0,0.0,0.0,0.0,0.0,0.0,0.0,0.0,1.0,0.0,0.10044281929731369,0.3035719394683838,0.3493082523345947,0.023341607302427292,0.0,0.11899671703577042,0.1163177639245987,0.1163177639245987,0.19700732827186584,0.1213480606675148,-4.1932396444011033e-10,0.0,0.0,4.135074615478516,4.135074615478516,2.2690279483795166,2.2690279483795166,0.8683193325996399,0.0,0.0,0.0,0.0,0.2896198034286499,0.11956217885017395,0.014279658906161785,0.8485203385353088,0.5655195713043213,0.043275125324726105,2.249532461166382,2.2735254764556885,2.2690279483795166,2.2805864810943604,2.299184799194336,0.14412400126457214,0.05509388446807861,1.0,2.214409828186035,2.2609610557556152,2.263566732406616,0.0,0.0,0.0,0.0,0.0,0.0,0.0,,,,,,,,,,,,,,,,,0.00025
36,12024,train_epoch,0.031103486566062637,0.11186669664290137,0.11476944070197866,0.0,0.006440947610260306,0.006440947610260306,0.0,3.501845052142343,9.999999747378752e-05,0.029999999329447746,0.029999999329447746,0.029999999329447746,0.0010000000474974513,0.0010000000474974513,0.06652710030223438,0.01128077542710447,0.0,0.0,0.0,0.0,-1.73897202571709,-1.73897202571709,1.0,-1.73897202571709,0.0,-4.466941088259577,2.3066870852144894,1.0,0.06652710030223438,1.0,0.0,0.0,0.06652710030223438,0.0,0.0,0.01128077542710447,0.0,0.30022581706860824,0.10253798276810588,0.07114944739746833,0.6921608542610785,0.5702942081554208,0.0,0.0,0.0,0.0,0.0,0.0,0.0,0.0,1.0,0.0,0.0997580938531967,0.30132232481491067,0.3545541928378408,0.02314135017330775,0.0,0.11476944070197866,0.11186669664290137,0.11186669664290137,0.19323235223750154,0.12294045056099306,9.374181429826327e-12,0.0,0.0,4.07133457760611,4.071334570467829,2.285103243268179,2.285103243268179,0.8363350222924513,0.0,0.0,0.0,0.0,0.30022581109029806,0.12723544362687064,0.008457007061398705,0.8806697451425883,0.5702942081554208,0.06460269178057503,2.263299400934916,2.2923505798785273,2.285103243268179,2.27640855098199,2.3066870852144894,0.1475678941982235,0.05742689215405258,1.0,2.2810658858921715,2.280358278822756,2.2807182801697783,0.0,0.0,0.0,0.0,0.0,0.0,0.0,,,,,,,,,,,,,,,,,0.00025
36,12024,val,,,,,,,,,,,,,,,,,,,,,,,,,,,,,,,,,,,,,,,,,,,,,,,,,,,,,,,,,,,,,,,,,,,,,,,,,,,,,,,,,,,,,,,,,,,,,,,,,,,16.26388915809425,687.4411885716894,26.219099690334325,11.18218519021799,15.363904854198834,24.364197572877224,10.57790893262571,16.208279944754935,26.18174684820126,10.855967903996373,17.867462828352643,29.082678061028172,12.412295100925204,16.26388915809425,26.219099690334325,11.18218519021799,0.00025
36,12024,test,,,,,,,,,,,,,,,,,,,,,,,,,,,,,,,,,,,,,,,,,,,,,,,,,,,,,,,,,,,,,,,,,,,,,,,,,,,,,,,,,,,,,,,,,,,,,,,,,,,15.824637838312098,619.6922287812104,24.893618234021552,10.340139968975171,15.013995338130641,23.27715958476341,10.10423503480516,15.748544211860176,24.885707514073466,10.111196225827879,17.296223129238093,27.35033994074802,10.974791397919526,15.824637838312098,24.893618234021552,10.340139968975171,0.00025
37,12040,train,0.0289626345038414,0.1095808744430542,0.11283648759126663,0.0,0.006633642595261335,0.006633642595261335,0.0,3.498950958251953,9.999999747378752e-05,0.029999999329447746,0.029999999329447746,0.029999999329447746,0.0010000000474974513,0.0010000000474974513,0.061221517622470856,0.005313187837600708,0.0,0.0,0.0,0.0,-1.7300162315368652,-1.7300162315368652,1.0,-1.7300162315368652,0.0,-4.456527233123779,2.3026793003082275,1.0,0.061221517622470856,1.0,0.0,0.0,0.061221517622470856,0.0,0.0,0.005313187837600708,0.0,0.29468679428100586,0.09819027036428452,0.08072467893362045,0.6682702898979187,0.5668746829032898,0.0,0.0,0.0,0.0,0.0,0.0,0.0,0.0,1.0,0.0,0.10281035304069519,0.30952316522598267,0.36097025871276855,0.023210449144244194,0.0,0.11283648759126663,0.1095808744430542,0.1095808744430542,0.19183260202407837,0.1253981739282608,5.983013529053949e-10,0.0,0.0,4.083157062530518,4.083157062530518,2.3293745517730713,2.3293745517730713,0.8336023092269897,0.0,0.0,0.0,0.0,0.29468682408332825,0.1251305639743805,0.011268251575529575,0.8403891324996948,0.5668746829032898,0.05490196496248245,2.2832508087158203,2.341984748840332,2.3293745517730713,2.2722580432891846,2.3026793003082275,0.1503063291311264,0.05938393250107765,1.0,2.3084306716918945,2.240401029586792,2.1909127235412598,0.0,0.0,0.0,0.0,0.0,0.0,0.0,,,,,,,,,,,,,,,,,0.00025
37,12060,train,0.028130047023296356,0.10937042534351349,0.11233564466238022,0.0,0.00643940782174468,0.00643940782174468,0.0,3.4936509132385254,9.999999747378752e-05,0.029999999329447746,0.029999999329447746,0.029999999329447746,0.0010000000474974513,0.0010000000474974513,0.06734251976013184,0.012193769216537476,0.0,0.0,0.0,0.0,-1.7388263940811157,-1.7388263940811157,1.0,-1.7388263940811157,0.0,-4.449487686157227,2.3102028369903564,1.0,0.06734251976013184,1.0,0.0,0.0,0.06734251976013184,0.0,0.0,0.012193769216537476,0.0,0.2878062427043915,0.09550350159406662,0.05512130260467529,0.6041457653045654,0.5612018704414368,0.0,0.0,0.0,0.0,0.0,0.0,0.0,0.0,1.0,0.0,0.11226774007081985,0.3113460838794708,0.3590543568134308,0.023527996614575386,0.0,0.11233564466238022,0.10937042534351349,0.10937042534351349,0.202344611287117,0.13285858929157257,4.0501776932266864e-10,0.0,0.0,4.154773235321045,4.154773712158203,2.3178114891052246,2.3178114891052246,0.8981684446334839,0.0,0.0,0.0,0.0,0.2878062427043915,0.12238655984401703,0.0028993573505431414,0.8464817404747009,0.5612018704414368,0.0431525744497776,2.3009347915649414,2.322657823562622,2.3178114891052246,2.276085615158081,2.3102028369903564,0.15487097203731537,0.060242485255002975,1.0,2.326997756958008,2.315180540084839,2.2420995235443115,0.0,0.0,0.0,0.0,0.0,0.0,0.0,,,,,,,,,,,,,,,,,0.00025
37,12080,train,0.029850643128156662,0.11045543849468231,0.11347849667072296,0.0,0.006550301797688007,0.006550301797688007,0.0,3.4842689037323,9.999999747378752e-05,0.029999999329447746,0.029999999329447746,0.029999999329447746,0.0010000000474974513,0.0010000000474974513,0.07951057702302933,0.00713154673576355,0.0,0.0,0.0,0.0,-1.732201337814331,-1.732201337814331,1.0,-1.732201337814331,0.0,-4.452263355255127,2.380463123321533,1.0,0.07951057702302933,1.0,0.0,0.0,0.07951057702302933,0.0,0.0,0.00713154673576355,0.0,0.3071315586566925,0.10876871645450592,0.07668402045965195,0.7350896596908569,0.5760217905044556,0.0,0.0,0.0,0.0,0.0,0.0,0.0,0.0,1.0,0.0,0.105310820043087,0.30304670333862305,0.3684728741645813,0.023723317310214043,0.0,0.11347849667072296,0.11045543849468231,0.11045543849468231,0.19892919063568115,0.10373519361019135,-1.9948308283002092e-10,0.0,0.0,4.0833258628845215,4.0833258628845215,2.3970322608947754,2.3970322608947754,0.8685569763183594,0.0,0.0,0.0,0.0,0.3071315586566925,0.12951314449310303,0.00547198299318552,0.8945810198783875,0.5760217905044556,0.07565870881080627,2.361269235610962,2.4054412841796875,2.3970322608947754,2.381228446960449,2.380463123321533,0.15251639485359192,0.059308771044015884,1.0,2.269533395767212,2.314913272857666,2.266122817993164,0.0,0.0,0.0,0.0,0.0,0.0,0.0,,,,,,,,,,,,,,,,,0.00025
37,12100,train,0.031237885355949402,0.11226644366979599,0.11502723395824432,0.0,0.006394603289663792,0.006394603289663792,0.0,3.496645450592041,9.999999747378752e-05,0.029999999329447746,0.029999999329447746,0.029999999329447746,0.0010000000474974513,0.0010000000474974513,0.06729153543710709,0.017623573541641235,0.0,0.0,0.0,0.0,-1.7443405389785767,-1.7443405389785767,1.0,-1.7443405389785767,0.0,-4.491954803466797,2.323986291885376,1.0,0.06729153543710709,1.0,0.0,0.0,0.06729153543710709,0.0,0.0,0.017623573541641235,0.0,0.3176235854625702,0.10829465836286545,0.07069256901741028,0.7036548852920532,0.5838037133216858,0.0,0.0,0.0,0.0,0.0,0.0,0.0,0.0,1.0,0.0,0.09704691916704178,0.2917849123477936,0.35211503505706787,0.023024026304483414,0.0,0.11502723395824432,0.11226644366979599,0.11226644366979599,0.1804448962211609,0.10256842523813248,4.53187834481561e-11,0.0,0.0,4.066934585571289,4.066934585571289,2.285057783126831,2.285057783126831,0.7787046432495117,0.0,0.0,0.0,0.0,0.3176235854625702,0.13186010718345642,0.012904785573482513,0.8834623098373413,0.5838037133216858,0.09181986004114151,2.2647790908813477,2.2906622886657715,2.285057783126831,2.2966465950012207,2.323986291885376,0.1407327800989151,0.055094048380851746,1.0,2.259572982788086,2.2825934886932373,2.309998035430908,0.0,0.0,0.0,0.0,0.0,0.0,0.0,,,,,,,,,,,,,,,,,0.00025
37,12120,train,0.05036979541182518,0.12739740312099457,0.1296490877866745,0.0,0.006840083282440901,0.006840083282440901,0.0,3.506537437438965,9.999999747378752e-05,0.029999999329447746,0.029999999329447746,0.029999999329447746,0.0010000000474974513,0.0010000000474974513,0.06568428128957748,0.014016479253768921,0.0,0.0,0.0,0.0,-1.7265498638153076,-1.7265498638153076,1.0,-1.7265498638153076,0.0,-4.481770992279053,2.363560914993286,1.0,0.06568428128957748,1.0,0.0,0.0,0.06568428128957748,0.0,0.0,0.014016479253768921,0.0,0.3140164911746979,0.1029726192355156,0.08176864683628082,0.6681164503097534,0.5812329649925232,0.0,0.0,0.0,0.0,0.0,0.0,0.0,0.0,1.0,0.0,0.09243237227201462,0.28949615359306335,0.35304370522499084,0.022820033133029938,0.0,0.1296490877866745,0.12739740312099457,0.12739740312099457,0.19465485215187073,0.12127593904733658,-2.720196290439958e-10,0.0,0.0,4.059889793395996,4.059889316558838,2.294733762741089,2.294733762741089,0.8404940366744995,0.0,0.0,0.0,0.0,0.3140164911746979,0.13032947480678558,0.020379461348056793,0.9503591060638428,0.5812329649925232,0.07832414656877518,2.2707712650299072,2.304359197616577,2.294733762741089,2.3618459701538086,2.363560914993286,0.1412237137556076,0.05300401896238327,1.0,2.367323875427246,2.3482632637023926,2.324157238006592,0.0,0.0,0.0,0.0,0.0,0.0,0.0,,,,,,,,,,,,,,,,,0.00025
37,12140,train,0.027646668255329132,0.10840379446744919,0.11079633980989456,0.0,0.006970650516450405,0.006970650516450405,0.0,3.512986660003662,9.999999747378752e-05,0.029999999329447746,0.029999999329447746,0.029999999329447746,0.0010000000474974513,0.0010000000474974513,0.06507694721221924,0.013991892337799072,0.0,0.0,0.0,0.0,-1.7259314060211182,-1.7259314060211182,1.0,-1.7259314060211182,0.0,-4.435535430908203,2.3755717277526855,1.0,0.06507694721221924,1.0,0.0,0.0,0.06507694721221924,0.0,0.0,0.013991892337799072,0.0,0.2860081195831299,0.09463789314031601,0.0632283017039299,0.6600924730300903,0.5622619986534119,0.0,0.0,0.0,0.0,0.0,0.0,0.0,0.0,1.0,0.0,0.09689031541347504,0.30707913637161255,0.35969963669776917,0.02293725684285164,0.0,0.11079633980989456,0.10840379446744919,0.10840379446744919,0.1990920603275299,0.11741549521684647,-2.1725149457196835e-10,0.0,0.0,4.0454421043396,4.045441627502441,2.326122283935547,2.326122283935547,0.8535503149032593,0.0,0.0,0.0,0.0,0.2860081195831299,0.11946665495634079,0.013931471854448318,0.875907301902771,0.5622619986534119,0.04218750074505806,2.281909465789795,2.338670015335083,2.326122283935547,2.348627805709839,2.3755717277526855,0.14823000133037567,0.058359552174806595,1.0,2.2294254302978516,2.231679916381836,2.2407147884368896,0.0,0.0,0.0,0.0,0.0,0.0,0.0,,,,,,,,,,,,,,,,,0.00025
37,12160,train,0.03244709223508835,0.11472561955451965,0.11700907349586487,0.0,0.006516836117953062,0.006516836117953062,0.0,3.535883665084839,9.999999747378752e-05,0.029999999329447746,0.029999999329447746,0.029999999329447746,0.0010000000474974513,0.0010000000474974513,0.07095079869031906,0.004974722862243652,0.0,0.0,0.0,0.0,-1.7717559337615967,-1.7717559337615967,1.0,-1.7717559337615967,0.0,-4.521404266357422,2.262230157852173,1.0,0.07095079869031906,1.0,0.0,0.0,0.07095079869031906,0.0,0.0,0.004974722862243652,0.0,0.2950252890586853,0.09336690604686737,0.05104559659957886,0.6653761863708496,0.5739023685455322,0.0,0.0,0.0,0.0,0.0,0.0,0.0,0.0,1.0,0.0,0.09520736336708069,0.294467031955719,0.3424774706363678,0.02214912511408329,0.0,0.11700907349586487,0.11472561955451965,0.11472561955451965,0.19579890370368958,0.13867194950580597,-1.9759965885768338e-10,0.0,0.0,4.112211227416992,4.112212181091309,2.228869676589966,2.228869676589966,0.857505202293396,0.0,0.0,0.0,0.0,0.2950252890586853,0.11447558552026749,0.0033688100520521402,0.8644890785217285,0.5739023685455322,0.0416666679084301,2.221558094024658,2.2296125888824463,2.228869676589966,2.2373263835906982,2.262230157852173,0.13876719772815704,0.05432230979204178,1.0,2.209961414337158,2.1988940238952637,2.171699285507202,0.0,0.0,0.0,0.0,0.0,0.0,0.0,,,,,,,,,,,,,,,,,0.00025
37,12180,train,0.03783271089196205,0.11655586212873459,0.12030565738677979,0.0,0.006894452963024378,0.006894452963024378,0.0,3.4990851879119873,9.999999747378752e-05,0.029999999329447746,0.029999999329447746,0.029999999329447746,0.0010000000474974513,0.0010000000474974513,0.06883163750171661,0.009259253740310669,0.0,0.0,0.0,0.0,-1.7236520051956177,-1.7236520051956177,1.0,-1.7236520051956177,0.0,-4.442408084869385,2.334503173828125,1.0,0.06883163750171661,1.0,0.0,0.0,0.06883163750171661,0.0,0.0,0.009259253740310669,0.0,0.2907407581806183,0.09946849942207336,0.07303600013256073,0.698550820350647,0.5621590614318848,0.0,0.0,0.0,0.0,0.0,0.0,0.0,0.0,1.0,0.0,0.10935883224010468,0.31461986899375916,0.35455015301704407,0.023170188069343567,0.0,0.12030565738677979,0.11655586212873459,0.11655586212873459,0.20601919293403625,0.13878807425498962,-5.237416750292212e-11,0.0,0.0,4.065430641174316,4.065430641174316,2.283341884613037,2.283341884613037,0.895372211933136,0.0,0.0,0.0,0.0,0.2907407581806183,0.12583088874816895,0.0025940199848264456,0.8791657090187073,0.5621590614318848,0.051087625324726105,2.2756919860839844,2.288506507873535,2.283341884613037,2.31546950340271,2.334503173828125,0.14983771741390228,0.05703392252326012,1.0,2.2383460998535156,2.2918059825897217,2.3285205364227295,0.0,0.0,0.0,0.0,0.0,0.0,0.0,,,,,,,,,,,,,,,,,0.00025
37,12200,train,0.03182896226644516,0.11417599767446518,0.11665252596139908,0.0,0.006384019274264574,0.006384019274264574,0.0,3.4964795112609863,9.999999747378752e-05,0.029999999329447746,0.029999999329447746,0.029999999329447746,0.0010000000474974513,0.0010000000474974513,0.06790672242641449,0.004692018032073975,0.0,0.0,0.0,0.0,-1.771521806716919,-1.771521806716919,1.0,-1.771521806716919,0.0,-4.50849723815918,2.2381999492645264,1.0,0.06790672242641449,1.0,0.0,0.0,0.06790672242641449,0.0,0.0,0.004692018032073975,0.0,0.295307993888855,0.09445586055517197,0.07594086974859238,0.6286249160766602,0.5716434121131897,0.0,0.0,0.0,0.0,0.0,0.0,0.0,0.0,1.0,0.0,0.09807251393795013,0.3054327666759491,0.3423844277858734,0.023062365129590034,0.0,0.11665252596139908,0.11417599767446518,0.11417599767446518,0.19902543723583221,0.1520022302865982,2.5925434021800697e-10,0.0,0.0,4.121072769165039,4.121072769165039,2.2149438858032227,2.2149438858032227,0.870871365070343,0.0,0.0,0.0,0.0,0.295307993888855,0.11775786429643631,0.0031265453435480595,0.8398478627204895,0.5716434121131897,0.04554228112101555,2.19098162651062,2.221931219100952,2.2149438858032227,2.213653802871704,2.2381999492645264,0.14260880649089813,0.05471969023346901,1.0,2.1942272186279297,2.2093825340270996,2.254429817199707,0.0,0.0,0.0,0.0,0.0,0.0,0.0,,,,,,,,,,,,,,,,,0.00025
37,12220,train,0.02564704790711403,0.10724589228630066,0.11007106304168701,0.0,0.0067431870847940445,0.0067431870847940445,0.0,3.4546988010406494,9.999999747378752e-05,0.029999999329447746,0.029999999329447746,0.029999999329447746,0.0010000000474974513,0.0010000000474974513,0.07247012853622437,0.0010714828968048096,0.0,0.0,0.0,0.0,-1.7372394800186157,-1.7372394800186157,1.0,-1.7372394800186157,0.0,-4.460619926452637,2.2820658683776855,1.0,0.07247012853622437,1.0,0.0,0.0,0.07247012853622437,0.0,0.0,0.0010714828968048096,0.0,0.30107152462005615,0.1015089824795723,0.045237910002470016,0.6455439925193787,0.5744630694389343,0.0,0.0,0.0,0.0,0.0,0.0,0.0,0.0,1.0,0.0,0.09956187009811401,0.3117062449455261,0.35121282935142517,0.02428450807929039,0.0,0.11007106304168701,0.10724589228630066,0.10724589228630066,0.19106203317642212,0.12472458183765411,-1.3149299704640072e-10,0.0,0.0,3.9988620281219482,3.9988620281219482,2.268450975418091,2.268450975418091,0.8100878596305847,0.0,0.0,0.0,0.0,0.30107149481773376,0.12286771833896637,0.006080686114728451,0.8591422438621521,0.5744630694389343,0.055545344948768616,2.2366132736206055,2.278273344039917,2.268450975418091,2.2610363960266113,2.2820658683776855,0.1446526050567627,0.057717446237802505,1.0,2.1641838550567627,2.1885499954223633,2.241058826446533,0.0,0.0,0.0,0.0,0.0,0.0,0.0,,,,,,,,,,,,,,,,,0.00025
37,12240,train,0.02847306616604328,0.10814032703638077,0.1109003946185112,0.0,0.005979679524898529,0.005979679524898529,0.0,3.475867748260498,9.999999747378752e-05,0.029999999329447746,0.029999999329447746,0.029999999329447746,0.0010000000474974513,0.0010000000474974513,0.06228046119213104,0.0031556785106658936,0.0,0.0,0.0,0.0,-1.7073291540145874,-1.7073291540145874,1.0,-1.7073291540145874,0.0,-4.414554119110107,2.346658945083618,1.0,0.06228046119213104,1.0,0.0,0.0,0.06228046119213104,0.0,0.0,0.0031556785106658936,0.0,0.30315569043159485,0.11563967168331146,0.06210370361804962,0.6865875720977783,0.5631649494171143,0.0,0.0,0.0,0.0,0.0,0.0,0.0,0.0,1.0,0.0,0.10692121088504791,0.29808688163757324,0.3675902485847473,0.023922570049762726,0.0,0.1109003946185112,0.10814032703638077,0.10814032703638077,0.1779797524213791,0.10450971126556396,-1.0953069701225004e-10,0.0,0.0,4.074949264526367,4.074949264526367,2.351625442504883,2.351625442504883,0.7709534764289856,0.0,0.0,0.0,0.0,0.30315569043159485,0.1420140266418457,0.003612683853134513,0.8890636563301086,0.5631649494171143,0.09358149766921997,2.3273632526397705,2.363435983657837,2.351625442504883,2.2981624603271484,2.346658945083618,0.15161928534507751,0.06007380783557892,1.0,2.3568673133850098,2.3171019554138184,2.3514552116394043,0.0,0.0,0.0,0.0,0.0,0.0,0.0,,,,,,,,,,,,,,,,,0.00025
37,12260,train,0.024365758523344994,0.1063518300652504,0.10877838730812073,0.0,0.006518934853374958,0.006518934853374958,0.0,3.511760950088501,9.999999747378752e-05,0.029999999329447746,0.029999999329447746,0.029999999329447746,0.0010000000474974513,0.0010000000474974513,0.06011989712715149,0.01501128077507019,0.0,0.0,0.0,0.0,-1.739393711090088,-1.739393711090088,1.0,-1.739393711090088,0.0,-4.452922344207764,2.3678395748138428,1.0,0.06011989712715149,1.0,0.0,0.0,0.06011989712715149,0.0,0.0,0.01501128077507019,0.0,0.28498873114585876,0.0995137095451355,0.06969695538282394,0.6704913973808289,0.5614365339279175,0.0,0.0,0.0,0.0,0.0,0.0,0.0,0.0,1.0,0.0,0.09686307609081268,0.3004297614097595,0.35848870873451233,0.022861449047923088,0.0,0.10877838730812073,0.1063518300652504,0.1063518300652504,0.18911494314670563,0.11490757018327713,6.695147908297727e-11,0.0,0.0,4.020652770996094,4.020652770996094,2.322150468826294,2.322150468826294,0.8050451278686523,0.0,0.0,0.0,0.0,0.28498873114585876,0.11915073543787003,0.004741715267300606,0.8612664937973022,0.5614365339279175,0.04250919446349144,2.287949800491333,2.331552743911743,2.322150468826294,2.3268353939056396,2.3678395748138428,0.14425286650657654,0.05766603350639343,1.0,2.22475266456604,2.257734775543213,2.2263402938842773,0.0,0.0,0.0,0.0,0.0,0.0,0.0,,,,,,,,,,,,,,,,,0.00025
37,12280,train,0.028323031961917877,0.10844913870096207,0.11074411869049072,0.0,0.006597450003027916,0.006597450003027916,0.0,3.480523109436035,9.999999747378752e-05,0.029999999329447746,0.029999999329447746,0.029999999329447746,0.0010000000474974513,0.0010000000474974513,0.06007958576083183,0.009568214416503906,0.0,0.0,0.0,0.0,-1.714842677116394,-1.714842677116394,1.0,-1.714842677116394,0.0,-4.421996116638184,2.3474011421203613,1.0,0.06007958576083183,1.0,0.0,0.0,0.06007958576083183,0.0,0.0,0.009568214416503906,0.0,0.29043179750442505,0.10425169765949249,0.07114595174789429,0.6696822643280029,0.5589572191238403,0.0,0.0,0.0,0.0,0.0,0.0,0.0,0.0,1.0,0.0,0.09971632063388824,0.30500465631484985,0.3584668040275574,0.023638788610696793,0.0,0.11074411869049072,0.10844913870096207,0.10844913870096207,0.17546124756336212,0.10426337271928787,-2.446744751249952e-10,0.0,0.0,4.036716461181641,4.036716461181641,2.3075878620147705,2.3075878620147705,0.7569563984870911,0.0,0.0,0.0,0.0,0.29043179750442505,0.130496546626091,0.0019389551598578691,0.8725606799125671,0.5589572191238403,0.05932904779911041,2.2816503047943115,2.317343235015869,2.3075878620147705,2.2999091148376465,2.3474011421203613,0.14617785811424255,0.05934220552444458,1.0,2.283853054046631,2.296300172805786,2.3119640350341797,0.0,0.0,0.0,0.0,0.0,0.0,0.0,,,,,,,,,,,,,,,,,0.00025
37,12300,train,0.021330034360289574,0.10341312736272812,0.10577630251646042,0.0,0.005843086633831263,0.005843086633831263,0.0,3.4831948280334473,9.999999747378752e-05,0.029999999329447746,0.029999999329447746,0.029999999329447746,0.0010000000474974513,0.0010000000474974513,0.0645449310541153,0.0105363130569458,0.0,0.0,0.0,0.0,-1.7306175231933594,-1.7306175231933594,1.0,-1.7306175231933594,0.0,-4.447783946990967,2.456662893295288,1.0,0.0645449310541153,1.0,0.0,0.0,0.0645449310541153,0.0,0.0,0.0105363130569458,0.0,0.28946372866630554,0.11838119477033615,0.06421753019094467,0.7029190063476562,0.5541375279426575,0.0,0.0,0.0,0.0,0.0,0.0,0.0,0.0,1.0,0.0,0.098517045378685,0.27525556087493896,0.36627671122550964,0.023640232160687447,0.0,0.10577630251646042,0.10341312736272812,0.10341312736272812,0.16217967867851257,0.05349395051598549,1.9232758441400932e-10,0.0,0.0,4.016597270965576,4.016597270965576,2.3992795944213867,2.3992795944213867,0.693777859210968,0.0,0.0,0.0,0.0,0.28946369886398315,0.13779066503047943,0.008817569352686405,0.865468442440033,0.5541375279426575,0.08037684112787247,2.357910633087158,2.4122495651245117,2.3992795944213867,2.43772029876709,2.456662893295288,0.1414591372013092,0.058121323585510254,1.0,2.3584251403808594,2.2936553955078125,2.312302589416504,0.0,0.0,0.0,0.0,0.0,0.0,0.0,,,,,,,,,,,,,,,,,0.00025
37,12320,train,0.022737374529242516,0.1044536828994751,0.10743813961744308,0.0,0.006158783100545406,0.006158783100545406,0.0,3.530735492706299,9.999999747378752e-05,0.029999999329447746,0.029999999329447746,0.029999999329447746,0.0010000000474974513,0.0010000000474974513,0.06326819956302643,0.0030042529106140137,0.0,0.0,0.0,0.0,-1.7301340103149414,-1.7301340103149414,1.0,-1.7301340103149414,0.0,-4.43997859954834,2.378364086151123,1.0,0.06326819956302643,1.0,0.0,0.0,0.06326819956302643,0.0,0.0,0.0030042529106140137,0.0,0.30300426483154297,0.09739499539136887,0.08288511633872986,0.6679694056510925,0.5772448182106018,0.0,0.0,0.0,0.0,0.0,0.0,0.0,0.0,1.0,0.0,0.10219558328390121,0.31076356768608093,0.35943084955215454,0.022412795573472977,0.0,0.10743813961744308,0.1044536828994751,0.1044536828994751,0.19634269177913666,0.11760726571083069,1.4303094819645423e-10,0.0,0.0,4.005928039550781,4.005928039550781,2.3251538276672363,2.3251538276672363,0.8359779119491577,0.0,0.0,0.0,0.0,0.30300426483154297,0.12181618064641953,0.01226908527314663,0.8723205924034119,0.5772448182106018,0.06110600754618645,2.291663408279419,2.3344972133636475,2.3251538276672363,2.3607594966888428,2.378364086151123,0.14615216851234436,0.05742582678794861,1.0,2.219468116760254,2.2446117401123047,2.2435781955718994,0.0,0.0,0.0,0.0,0.0,0.0,0.0,,,,,,,,,,,,,,,,,0.00025
37,12340,train,0.033050794154405594,0.11220598220825195,0.11585395783185959,0.0,0.00616972241550684,0.00616972241550684,0.0,3.4947307109832764,9.999999747378752e-05,0.029999999329447746,0.029999999329447746,0.029999999329447746,0.0010000000474974513,0.0010000000474974513,0.05845943093299866,0.003992825746536255,0.0,0.0,0.0,0.0,-1.7153834104537964,-1.7153834104537964,1.0,-1.7153834104537964,0.0,-4.445620059967041,2.313624143600464,1.0,0.05845943093299866,1.0,0.0,0.0,0.05845943093299866,0.0,0.0,0.003992825746536255,0.0,0.2960071861743927,0.10386911034584045,0.06171415001153946,0.6882423162460327,0.5645408630371094,0.0,0.0,0.0,0.0,0.0,0.0,0.0,0.0,1.0,0.0,0.09560801088809967,0.301312655210495,0.36007213592529297,0.023318983614444733,0.0,0.11585395783185959,0.11220598220825195,0.11220598220825195,0.19576622545719147,0.12550070881843567,3.674136273001949e-10,0.0,0.0,4.099109649658203,4.099109649658203,2.2974371910095215,2.2974371910095215,0.8475469350814819,0.0,0.0,0.0,0.0,0.2960071861743927,0.13193565607070923,0.005343742668628693,0.8723019957542419,0.5645408630371094,0.0703125074505806,2.261530637741089,2.3102521896362305,2.2974371910095215,2.2890963554382324,2.313624143600464,0.15132690966129303,0.05690944939851761,1.0,2.387347459793091,2.371713161468506,2.3215489387512207,0.0,0.0,0.0,0.0,0.0,0.0,0.0,,,,,,,,,,,,,,,,,0.00025
37,12358,train_epoch,0.031039041500471667,0.11173002694002883,0.11461363978193191,0.0,0.006452172845434732,0.006452172845434732,0.0,3.49919614534892,9.999999747378752e-05,0.029999999329447746,0.029999999329447746,0.029999999329447746,0.0010000000474974513,0.0010000000474974513,0.06588923361174717,0.011591200878520213,0.0,0.0,0.0,0.0,-1.7372446934620063,-1.7372446934620063,1.0,-1.7372446934620063,0.0,-4.4637406457684,2.3062919142717373,1.0,0.06588923361174717,1.0,0.0,0.0,0.06588923361174717,0.0,0.0,0.011591200878520213,0.0,0.2993695662764018,0.10282480901854481,0.0706867194807012,0.6914633262657119,0.5695471785025682,0.0,0.0,0.0,0.0,0.0,0.0,0.0,0.0,1.0,0.0,0.0989299106919123,0.3022072169773593,0.3544908881544353,0.02314775469461958,0.0,0.11461363978193191,0.11173002694002883,0.11173002694002883,0.19377862001785975,0.12488256690432568,-5.1846283496305634e-12,0.0,0.0,4.072827236381119,4.072827247088541,2.2855348073079913,2.2855348073079913,0.8394981979609963,0.0,0.0,0.0,0.0,0.2993695611011482,0.12715272995793891,0.008392883614395762,0.878135357252852,0.5695471785025682,0.0647449165883803,2.262875347794173,2.292818729748983,2.2855348073079913,2.2765355709784045,2.3062919142717373,0.14742228888465972,0.05718081293928766,1.0,2.276152307401874,2.2762147430888193,2.276170869073468,0.0,0.0,0.0,0.0,0.0,0.0,0.0,,,,,,,,,,,,,,,,,0.00025
37,12358,val,,,,,,,,,,,,,,,,,,,,,,,,,,,,,,,,,,,,,,,,,,,,,,,,,,,,,,,,,,,,,,,,,,,,,,,,,,,,,,,,,,,,,,,,,,,,,,,,,,,16.17589014929694,684.4746956352715,26.162467307868184,11.18308906297426,15.256658051465008,24.29310819547429,10.563699816798305,16.174297534667694,26.149996456989527,11.060797029787356,17.80670153128134,29.066200492135412,12.401067368619076,16.17589014929694,26.162467307868184,11.18308906297426,0.00025
37,12358,test,,,,,,,,,,,,,,,,,,,,,,,,,,,,,,,,,,,,,,,,,,,,,,,,,,,,,,,,,,,,,,,,,,,,,,,,,,,,,,,,,,,,,,,,,,,,,,,,,,,15.72781771152943,615.6480809804556,24.81225666843819,10.331401064589217,14.885582146343884,23.181049240982826,10.047153954033378,15.698494086394438,24.826869739493336,10.289990386447391,17.236820036226565,27.300996921979067,10.950675517589122,15.72781771152943,24.81225666843819,10.331401064589217,0.00025
38,12360,train,0.03339729458093643,0.11310733109712601,0.11576240509748459,0.0,0.006437677890062332,0.006437677890062332,0.0,3.4811487197875977,9.999999747378752e-05,0.029999999329447746,0.029999999329447746,0.029999999329447746,0.0010000000474974513,0.0010000000474974513,0.061204735189676285,0.01673009991645813,0.0,0.0,0.0,0.0,-1.7246949672698975,-1.7246949672698975,1.0,-1.7246949672698975,0.0,-4.436257362365723,2.3513755798339844,1.0,0.061204735189676285,1.0,0.0,0.0,0.061204735189676285,0.0,0.0,0.01673009991645813,0.0,0.3167301416397095,0.10646017640829086,0.062343597412109375,0.7047041654586792,0.5812451839447021,0.0,0.0,0.0,0.0,0.0,0.0,0.0,0.0,1.0,0.0,0.096341572701931,0.3006335198879242,0.3587796986103058,0.023633692413568497,0.0,0.11576240509748459,0.11310733109712601,0.11310733109712601,0.1939152032136917,0.11874184757471085,-8.267141138329492e-11,0.0,0.0,4.083671569824219,4.083671569824219,2.317171096801758,2.317171096801758,0.8383017182350159,0.0,0.0,0.0,0.0,0.3167301118373871,0.1343315690755844,0.01092030294239521,0.8903421759605408,0.5812451839447021,0.09054841101169586,2.2806296348571777,2.328847885131836,2.317171096801758,2.3167338371276855,2.3513755798339844,0.14754025638103485,0.05678440257906914,1.0,2.361691474914551,2.312734603881836,2.325101613998413,0.0,0.0,0.0,0.0,0.0,0.0,0.0,,,,,,,,,,,,,,,,,0.00025
38,12380,train,0.03526361286640167,0.11502689868211746,0.11880964040756226,0.0,0.006580045912414789,0.006580045912414789,0.0,3.4921069145202637,9.999999747378752e-05,0.029999999329447746,0.029999999329447746,0.029999999329447746,0.0010000000474974513,0.0010000000474974513,0.06296838074922562,0.0021864771842956543,0.0,0.0,0.0,0.0,-1.7356164455413818,-1.7356164455413818,1.0,-1.7356164455413818,0.0,-4.467371463775635,2.3314855098724365,1.0,0.06296838074922562,1.0,0.0,0.0,0.06296838074922562,0.0,0.0,0.0021864771842956543,0.0,0.2978135347366333,0.11826445162296295,0.07232329249382019,0.7319741249084473,0.560055136680603,0.0,0.0,0.0,0.0,0.0,0.0,0.0,0.0,1.0,0.0,0.09274811297655106,0.3007034957408905,0.3500498831272125,0.02325139380991459,0.0,0.11880964040756226,0.11502689868211746,0.11502689868211746,0.18812483549118042,0.1093343049287796,-3.638492007684846e-10,0.0,0.0,4.135631561279297,4.135631561279297,2.2564198970794678,2.2564198970794678,0.8267027139663696,0.0,0.0,0.0,0.0,0.2978135347366333,0.1412665694952011,0.010349742136895657,0.916162371635437,0.560055136680603,0.08390012383460999,2.2426180839538574,2.262868881225586,2.2564198970794678,2.312793254852295,2.3314855098724365,0.1446220576763153,0.05458122864365578,1.0,2.384982109069824,2.328157901763916,2.323125123977661,0.0,0.0,0.0,0.0,0.0,0.0,0.0,,,,,,,,,,,,,,,,,0.00025
38,12400,train,0.03366732969880104,0.11327578127384186,0.11635284870862961,0.0,0.006495368201285601,0.006495368201285601,0.0,3.503204107284546,9.999999747378752e-05,0.029999999329447746,0.029999999329447746,0.029999999329447746,0.0010000000474974513,0.0010000000474974513,0.0575704462826252,0.0033115744590759277,0.0,0.0,0.0,0.0,-1.724751353263855,-1.724751353263855,1.0,-1.724751353263855,0.0,-4.448193550109863,2.249565839767456,1.0,0.0575704462826252,1.0,0.0,0.0,0.0575704462826252,0.0,0.0,0.0033115744590759277,0.0,0.3033115863800049,0.11527382582426071,0.060782741755247116,0.759252667427063,0.5664802193641663,0.0,0.0,0.0,0.0,0.0,0.0,0.0,0.0,1.0,0.0,0.09859836101531982,0.3061271905899048,0.35380807518959045,0.023038076236844063,0.0,0.11635284870862961,0.11327578127384186,0.11327578127384186,0.21045972406864166,0.15388914942741394,3.8422470760579586e-10,0.0,0.0,4.1258134841918945,4.1258134841918945,2.242943048477173,2.242943048477173,0.9109434485435486,0.0,0.0,0.0,0.0,0.3033115863800049,0.13864876329898834,0.006597211584448814,0.9203580617904663,0.5664802193641663,0.0792432650923729,2.2431325912475586,2.246119737625122,2.242943048477173,2.2176053524017334,2.249565839767456,0.15548132359981537,0.057012248784303665,1.0,2.3290443420410156,2.3249661922454834,2.30780029296875,0.0,0.0,0.0,0.0,0.0,0.0,0.0,,,,,,,,,,,,,,,,,0.00025
38,12420,train,0.03466761112213135,0.11576821655035019,0.11876846104860306,0.0,0.006463096011430025,0.006463096011430025,0.0,3.494378089904785,9.999999747378752e-05,0.029999999329447746,0.029999999329447746,0.029999999329447746,0.0010000000474974513,0.0010000000474974513,0.06855818629264832,0.017569750547409058,0.0,0.0,0.0,0.0,-1.7580626010894775,-1.7580626010894775,1.0,-1.7580626010894775,0.0,-4.4988298416137695,2.2555689811706543,1.0,0.06855818629264832,1.0,0.0,0.0,0.06855818629264832,0.0,0.0,0.017569750547409058,0.0,0.317569762468338,0.09172921627759933,0.05191061645746231,0.6726391315460205,0.5895000696182251,0.0,0.0,0.0,0.0,0.0,0.0,0.0,0.0,1.0,0.0,0.10569588094949722,0.3046739399433136,0.3497343063354492,0.02327660471200943,0.0,0.11876846104860306,0.11576821655035019,0.11576821655035019,0.20711246132850647,0.1506400853395462,-5.6728750169598996e-11,0.0,0.0,4.155313014984131,4.155313014984131,2.2646656036376953,2.2646656036376953,0.9184042811393738,0.0,0.0,0.0,0.0,0.317569762468338,0.12026254832744598,0.0038111144676804543,0.8724003434181213,0.5895000696182251,0.06439951062202454,2.2392232418060303,2.273143768310547,2.2646656036376953,2.2225756645202637,2.2555689811706543,0.143971785902977,0.056924838572740555,1.0,2.2399098873138428,2.2247426509857178,2.192553758621216,0.0,0.0,0.0,0.0,0.0,0.0,0.0,,,,,,,,,,,,,,,,,0.00025
38,12440,train,0.04707855358719826,0.12620492279529572,0.12945255637168884,0.0,0.006816362962126732,0.006816362962126732,0.0,3.527754306793213,9.999999747378752e-05,0.029999999329447746,0.029999999329447746,0.029999999329447746,0.0010000000474974513,0.0010000000474974513,0.06501670181751251,0.007716834545135498,0.0,0.0,0.0,0.0,-1.7607815265655518,-1.7607815265655518,1.0,-1.7607815265655518,0.0,-4.509406089782715,2.1718013286590576,1.0,0.06501670181751251,1.0,0.0,0.0,0.06501670181751251,0.0,0.0,0.007716834545135498,0.0,0.30771684646606445,0.09244487434625626,0.07758786529302597,0.7235724925994873,0.5831049084663391,0.0,0.0,0.0,0.0,0.0,0.0,0.0,0.0,1.0,0.0,0.09080469608306885,0.29964616894721985,0.33509835600852966,0.02216726541519165,0.0,0.12945255637168884,0.12620492279529572,0.12620492279529572,0.2114887535572052,0.17321085929870605,1.2624411238615352e-10,0.0,0.0,4.158469200134277,4.158469200134277,2.1591923236846924,2.1591923236846924,0.9343197345733643,0.0,0.0,0.0,0.0,0.30771684646606445,0.11870169639587402,0.015526598319411278,0.8948845863342285,0.5831049084663391,0.05439645051956177,2.153965950012207,2.1609930992126465,2.1591923236846924,2.1461451053619385,2.1718013286590576,0.14282770454883575,0.05319426208734512,1.0,2.2282981872558594,2.2335805892944336,2.2371034622192383,0.0,0.0,0.0,0.0,0.0,0.0,0.0,,,,,,,,,,,,,,,,,0.00025
38,12460,train,0.030117468908429146,0.11092859506607056,0.11402051150798798,0.0,0.006479661446064711,0.006479661446064711,0.0,3.497539758682251,9.999999747378752e-05,0.029999999329447746,0.029999999329447746,0.029999999329447746,0.0010000000474974513,0.0010000000474974513,0.06448113918304443,0.016018658876419067,0.0,0.0,0.0,0.0,-1.7373311519622803,-1.7373311519622803,1.0,-1.7373311519622803,0.0,-4.462982654571533,2.2773728370666504,1.0,0.06448113918304443,1.0,0.0,0.0,0.06448113918304443,0.0,0.0,0.016018658876419067,0.0,0.2839813530445099,0.11430955678224564,0.07096477597951889,0.7509192228317261,0.550797164440155,0.0,0.0,0.0,0.0,0.0,0.0,0.0,0.0,1.0,0.0,0.09894618391990662,0.31241729855537415,0.35047879815101624,0.023121558129787445,0.0,0.11402051150798798,0.11092859506607056,0.11092859506607056,0.1907113492488861,0.12602050602436066,-7.987933925424073e-11,0.0,0.0,4.069029331207275,4.069029331207275,2.2575435638427734,2.2575435638427734,0.8307335376739502,0.0,0.0,0.0,0.0,0.2839813530445099,0.13439306616783142,0.009521306492388248,0.9216649532318115,0.550797164440155,0.055284928530454636,2.238393783569336,2.2625091075897217,2.2575435638427734,2.2557826042175293,2.2773728370666504,0.14948494732379913,0.05834058299660683,1.0,2.2033956050872803,2.207441806793213,2.2246603965759277,0.0,0.0,0.0,0.0,0.0,0.0,0.0,,,,,,,,,,,,,,,,,0.00025
38,12480,train,0.029946601018309593,0.11070466786623001,0.11318837106227875,0.0,0.006149842403829098,0.006149842403829098,0.0,3.465254306793213,9.999999747378752e-05,0.029999999329447746,0.029999999329447746,0.029999999329447746,0.0010000000474974513,0.0010000000474974513,0.06060820817947388,0.0029219985008239746,0.0,0.0,0.0,0.0,-1.7331715822219849,-1.7331715822219849,1.0,-1.7331715822219849,0.0,-4.452381134033203,2.2816784381866455,1.0,0.06060820817947388,1.0,0.0,0.0,0.06060820817947388,0.0,0.0,0.0029219985008239746,0.0,0.297078013420105,0.10699507594108582,0.0689283236861229,0.689274251461029,0.5653226375579834,0.0,0.0,0.0,0.0,0.0,0.0,0.0,0.0,1.0,0.0,0.09234698116779327,0.3024989068508148,0.35435160994529724,0.02388533391058445,0.0,0.11318837106227875,0.11070466786623001,0.11070466786623001,0.19224557280540466,0.1313462108373642,-3.12413150904689e-10,0.0,0.0,4.0581583976745605,4.0581583976745605,2.2663722038269043,2.2663722038269043,0.8269335627555847,0.0,0.0,0.0,0.0,0.297078013420105,0.13131992518901825,0.0031730704940855503,0.8617087602615356,0.5653226375579834,0.06865809112787247,2.2270514965057373,2.278782606124878,2.2663722038269043,2.236717462539673,2.2816784381866455,0.1477189064025879,0.05637768656015396,1.0,2.2749691009521484,2.3196911811828613,2.321201801300049,0.0,0.0,0.0,0.0,0.0,0.0,0.0,,,,,,,,,,,,,,,,,0.00025
38,12500,train,0.03512046858668327,0.1154424324631691,0.11811785399913788,0.0,0.0064903381280601025,0.0064903381280601025,0.0,3.5006349086761475,9.999999747378752e-05,0.029999999329447746,0.029999999329447746,0.029999999329447746,0.0010000000474974513,0.0010000000474974513,0.05837119370698929,0.015919774770736694,0.0,0.0,0.0,0.0,-1.7427433729171753,-1.7427433729171753,1.0,-1.7427433729171753,0.0,-4.47610330581665,2.235119342803955,1.0,0.05837119370698929,1.0,0.0,0.0,0.05837119370698929,0.0,0.0,0.015919774770736694,0.0,0.28408023715019226,0.10423840582370758,0.06851620972156525,0.72345370054245,0.5571520328521729,0.0,0.0,0.0,0.0,0.0,0.0,0.0,0.0,1.0,0.0,0.0893390104174614,0.29857710003852844,0.3422562777996063,0.022761991247534752,0.0,0.11811785399913788,0.1154424324631691,0.1154424324631691,0.20113226771354675,0.14810578525066376,3.6277508774773537e-10,0.0,0.0,4.067811012268066,4.067811012268066,2.2059574127197266,2.2059574127197266,0.8593884706497192,0.0,0.0,0.0,0.0,0.28408023715019226,0.12589770555496216,0.012454725801944733,0.860407292842865,0.5571520328521729,0.05879289656877518,2.192328929901123,2.2080016136169434,2.2059574127197266,2.20857834815979,2.235119342803955,0.142201229929924,0.05405382439494133,1.0,2.2610316276550293,2.2698066234588623,2.3171563148498535,0.0,0.0,0.0,0.0,0.0,0.0,0.0,,,,,,,,,,,,,,,,,0.00025
38,12520,train,0.028569262474775314,0.11096809804439545,0.1135743036866188,0.0,0.005932693835347891,0.005932693835347891,0.0,3.548292636871338,9.999999747378752e-05,0.029999999329447746,0.029999999329447746,0.029999999329447746,0.0010000000474974513,0.0010000000474974513,0.0677923858165741,0.012080788612365723,0.0,0.0,0.0,0.0,-1.7621064186096191,-1.7621064186096191,1.0,-1.7621064186096191,0.0,-4.500148773193359,2.220432758331299,1.0,0.0677923858165741,1.0,0.0,0.0,0.0677923858165741,0.0,0.0,0.012080788612365723,0.0,0.2879192531108856,0.099765844643116,0.0730486512184143,0.6638612151145935,0.5597352385520935,0.0,0.0,0.0,0.0,0.0,0.0,0.0,0.0,1.0,0.0,0.09741727262735367,0.3022747337818146,0.3432530462741852,0.02167828194797039,0.0,0.1135743036866188,0.11096809804439545,0.11096809804439545,0.19451721012592316,0.15280279517173767,6.546508890536984e-10,0.0,0.0,4.174462795257568,4.174462795257568,2.2116994857788086,2.2116994857788086,0.8631564974784851,0.0,0.0,0.0,0.0,0.28791922330856323,0.1261781007051468,0.005730754695832729,0.8636928200721741,0.5597352385520935,0.05657169595360756,2.194352388381958,2.21425724029541,2.2116994857788086,2.1810426712036133,2.220432758331299,0.14534176886081696,0.0549539178609848,1.0,2.372964382171631,2.282757520675659,2.2600927352905273,0.0,0.0,0.0,0.0,0.0,0.0,0.0,,,,,,,,,,,,,,,,,0.00025
38,12540,train,0.040697287768125534,0.11882507055997849,0.12141118198633194,0.0,0.006732287351042032,0.006732287351042032,0.0,3.4936492443084717,9.999999747378752e-05,0.029999999329447746,0.029999999329447746,0.029999999329447746,0.0010000000474974513,0.0010000000474974513,0.06585951894521713,0.009470164775848389,0.0,0.0,0.0,0.0,-1.7172781229019165,-1.7172781229019165,1.0,-1.7172781229019165,0.0,-4.44680118560791,2.277841806411743,1.0,0.06585951894521713,1.0,0.0,0.0,0.06585951894521713,0.0,0.0,0.009470164775848389,0.0,0.30947020649909973,0.10297596454620361,0.06088203936815262,0.6554715633392334,0.576878011226654,0.0,0.0,0.0,0.0,0.0,0.0,0.0,0.0,1.0,0.0,0.09194842725992203,0.3008557856082916,0.34793129563331604,0.023104332387447357,0.0,0.12141118198633194,0.11882507055997849,0.11882507055997849,0.19823119044303894,0.14750981330871582,2.3052000586165633e-10,0.0,0.0,4.0923333168029785,4.0923333168029785,2.2467198371887207,2.2467198371887207,0.8655263781547546,0.0,0.0,0.0,0.0,0.30947017669677734,0.12984317541122437,0.0038864107336848974,0.858569860458374,0.576878011226654,0.07363664358854294,2.2357125282287598,2.2522246837615967,2.2467198371887207,2.247793197631836,2.277841806411743,0.14398960769176483,0.055767398327589035,1.0,2.248933792114258,2.2965095043182373,2.3242878913879395,0.0,0.0,0.0,0.0,0.0,0.0,0.0,,,,,,,,,,,,,,,,,0.00025
38,12560,train,0.03127886354923248,0.11199041455984116,0.11433804035186768,0.0,0.006158200092613697,0.006158200092613697,0.0,3.489642858505249,9.999999747378752e-05,0.029999999329447746,0.029999999329447746,0.029999999329447746,0.0010000000474974513,0.0010000000474974513,0.0637209564447403,0.00582200288772583,0.0,0.0,0.0,0.0,-1.7363736629486084,-1.7363736629486084,1.0,-1.7363736629486084,0.0,-4.441170692443848,2.344041109085083,1.0,0.0637209564447403,1.0,0.0,0.0,0.0637209564447403,0.0,0.0,0.00582200288772583,0.0,0.2941780090332031,0.10440950095653534,0.07891486585140228,0.7186719179153442,0.5662438869476318,0.0,0.0,0.0,0.0,0.0,0.0,0.0,0.0,1.0,0.0,0.10414585471153259,0.30825167894363403,0.3560660183429718,0.023459630087018013,0.0,0.11433804035186768,0.11199041455984116,0.11199041455984116,0.19973571598529816,0.13295815885066986,1.1569771529718054e-10,0.0,0.0,4.072403907775879,4.072403907775879,2.311277151107788,2.311277151107788,0.8654699325561523,0.0,0.0,0.0,0.0,0.2941780090332031,0.1250046044588089,0.003498188918456435,0.9129772186279297,0.5662438869476318,0.05396752804517746,2.296552896499634,2.3150269985198975,2.311277151107788,2.304443836212158,2.344041109085083,0.1477728635072708,0.0574607290327549,1.0,2.1316637992858887,2.2204835414886475,2.1933465003967285,0.0,0.0,0.0,0.0,0.0,0.0,0.0,,,,,,,,,,,,,,,,,0.00025
38,12580,train,0.029554639011621475,0.11200384795665741,0.11408857256174088,0.0,0.006592504680156708,0.006592504680156708,0.0,3.50762939453125,9.999999747378752e-05,0.029999999329447746,0.029999999329447746,0.029999999329447746,0.0010000000474974513,0.0010000000474974513,0.0632954090833664,0.006837040185928345,0.0,0.0,0.0,0.0,-1.76475989818573,-1.76475989818573,1.0,-1.76475989818573,0.0,-4.529351234436035,2.2024059295654297,1.0,0.0632954090833664,1.0,0.0,0.0,0.0632954090833664,0.0,0.0,0.006837040185928345,0.0,0.3068370223045349,0.11003564298152924,0.059063464403152466,0.7499363422393799,0.572372555732727,0.0,0.0,0.0,0.0,0.0,0.0,0.0,0.0,1.0,0.0,0.08895319700241089,0.29575666785240173,0.3414880335330963,0.02273952029645443,0.0,0.11408857256174088,0.11200384795665741,0.11200384795665741,0.18793465197086334,0.13300925493240356,2.120307679431832e-10,0.0,0.0,4.081737041473389,4.081737041473389,2.213829278945923,2.213829278945923,0.8155813217163086,0.0,0.0,0.0,0.0,0.3068370521068573,0.13395197689533234,0.0012818932300433517,0.9215083718299866,0.572372555732727,0.07771140336990356,2.19852614402771,2.2174222469329834,2.213829278945923,2.1796152591705322,2.2024059295654297,0.13909021019935608,0.054865144193172455,1.0,2.2060859203338623,2.256385326385498,2.259756088256836,0.0,0.0,0.0,0.0,0.0,0.0,0.0,,,,,,,,,,,,,,,,,0.00025
38,12600,train,0.03294513002038002,0.1138368621468544,0.11589961498975754,0.0,0.00606084568426013,0.00606084568426013,0.0,3.5003085136413574,9.999999747378752e-05,0.029999999329447746,0.029999999329447746,0.029999999329447746,0.0010000000474974513,0.0010000000474974513,0.06631860136985779,0.00227394700050354,0.0,0.0,0.0,0.0,-1.7445350885391235,-1.7445350885391235,1.0,-1.7445350885391235,0.0,-4.4824299812316895,2.226928949356079,1.0,0.06631860136985779,1.0,0.0,0.0,0.06631860136985779,0.0,0.0,0.00227394700050354,0.0,0.2977260649204254,0.11298833042383194,0.03243022412061691,0.6672382354736328,0.5634201169013977,0.0,0.0,0.0,0.0,0.0,0.0,0.0,0.0,1.0,0.0,0.09624481201171875,0.302534818649292,0.3465449810028076,0.02301952615380287,0.0,0.11589961498975754,0.1138368621468544,0.1138368621468544,0.19005145132541656,0.12198210507631302,-1.1362832333036699e-12,0.0,0.0,4.02186918258667,4.02186918258667,2.2322521209716797,2.2322521209716797,0.8081356287002563,0.0,0.0,0.0,0.0,0.2977260649204254,0.13380900025367737,0.0012273939792066813,0.8754385709762573,0.5634201169013977,0.07008272409439087,2.2230143547058105,2.2356855869293213,2.2322521209716797,2.205575704574585,2.226928949356079,0.14320476353168488,0.05623909458518028,1.0,2.2369046211242676,2.3368003368377686,2.33686900138855,0.0,0.0,0.0,0.0,0.0,0.0,0.0,,,,,,,,,,,,,,,,,0.00025
38,12620,train,0.04329716041684151,0.12282315641641617,0.12544994056224823,0.0,0.006826058961451054,0.006826058961451054,0.0,3.538393974304199,9.999999747378752e-05,0.029999999329447746,0.029999999329447746,0.029999999329447746,0.0010000000474974513,0.0010000000474974513,0.06620018184185028,0.0034179091453552246,0.0,0.0,0.0,0.0,-1.7540704011917114,-1.7540704011917114,1.0,-1.7540704011917114,0.0,-4.5192108154296875,2.209696054458618,1.0,0.06620018184185028,1.0,0.0,0.0,0.06620018184185028,0.0,0.0,0.0034179091453552246,0.0,0.30341795086860657,0.09898845106363297,0.0638829916715622,0.6925221681594849,0.5758225917816162,0.0,0.0,0.0,0.0,0.0,0.0,0.0,0.0,1.0,0.0,0.09197411686182022,0.2948291599750519,0.3401610851287842,0.021924523636698723,0.0,0.12544994056224823,0.12282315641641617,0.12282315641641617,0.21989090740680695,0.18103797733783722,-2.3691407169401657e-10,0.0,0.0,4.224767208099365,4.224767208099365,2.196967601776123,2.196967601776123,0.9887852668762207,0.0,0.0,0.0,0.0,0.3034179210662842,0.12390108406543732,0.002649470930919051,0.9052096009254456,0.5758225917816162,0.054534316062927246,2.1828114986419678,2.2002480030059814,2.196967601776123,2.190294027328491,2.209696054458618,0.13993951678276062,0.053376372903585434,1.0,2.258434772491455,2.1537883281707764,2.224921464920044,0.0,0.0,0.0,0.0,0.0,0.0,0.0,,,,,,,,,,,,,,,,,0.00025
38,12640,train,0.03163972496986389,0.1111326739192009,0.11421118676662445,0.0,0.006417762953788042,0.006417762953788042,0.0,3.4843955039978027,9.999999747378752e-05,0.029999999329447746,0.029999999329447746,0.029999999329447746,0.0010000000474974513,0.0010000000474974513,0.06606383621692657,0.03699353337287903,0.0,0.0,0.0,0.0,-1.7163203954696655,-1.7163203954696655,1.0,-1.7163203954696655,0.0,-4.415647506713867,2.3721530437469482,1.0,0.06606383621692657,1.0,0.0,0.0,0.06606383621692657,0.0,0.0,0.03699353337287903,0.0,0.336993545293808,0.11478358507156372,0.08123082667589188,0.7093057632446289,0.5895942449569702,0.0,0.0,0.0,0.0,0.0,0.0,0.0,0.0,1.0,0.0,0.0976116880774498,0.3024289309978485,0.3582090735435486,0.02351614087820053,0.0,0.11421118676662445,0.1111326739192009,0.1111326739192009,0.21070906519889832,0.13895662128925323,-1.6846100903133987e-10,0.0,0.0,4.0804643630981445,4.0804643630981445,2.314626693725586,2.314626693725586,0.9113889932632446,0.0,0.0,0.0,0.0,0.336993545293808,0.1451035887002945,0.00634112348780036,0.9079433083534241,0.5895942449569702,0.1314491480588913,2.299792528152466,2.3200554847717285,2.314626693725586,2.346853256225586,2.3721530437469482,0.15239417552947998,0.05603539198637009,1.0,2.3857202529907227,2.4307432174682617,2.4404735565185547,0.0,0.0,0.0,0.0,0.0,0.0,0.0,,,,,,,,,,,,,,,,,0.00025
38,12660,train,0.025670142844319344,0.1077522337436676,0.11057936400175095,0.0,0.006447763182222843,0.006447763182222843,0.0,3.4907889366149902,9.999999747378752e-05,0.029999999329447746,0.029999999329447746,0.029999999329447746,0.0010000000474974513,0.0010000000474974513,0.07141473889350891,0.005620032548904419,0.0,0.0,0.0,0.0,-1.7469583749771118,-1.7469583749771118,1.0,-1.7469583749771118,0.0,-4.481499195098877,2.3840415477752686,1.0,0.07141473889350891,1.0,0.0,0.0,0.07141473889350891,0.0,0.0,0.005620032548904419,0.0,0.29437997937202454,0.09543656557798386,0.07428129017353058,0.7167072296142578,0.5728135108947754,0.0,0.0,0.0,0.0,0.0,0.0,0.0,0.0,1.0,0.0,0.08858133107423782,0.29584574699401855,0.3484841585159302,0.02327851392328739,0.0,0.11057936400175095,0.1077522337436676,0.1077522337436676,0.18569409847259521,0.10961034893989563,2.1287355211896397e-10,0.0,0.0,4.033441066741943,4.033441066741943,2.2724461555480957,2.2724461555480957,0.8007585406303406,0.0,0.0,0.0,0.0,0.29437997937202454,0.11561722308397293,0.01443017553538084,0.8985807299613953,0.5728135108947754,0.0455729179084301,2.2484819889068604,2.2794833183288574,2.2724461555480957,2.3654446601867676,2.3840415477752686,0.1424168050289154,0.05449682101607323,1.0,2.2153871059417725,2.2109076976776123,2.1915626525878906,0.0,0.0,0.0,0.0,0.0,0.0,0.0,,,,,,,,,,,,,,,,,0.00025
38,12680,train,0.036964066326618195,0.11665362119674683,0.11913514137268066,0.0,0.006143959239125252,0.006143959239125252,0.0,3.4804186820983887,9.999999747378752e-05,0.029999999329447746,0.029999999329447746,0.029999999329447746,0.0010000000474974513,0.0010000000474974513,0.0619984045624733,0.006535738706588745,0.0,0.0,0.0,0.0,-1.7352914810180664,-1.7352914810180664,1.0,-1.7352914810180664,0.0,-4.484304428100586,2.2215373516082764,1.0,0.0619984045624733,1.0,0.0,0.0,0.0619984045624733,0.0,0.0,0.006535738706588745,0.0,0.3065357506275177,0.10283035039901733,0.08564718812704086,0.6903022527694702,0.5762692093849182,0.0,0.0,0.0,0.0,0.0,0.0,0.0,0.0,1.0,0.0,0.09208023548126221,0.2948017716407776,0.34566622972488403,0.023380238562822342,0.0,0.11913514137268066,0.11665362119674683,0.11665362119674683,0.20314574241638184,0.15094096958637238,-3.2890856704881344e-10,0.0,0.0,4.173711776733398,4.173711776733398,2.221249580383301,2.221249580383301,0.9004427790641785,0.0,0.0,0.0,0.0,0.3065357506275177,0.1276887059211731,0.0044088889844715595,0.8939440250396729,0.5762692093849182,0.06841299682855606,2.2246692180633545,2.2205090522766113,2.221249580383301,2.212132453918457,2.2215373516082764,0.1467609405517578,0.055086519569158554,1.0,2.369234561920166,2.2952182292938232,2.2802553176879883,0.0,0.0,0.0,0.0,0.0,0.0,0.0,,,,,,,,,,,,,,,,,0.00025
38,12692,train_epoch,0.031080708724675242,0.11168044593609022,0.11451530570309319,0.0,0.006469780890114918,0.006469780890114918,0.0,3.496021988863003,9.999999747378752e-05,0.029999999329447746,0.029999999329447746,0.029999999329447746,0.0010000000474974513,0.0010000000474974513,0.06534187490131683,0.0114871383962517,0.0,0.0,0.0,0.0,-1.7353887618658785,-1.7353887618658785,1.0,-1.7353887618658785,0.0,-4.460099288803375,2.3073635686657386,1.0,0.06534187490131683,1.0,0.0,0.0,0.06534187490131683,0.0,0.0,0.0114871383962517,0.0,0.2996210143594685,0.10249568095910334,0.07395586949734095,0.6964973404022035,0.5699988341260099,0.0,0.0,0.0,0.0,0.0,0.0,0.0,0.0,1.0,0.0,0.09760621555907997,0.3024596799455003,0.35457897498579083,0.023223835729553315,0.0,0.11451530570309319,0.11168044593609022,0.11168044593609022,0.19456078709956415,0.1264071960202948,2.0902797693129463e-11,0.0,0.0,4.081682204486367,4.08168221091082,2.2869762953170047,2.2869762953170047,0.844575461156354,0.0,0.0,0.0,0.0,0.2996210096303574,0.12697817063974048,0.00896941236161744,0.8861431879197766,0.5699988341260099,0.06563454353903046,2.26434206748437,2.2942598201557547,2.2869762953170047,2.2783574886664657,2.3073635686657386,0.14708823741909988,0.05680825857969815,1.0,2.2759981854947027,2.2745239349182493,2.2752800737312455,0.0,0.0,0.0,0.0,0.0,0.0,0.0,,,,,,,,,,,,,,,,,0.00025
38,12692,val,,,,,,,,,,,,,,,,,,,,,,,,,,,,,,,,,,,,,,,,,,,,,,,,,,,,,,,,,,,,,,,,,,,,,,,,,,,,,,,,,,,,,,,,,,,,,,,,,,,16.163886611526078,680.7175837336359,26.090565032854997,11.723651787182233,15.27636094136281,24.18736604254333,11.463105296229458,16.106307613957036,26.05161870604093,11.402127974742168,17.793627700290166,29.022135126943954,12.764415418779528,16.163886611526078,26.090565032854997,11.723651787182233,0.00025
38,12692,test,,,,,,,,,,,,,,,,,,,,,,,,,,,,,,,,,,,,,,,,,,,,,,,,,,,,,,,,,,,,,,,,,,,,,,,,,,,,,,,,,,,,,,,,,,,,,,,,,,,15.74572769371239,614.015645826185,24.77933909179551,10.894579926052609,14.94388368537834,23.11406917811804,10.957249435218605,15.67551884780059,24.77837107550935,10.671959456022796,17.25603467064935,27.309270657116386,11.37541405789487,15.74572769371239,24.77933909179551,10.894579926052609,0.00025
39,12700,train,0.019348930567502975,0.10081791877746582,0.10426097363233566,0.0,0.006772890686988831,0.006772890686988831,0.0,3.448944568634033,9.999999747378752e-05,0.029999999329447746,0.029999999329447746,0.029999999329447746,0.0010000000474974513,0.0010000000474974513,0.0636356845498085,0.005783975124359131,0.0,0.0,0.0,0.0,-1.7156447172164917,-1.7156447172164917,1.0,-1.7156447172164917,0.0,-4.401695728302002,2.369516611099243,1.0,0.0636356845498085,1.0,0.0,0.0,0.0636356845498085,0.0,0.0,0.005783975124359131,0.0,0.3057839870452881,0.12298526614904404,0.07946258783340454,0.7685482501983643,0.5604394674301147,0.0,0.0,0.0,0.0,0.0,0.0,0.0,0.0,1.0,0.0,0.10412087291479111,0.30727073550224304,0.37089040875434875,0.024641165509819984,0.0,0.10426097363233566,0.10081791877746582,0.10081791877746582,0.17920365929603577,0.08928705751895905,8.166747833548982e-11,0.0,0.0,4.04937219619751,4.049371719360352,2.390199899673462,2.390199899673462,0.7713084816932678,0.0,0.0,0.0,0.0,0.3057839870452881,0.15050339698791504,0.006136033218353987,0.9264069199562073,0.5604394674301147,0.10926777869462967,2.3735885620117188,2.400826930999756,2.390199899673462,2.329296827316284,2.369516611099243,0.15371935069561005,0.06128315627574921,1.0,2.382063865661621,2.403909683227539,2.3759164810180664,0.0,0.0,0.0,0.0,0.0,0.0,0.0,,,,,,,,,,,,,,,,,0.00025
39,12720,train,0.026127127930521965,0.10659337043762207,0.10950082540512085,0.0,0.006250843405723572,0.006250843405723572,0.0,3.4997737407684326,9.999999747378752e-05,0.029999999329447746,0.029999999329447746,0.029999999329447746,0.0010000000474974513,0.0010000000474974513,0.06463433802127838,0.007955312728881836,0.0,0.0,0.0,0.0,-1.7162749767303467,-1.7162749767303467,1.0,-1.7162749767303467,0.0,-4.414362907409668,2.410618543624878,1.0,0.06463433802127838,1.0,0.0,0.0,0.06463433802127838,0.0,0.0,0.007955312728881836,0.0,0.2920447289943695,0.10302453488111496,0.08287264406681061,0.6920682191848755,0.5647959113121033,0.0,0.0,0.0,0.0,0.0,0.0,0.0,0.0,1.0,0.0,0.1069464311003685,0.30342182517051697,0.3669876754283905,0.023266850039362907,0.0,0.10950082540512085,0.10659337043762207,0.10659337043762207,0.20151886343955994,0.1331227570772171,-2.0368870479181567e-10,0.0,0.0,4.080595970153809,4.080595970153809,2.374122142791748,2.374122142791748,0.8819436430931091,0.0,0.0,0.0,0.0,0.2920446991920471,0.12503597140312195,0.0014659585431218147,0.8717072606086731,0.5647959113121033,0.05402880162000656,2.344050884246826,2.3821446895599365,2.374122142791748,2.3705697059631348,2.410618543624878,0.15707573294639587,0.05965074151754379,1.0,2.2464380264282227,2.2703704833984375,2.28164005279541,0.0,0.0,0.0,0.0,0.0,0.0,0.0,,,,,,,,,,,,,,,,,0.00025
39,12740,train,0.03258196637034416,0.11221462488174438,0.11497677862644196,0.0,0.006135259754955769,0.006135259754955769,0.0,3.4912960529327393,9.999999747378752e-05,0.029999999329447746,0.029999999329447746,0.029999999329447746,0.0010000000474974513,0.0010000000474974513,0.06544969975948334,0.018732279539108276,0.0,0.0,0.0,0.0,-1.7207564115524292,-1.7207564115524292,1.0,-1.7207564115524292,0.0,-4.463682651519775,2.297861099243164,1.0,0.06544969975948334,1.0,0.0,0.0,0.06544969975948334,0.0,0.0,0.018732279539108276,0.0,0.2812677323818207,0.09766896814107895,0.048948369920253754,0.6614904403686523,0.5551173686981201,0.0,0.0,0.0,0.0,0.0,0.0,0.0,0.0,1.0,0.0,0.09403111040592194,0.29914021492004395,0.35869675874710083,0.023359328508377075,0.0,0.11497677862644196,0.11221462488174438,0.11221462488174438,0.18227288126945496,0.10747341811656952,-3.5589214908426925e-10,0.0,0.0,4.05918025970459,4.05918025970459,2.3142683506011963,2.3142683506011963,0.7920984625816345,0.0,0.0,0.0,0.0,0.2812677323818207,0.12272249162197113,0.00337530137039721,0.8176262378692627,0.5551173686981201,0.04080882668495178,2.282411575317383,2.3226423263549805,2.3142683506011963,2.2601640224456787,2.297861099243164,0.14927133917808533,0.05878071486949921,1.0,2.2173728942871094,2.250190258026123,2.2718570232391357,0.0,0.0,0.0,0.0,0.0,0.0,0.0,,,,,,,,,,,,,,,,,0.00025
39,12760,train,0.036026205867528915,0.11641011387109756,0.11932747811079025,0.0,0.00682298606261611,0.00682298606261611,0.0,3.4924864768981934,9.999999747378752e-05,0.029999999329447746,0.029999999329447746,0.029999999329447746,0.0010000000474974513,0.0010000000474974513,0.06552320718765259,0.004903465509414673,0.0,0.0,0.0,0.0,-1.7478961944580078,-1.7478961944580078,1.0,-1.7478961944580078,0.0,-4.476266860961914,2.2000732421875,1.0,0.06552320718765259,1.0,0.0,0.0,0.06552320718765259,0.0,0.0,0.004903465509414673,0.0,0.29509657621383667,0.0964890718460083,0.08197472989559174,0.6452714800834656,0.569673478603363,0.0,0.0,0.0,0.0,0.0,0.0,0.0,0.0,1.0,0.0,0.09616416692733765,0.30355286598205566,0.34835442900657654,0.02321280539035797,0.0,0.11932747811079025,0.11641011387109756,0.11641011387109756,0.21628063917160034,0.166790172457695,1.1400105859316056e-10,0.0,0.0,4.198976993560791,4.198976993560791,2.218844413757324,2.218844413757324,0.9680508971214294,0.0,0.0,0.0,0.0,0.2950965464115143,0.12081324309110641,0.005358104594051838,0.8802375197410583,0.569673478603363,0.051087625324726105,2.2185022830963135,2.2206990718841553,2.218844413757324,2.169118881225586,2.2000732421875,0.15344387292861938,0.056453779339790344,1.0,2.219961643218994,2.254075050354004,2.262023448944092,0.0,0.0,0.0,0.0,0.0,0.0,0.0,,,,,,,,,,,,,,,,,0.00025
39,12780,train,0.022674189880490303,0.10213232040405273,0.10483729094266891,0.0,0.006065260153263807,0.006065260153263807,0.0,3.4810667037963867,9.999999747378752e-05,0.029999999329447746,0.029999999329447746,0.029999999329447746,0.0010000000474974513,0.0010000000474974513,0.06259185075759888,0.03348138928413391,0.0,0.0,0.0,0.0,-1.6841955184936523,-1.6841955184936523,1.0,-1.6841955184936523,0.0,-4.380502223968506,2.36722731590271,1.0,0.06259185075759888,1.0,0.0,0.0,0.06259185075759888,0.0,0.0,0.03348138928413391,0.0,0.26651865243911743,0.09786681830883026,0.07624547183513641,0.6008670926094055,0.5418047904968262,0.0,0.0,0.0,0.0,0.0,0.0,0.0,0.0,1.0,0.0,0.10130637139081955,0.31501051783561707,0.3743913471698761,0.024067096412181854,0.0,0.10483729094266891,0.10213232040405273,0.10213232040405273,0.1905198097229004,0.10408888757228851,3.2390992665831675e-10,0.0,0.0,4.065403938293457,4.065403938293457,2.4023377895355225,2.4023377895355225,0.8218597769737244,0.0,0.0,0.0,0.0,0.26651862263679504,0.12042566388845444,0.013081308454275131,0.8272345066070557,0.5418047904968262,0.03714767470955849,2.3529529571533203,2.4180028438568115,2.4023377895355225,2.3377113342285156,2.36722731590271,0.15869611501693726,0.061816077679395676,1.0,2.3420028686523438,2.3200621604919434,2.2989542484283447,0.0,0.0,0.0,0.0,0.0,0.0,0.0,,,,,,,,,,,,,,,,,0.00025
39,12800,train,0.03742077201604843,0.1175677627325058,0.12070190161466599,0.0,0.006945022847503424,0.006945022847503424,0.0,3.5251588821411133,9.999999747378752e-05,0.029999999329447746,0.029999999329447746,0.029999999329447746,0.0010000000474974513,0.0010000000474974513,0.06511817127466202,0.020836740732192993,0.0,0.0,0.0,0.0,-1.7489031553268433,-1.7489031553268433,1.0,-1.7489031553268433,0.0,-4.470706462860107,2.241373300552368,1.0,0.06511817127466202,1.0,0.0,0.0,0.06511817127466202,0.0,0.0,0.020836740732192993,0.0,0.32083678245544434,0.1155824139714241,0.08097723126411438,0.7782044410705566,0.5809242725372314,0.0,0.0,0.0,0.0,0.0,0.0,0.0,0.0,1.0,0.0,0.09232622385025024,0.2995080053806305,0.3444874584674835,0.022300289943814278,0.0,0.12070190161466599,0.1175677627325058,0.1175677627325058,0.21950161457061768,0.172953262925148,3.0101260373172067e-10,0.0,0.0,4.189014434814453,4.189014434814453,2.212017059326172,2.212017059326172,0.9768115282058716,0.0,0.0,0.0,0.0,0.32083675265312195,0.13994909822940826,0.014241351746022701,0.9066766500473022,0.5809242725372314,0.1003829687833786,2.2140369415283203,2.2108254432678223,2.212017059326172,2.21349835395813,2.241373300552368,0.14761313796043396,0.05443920940160751,1.0,2.3578672409057617,2.2920825481414795,2.2877137660980225,0.0,0.0,0.0,0.0,0.0,0.0,0.0,,,,,,,,,,,,,,,,,0.00025
39,12820,train,0.028893832117319107,0.10949156433343887,0.11260179430246353,0.0,0.005922877695411444,0.005922877695411444,0.0,3.493685483932495,9.999999747378752e-05,0.029999999329447746,0.029999999329447746,0.029999999329447746,0.0010000000474974513,0.0010000000474974513,0.06412533670663834,0.025019794702529907,0.0,0.0,0.0,0.0,-1.7289049625396729,-1.7289049625396729,1.0,-1.7289049625396729,0.0,-4.443217754364014,2.2998745441436768,1.0,0.06412533670663834,1.0,0.0,0.0,0.06412533670663834,0.0,0.0,0.025019794702529907,0.0,0.32501980662345886,0.11006416380405426,0.07642751932144165,0.7711288332939148,0.5839484333992004,0.0,0.0,0.0,0.0,0.0,0.0,0.0,0.0,1.0,0.0,0.10175430029630661,0.29797887802124023,0.353182852268219,0.02316986955702305,0.0,0.11260179430246353,0.10949156433343887,0.10949156433343887,0.19710850715637207,0.13288895785808563,2.719198755052332e-10,0.0,0.0,4.011163234710693,4.011163234710693,2.264484167098999,2.264484167098999,0.8350668549537659,0.0,0.0,0.0,0.0,0.32501980662345886,0.13954690098762512,0.006761640775948763,0.9347371459007263,0.5839484333992004,0.10462623089551926,2.273359537124634,2.2675461769104004,2.264484167098999,2.267876625061035,2.2998745441436768,0.14504097402095795,0.055552203208208084,1.0,2.2470645904541016,2.2433509826660156,2.339592695236206,0.0,0.0,0.0,0.0,0.0,0.0,0.0,,,,,,,,,,,,,,,,,0.00025
39,12840,train,0.025809286162257195,0.1068902313709259,0.11001533269882202,0.0,0.007249802350997925,0.007249802350997925,0.0,3.5150508880615234,9.999999747378752e-05,0.029999999329447746,0.029999999329447746,0.029999999329447746,0.0010000000474974513,0.0010000000474974513,0.06626621633768082,0.026185065507888794,0.0,0.0,0.0,0.0,-1.7290911674499512,-1.7290911674499512,1.0,-1.7290911674499512,0.0,-4.431029319763184,2.313734769821167,1.0,0.06626621633768082,1.0,0.0,0.0,0.06626621633768082,0.0,0.0,0.026185065507888794,0.0,0.27381494641304016,0.08946871012449265,0.0893460363149643,0.6452807784080505,0.5532589554786682,0.0,0.0,0.0,0.0,0.0,0.0,0.0,0.0,1.0,0.0,0.09144242107868195,0.3156242370605469,0.3621065616607666,0.022837670519948006,0.0,0.11001533269882202,0.1068902313709259,0.1068902313709259,0.18304960429668427,0.10575198382139206,-1.237690245431411e-11,0.0,0.0,4.075017929077148,4.075017929077148,2.3235814571380615,2.3235814571380615,0.7971093058586121,0.0,0.0,0.0,0.0,0.27381494641304016,0.114863321185112,0.023899143561720848,0.8334516882896423,0.5532589554786682,0.03791360557079315,2.2695367336273193,2.340552806854248,2.3235814571380615,2.2370831966400146,2.313734769821167,0.14897558093070984,0.05865596607327461,1.0,2.268176794052124,2.1963629722595215,2.2503609657287598,0.0,0.0,0.0,0.0,0.0,0.0,0.0,,,,,,,,,,,,,,,,,0.00025
39,12860,train,0.036668840795755386,0.1157785952091217,0.11928176879882812,0.0,0.006894867867231369,0.006894867867231369,0.0,3.509307384490967,9.999999747378752e-05,0.029999999329447746,0.029999999329447746,0.029999999329447746,0.0010000000474974513,0.0010000000474974513,0.06074792891740799,0.01825052499771118,0.0,0.0,0.0,0.0,-1.726714849472046,-1.726714849472046,1.0,-1.726714849472046,0.0,-4.459132194519043,2.26281476020813,1.0,0.06074792891740799,1.0,0.0,0.0,0.06074792891740799,0.0,0.0,0.01825052499771118,0.0,0.28174951672554016,0.09576279670000076,0.03782932460308075,0.6545652151107788,0.5546823740005493,0.0,0.0,0.0,0.0,0.0,0.0,0.0,0.0,1.0,0.0,0.09453488886356354,0.30958428978919983,0.3522464334964752,0.022834498435258865,0.0,0.11928176879882812,0.1157785952091217,0.1157785952091217,0.20816655457019806,0.1474296748638153,5.278865122804177e-10,0.0,0.0,4.118040084838867,4.118040084838867,2.252849817276001,2.252849817276001,0.9104933142662048,0.0,0.0,0.0,0.0,0.2817494869232178,0.12502937018871307,0.0019431239925324917,0.9199674129486084,0.5546823740005493,0.0507812537252903,2.227910041809082,2.2595255374908447,2.252849817276001,2.236513376235962,2.26281476020813,0.15016227960586548,0.05590875446796417,1.0,2.2933096885681152,2.355717182159424,2.325603485107422,0.0,0.0,0.0,0.0,0.0,0.0,0.0,,,,,,,,,,,,,,,,,0.00025
39,12880,train,0.031646717339754105,0.11231230199337006,0.1150481104850769,0.0,0.006408888380974531,0.006408888380974531,0.0,3.496035099029541,9.999999747378752e-05,0.029999999329447746,0.029999999329447746,0.029999999329447746,0.0010000000474974513,0.0010000000474974513,0.06371349841356277,0.01472175121307373,0.0,0.0,0.0,0.0,-1.7382586002349854,-1.7382586002349854,1.0,-1.7382586002349854,0.0,-4.45955228805542,2.3294477462768555,1.0,0.06371349841356277,1.0,0.0,0.0,0.06371349841356277,0.0,0.0,0.01472175121307373,0.0,0.3147217631340027,0.10680884122848511,0.07425403594970703,0.695567786693573,0.5805237293243408,0.0,0.0,0.0,0.0,0.0,0.0,0.0,0.0,1.0,0.0,0.10537348687648773,0.30398795008659363,0.3567114472389221,0.023371553048491478,0.0,0.1150481104850769,0.11231230199337006,0.11231230199337006,0.19664360582828522,0.13529057800769806,4.386524476984732e-10,0.0,0.0,4.136109352111816,4.136109352111816,2.3105316162109375,2.3105316162109375,0.8712971806526184,0.0,0.0,0.0,0.0,0.3147217631340027,0.13150116801261902,0.005399501882493496,0.9169954061508179,0.5805237293243408,0.0831495150923729,2.304408550262451,2.3146517276763916,2.3105316162109375,2.306453227996826,2.3294477462768555,0.1465572565793991,0.0569632388651371,1.0,2.288099765777588,2.249238967895508,2.2467174530029297,0.0,0.0,0.0,0.0,0.0,0.0,0.0,,,,,,,,,,,,,,,,,0.00025
39,12900,train,0.023778172209858894,0.10498753935098648,0.10732928663492203,0.0,0.006004931405186653,0.006004931405186653,0.0,3.483976125717163,9.999999747378752e-05,0.029999999329447746,0.029999999329447746,0.029999999329447746,0.0010000000474974513,0.0010000000474974513,0.06182081624865532,0.014468282461166382,0.0,0.0,0.0,0.0,-1.7213343381881714,-1.7213343381881714,1.0,-1.7213343381881714,0.0,-4.42789888381958,2.3970730304718018,1.0,0.06182081624865532,1.0,0.0,0.0,0.06182081624865532,0.0,0.0,0.014468282461166382,0.0,0.31446829438209534,0.11459613591432571,0.06235221028327942,0.7097897529602051,0.577312171459198,0.0,0.0,0.0,0.0,0.0,0.0,0.0,0.0,1.0,0.0,0.10209645330905914,0.2938341498374939,0.36433473229408264,0.023725787177681923,0.0,0.10732928663492203,0.10498753935098648,0.10498753935098648,0.18326981365680695,0.0905323475599289,-3.4264813209006206e-10,0.0,0.0,4.007283687591553,4.007283687591553,2.366833448410034,2.366833448410034,0.7761141061782837,0.0,0.0,0.0,0.0,0.31446829438209534,0.1368921846151352,0.01005930919200182,0.8672841191291809,0.577312171459198,0.09482230991125107,2.340266704559326,2.3738651275634766,2.366833448410034,2.379286289215088,2.3970730304718018,0.1455068290233612,0.05792108550667763,1.0,2.4125356674194336,2.3641085624694824,2.383300304412842,0.0,0.0,0.0,0.0,0.0,0.0,0.0,,,,,,,,,,,,,,,,,0.00025
39,12920,train,0.0313841886818409,0.11135045439004898,0.11401279270648956,0.0,0.006298581138253212,0.006298581138253212,0.0,3.4870564937591553,9.999999747378752e-05,0.029999999329447746,0.029999999329447746,0.029999999329447746,0.0010000000474974513,0.0010000000474974513,0.0657503753900528,0.003173261880874634,0.0,0.0,0.0,0.0,-1.7229235172271729,-1.7229235172271729,1.0,-1.7229235172271729,0.0,-4.450100421905518,2.387596607208252,1.0,0.0657503753900528,1.0,0.0,0.0,0.0657503753900528,0.0,0.0,0.003173261880874634,0.0,0.2968267500400543,0.10367878526449203,0.09800299257040024,0.6907650232315063,0.5689855813980103,0.0,0.0,0.0,0.0,0.0,0.0,0.0,0.0,1.0,0.0,0.10218323022127151,0.29589882493019104,0.36410874128341675,0.023610368371009827,0.0,0.11401279270648956,0.11135045439004898,0.11135045439004898,0.18713006377220154,0.10512180626392365,-8.028455678044111e-11,0.0,0.0,4.065112590789795,4.065112590789795,2.3689091205596924,2.3689091205596924,0.8131694197654724,0.0,0.0,0.0,0.0,0.2968267500400543,0.1259043663740158,0.007558246608823538,0.8656617999076843,0.5689855813980103,0.06164215877652168,2.329078197479248,2.3786137104034424,2.3689091205596924,2.3689587116241455,2.387596607208252,0.14539377391338348,0.05693111568689346,1.0,2.2933783531188965,2.304661273956299,2.332564115524292,0.0,0.0,0.0,0.0,0.0,0.0,0.0,,,,,,,,,,,,,,,,,0.00025
39,12940,train,0.02320011705160141,0.10563115775585175,0.10931749641895294,0.0,0.00639208173379302,0.00639208173379302,0.0,3.4754726886749268,9.999999747378752e-05,0.029999999329447746,0.029999999329447746,0.029999999329447746,0.0010000000474974513,0.0010000000474974513,0.06355099380016327,0.007408231496810913,0.0,0.0,0.0,0.0,-1.7484136819839478,-1.7484136819839478,1.0,-1.7484136819839478,0.0,-4.4782819747924805,2.250032424926758,1.0,0.06355099380016327,1.0,0.0,0.0,0.06355099380016327,0.0,0.0,0.007408231496810913,0.0,0.29259178042411804,0.10877197980880737,0.06943739950656891,0.7233530879020691,0.5585293769836426,0.0,0.0,0.0,0.0,0.0,0.0,0.0,0.0,1.0,0.0,0.10260458290576935,0.30669137835502625,0.35286369919776917,0.023884132504463196,0.0,0.10931749641895294,0.10563115775585175,0.10563115775585175,0.19131574034690857,0.1241917833685875,4.1763495439717246e-10,0.0,0.0,4.106834411621094,4.106834411621094,2.272841215133667,2.272841215133667,0.8409017324447632,0.0,0.0,0.0,0.0,0.29259178042411804,0.13473573327064514,0.007753078825771809,0.8952317237854004,0.5585293769836426,0.06830576062202454,2.2683517932891846,2.2747902870178223,2.272841215133667,2.2183547019958496,2.250032424926758,0.14623358845710754,0.05845832824707031,1.0,2.282209634780884,2.3621010780334473,2.3108723163604736,0.0,0.0,0.0,0.0,0.0,0.0,0.0,,,,,,,,,,,,,,,,,0.00025
39,12960,train,0.029138516634702682,0.10861396044492722,0.1116829663515091,0.0,0.006324217189103365,0.006324217189103365,0.0,3.510103225708008,9.999999747378752e-05,0.029999999329447746,0.029999999329447746,0.029999999329447746,0.0010000000474974513,0.0010000000474974513,0.0591844841837883,0.0028862953186035156,0.0,0.0,0.0,0.0,-1.7069141864776611,-1.7069141864776611,1.0,-1.7069141864776611,0.0,-4.407210826873779,2.2941646575927734,1.0,0.0591844841837883,1.0,0.0,0.0,0.0591844841837883,0.0,0.0,0.0028862953186035156,0.0,0.29711371660232544,0.1059112474322319,0.07449886202812195,0.6857537031173706,0.5651354193687439,0.0,0.0,0.0,0.0,0.0,0.0,0.0,0.0,1.0,0.0,0.10154087096452713,0.31325802206993103,0.3583238422870636,0.02301662042737007,0.0,0.1116829663515091,0.10861396044492722,0.10861396044492722,0.19232195615768433,0.1306375414133072,1.0485320250941399e-10,0.0,0.0,4.0556440353393555,4.0556440353393555,2.2828078269958496,2.2828078269958496,0.8307684659957886,0.0,0.0,0.0,0.0,0.29711371660232544,0.13076385855674744,0.00590937677770853,0.8092455863952637,0.5651354193687439,0.061243876814842224,2.260909080505371,2.289848804473877,2.2828078269958496,2.2579336166381836,2.2941646575927734,0.15201379358768463,0.05858488753437996,1.0,2.2287118434906006,2.2426135540008545,2.306352138519287,0.0,0.0,0.0,0.0,0.0,0.0,0.0,,,,,,,,,,,,,,,,,0.00025
39,12980,train,0.025210672989487648,0.10663371533155441,0.10919620841741562,0.0,0.006102043204009533,0.006102043204009533,0.0,3.4900712966918945,9.999999747378752e-05,0.029999999329447746,0.029999999329447746,0.029999999329447746,0.0010000000474974513,0.0010000000474974513,0.061325784772634506,0.013853073120117188,0.0,0.0,0.0,0.0,-1.7311588525772095,-1.7311588525772095,1.0,-1.7311588525772095,0.0,-4.453557968139648,2.3468503952026367,1.0,0.061325784772634506,1.0,0.0,0.0,0.061325784772634506,0.0,0.0,0.013853073120117188,0.0,0.28614693880081177,0.10332868993282318,0.07624900341033936,0.6981158256530762,0.5569119453430176,0.0,0.0,0.0,0.0,0.0,0.0,0.0,0.0,1.0,0.0,0.10248918831348419,0.29963889718055725,0.3602316975593567,0.02358378656208515,0.0,0.10919620841741562,0.10663371533155441,0.10663371533155441,0.18825677037239075,0.10334721952676773,2.247873276406409e-10,0.0,0.0,3.9593911170959473,3.9593911170959473,2.3410680294036865,2.3410680294036865,0.7867885828018188,0.0,0.0,0.0,0.0,0.28614693880081177,0.12852270901203156,0.006662667263299227,0.9049937725067139,0.5569119453430176,0.05770527198910713,2.301328182220459,2.3503503799438477,2.3410680294036865,2.330059766769409,2.3468503952026367,0.1453990787267685,0.057738181203603745,1.0,2.292524814605713,2.3571438789367676,2.3311715126037598,0.0,0.0,0.0,0.0,0.0,0.0,0.0,,,,,,,,,,,,,,,,,0.00025
39,13000,train,0.027059944346547127,0.10832598060369492,0.1115676611661911,0.0,0.006504069082438946,0.006504069082438946,0.0,3.5066375732421875,9.999999747378752e-05,0.029999999329447746,0.029999999329447746,0.029999999329447746,0.0010000000474974513,0.0010000000474974513,0.062449462711811066,0.011163800954818726,0.0,0.0,0.0,0.0,-1.7366493940353394,-1.7366493940353394,1.0,-1.7366493940353394,0.0,-4.4591474533081055,2.2650742530822754,1.0,0.062449462711811066,1.0,0.0,0.0,0.062449462711811066,0.0,0.0,0.011163800954818726,0.0,0.28883621096611023,0.10723838955163956,0.05874047428369522,0.6891570091247559,0.5565589070320129,0.0,0.0,0.0,0.0,0.0,0.0,0.0,0.0,1.0,0.0,0.09794355928897858,0.3118520677089691,0.34703707695007324,0.023120803758502007,0.0,0.1115676611661911,0.10832598060369492,0.10832598060369492,0.20368729531764984,0.13739918172359467,-1.607420585525432e-10,0.0,0.0,4.073767185211182,4.073767185211182,2.2341699600219727,2.2341699600219727,0.8817420601844788,0.0,0.0,0.0,0.0,0.28883621096611023,0.1318751573562622,0.004800261929631233,0.9301588535308838,0.5565589070320129,0.05801164731383324,2.245809555053711,2.233811616897583,2.2341699600219727,2.2431552410125732,2.2650742530822754,0.14864365756511688,0.0575299896299839,1.0,2.298297882080078,2.3419854640960693,2.324725389480591,0.0,0.0,0.0,0.0,0.0,0.0,0.0,,,,,,,,,,,,,,,,,0.00025
39,13020,train,0.036953698843717575,0.11493158340454102,0.11799383908510208,0.0,0.007337885908782482,0.007337885908782482,0.0,3.5246732234954834,9.999999747378752e-05,0.029999999329447746,0.029999999329447746,0.029999999329447746,0.0010000000474974513,0.0010000000474974513,0.06763643771409988,0.012587040662765503,0.0,0.0,0.0,0.0,-1.703824520111084,-1.703824520111084,1.0,-1.703824520111084,0.0,-4.409177303314209,2.3808066844940186,1.0,0.06763643771409988,1.0,0.0,0.0,0.06763643771409988,0.0,0.0,0.012587040662765503,0.0,0.31258705258369446,0.09412849694490433,0.0904218852519989,0.6788162589073181,0.5850344896316528,0.0,0.0,0.0,0.0,0.0,0.0,0.0,0.0,1.0,0.0,0.09903541952371597,0.3192302882671356,0.35964375734329224,0.022720588371157646,0.0,0.11799383908510208,0.11493158340454102,0.11493158340454102,0.21450218558311462,0.13657782971858978,-1.8473986229672335e-10,0.0,0.0,4.091344356536865,4.091344356536865,2.310534954071045,2.310534954071045,0.9263365268707275,0.0,0.0,0.0,0.0,0.31258705258369446,0.12198363244533539,0.010167647153139114,0.8887262344360352,0.5850344896316528,0.06242341175675392,2.2947933673858643,2.3201560974121094,2.310534954071045,2.341362237930298,2.3808066844940186,0.15395773947238922,0.05717596411705017,1.0,2.3542377948760986,2.341956615447998,2.342083215713501,0.0,0.0,0.0,0.0,0.0,0.0,0.0,,,,,,,,,,,,,,,,,0.00025
39,13026,train_epoch,0.030833986141679887,0.1114889521843302,0.11432793317083827,0.0,0.006465704537214277,0.006465704537214277,0.0,3.5020355949858706,9.999999747378752e-05,0.029999999329447746,0.029999999329447746,0.029999999329447746,0.0010000000474974513,0.0010000000474974513,0.0647176317201403,0.011587533229839303,0.0,0.0,0.0,0.0,-1.735683913359385,-1.735683913359385,1.0,-1.735683913359385,0.0,-4.460795431079979,2.3022515845156,1.0,0.0647176317201403,1.0,0.0,0.0,0.0647176317201403,0.0,0.0,0.011587533229839303,0.0,0.2990488505470539,0.10344476382175606,0.07345810542608093,0.6996267502179403,0.5688641347927962,0.0,0.0,0.0,0.0,0.0,0.0,0.0,0.0,1.0,0.0,0.09655909735464051,0.30318678067829796,0.3537909603582885,0.02311385412349137,0.0,0.11432793317083827,0.1114889521843302,0.1114889521843302,0.19615113413976337,0.12905938810707923,9.83122253875193e-13,0.0,0.0,4.081972079362698,4.0819720879286345,2.283805600183453,2.283805600183453,0.8519546325335245,0.0,0.0,0.0,0.0,0.29904884795942704,0.1280337484207696,0.009376683336554352,0.8860264857729038,0.5688641347927962,0.06728267211823942,2.2612448316848206,2.2909913391410233,2.283805600183453,2.2746752479119214,2.3022515845156,0.14671156658026988,0.05653618160122169,1.0,2.276244263449115,2.273160872345199,2.2738891704353743,0.0,0.0,0.0,0.0,0.0,0.0,0.0,,,,,,,,,,,,,,,,,0.00025
39,13026,val,,,,,,,,,,,,,,,,,,,,,,,,,,,,,,,,,,,,,,,,,,,,,,,,,,,,,,,,,,,,,,,,,,,,,,,,,,,,,,,,,,,,,,,,,,,,,,,,,,,16.3584247623478,687.6227385374876,26.22256163187509,12.15035885303944,15.499076147337217,24.420091873726687,11.541103672336888,16.315180890195006,26.165448856586384,12.077398059604404,17.836643120190043,29.02002277610198,12.924046585151741,16.3584247623478,26.22256163187509,12.15035885303944,0.00025
40,13040,train,0.028320737183094025,0.10929052531719208,0.11161287873983383,0.0,0.006318097002804279,0.006318097002804279,0.0,3.5142762660980225,9.999999747378752e-05,0.029999999329447746,0.029999999329447746,0.029999999329447746,0.0010000000474974513,0.0010000000474974513,0.06801876425743103,0.004009217023849487,0.0,0.0,0.0,0.0,-1.7317560911178589,-1.7317560911178589,1.0,-1.7317560911178589,0.0,-4.459864616394043,2.343931198120117,1.0,0.06801876425743103,1.0,0.0,0.0,0.06801876425743103,0.0,0.0,0.004009217023849487,0.0,0.29599082469940186,0.10273120552301407,0.06524281203746796,0.6500867605209351,0.5686085820198059,0.0,0.0,0.0,0.0,0.0,0.0,0.0,0.0,1.0,0.0,0.10363209992647171,0.3042598366737366,0.359085351228714,0.023050818592309952,0.0,0.11161287873983383,0.10929052531719208,0.10929052531719208,0.18939875066280365,0.11404816061258316,-4.564917541194369e-11,0.0,0.0,4.103951930999756,4.103951930999756,2.336939573287964,2.336939573287964,0.8253105878829956,0.0,0.0,0.0,0.0,0.29599079489707947,0.12473132461309433,0.012895938940346241,0.8196590542793274,0.5686085820198059,0.06037071347236633,2.3012824058532715,2.347970485687256,2.336939573287964,2.3173813819885254,2.343931198120117,0.1442146599292755,0.05891278386116028,1.0,2.2947287559509277,2.2499091625213623,2.2680203914642334,0.0,0.0,0.0,0.0,0.0,0.0,0.0,,,,,,,,,,,,,,,,,0.00025
40,13060,train,0.02118215709924698,0.10140776634216309,0.10275284200906754,0.0,0.0064271981827914715,0.0064271981827914715,0.0,3.5017130374908447,9.999999747378752e-05,0.029999999329447746,0.029999999329447746,0.029999999329447746,0.0010000000474974513,0.0010000000474974513,0.058645687997341156,0.019806325435638428,0.0,0.0,0.0,0.0,-1.6899603605270386,-1.6899603605270386,1.0,-1.6899603605270386,0.0,-4.382536888122559,2.4717977046966553,1.0,0.058645687997341156,1.0,0.0,0.0,0.058645687997341156,0.0,0.0,0.019806325435638428,0.0,0.2801936864852905,0.0966847836971283,0.06209883093833923,0.6491531729698181,0.5526422262191772,0.0,0.0,0.0,0.0,0.0,0.0,0.0,0.0,1.0,0.0,0.08684524893760681,0.29820457100868225,0.3754422962665558,0.023591605946421623,0.0,0.10275284200906754,0.10140776634216309,0.10140776634216309,0.1773775964975357,0.06977473944425583,2.1550748685594812e-10,0.0,0.0,3.9457156658172607,3.9457156658172607,2.428584337234497,2.428584337234497,0.7386016249656677,0.0,0.0,0.0,0.0,0.2801936864852905,0.12548531591892242,0.0056570591405034065,0.8899462819099426,0.5526422262191772,0.049264710396528244,2.36348295211792,2.4490981101989746,2.428584337234497,2.4615285396575928,2.4717977046966553,0.153365358710289,0.05913182720541954,1.0,2.308140277862549,2.3587732315063477,2.3074522018432617,0.0,0.0,0.0,0.0,0.0,0.0,0.0,,,,,,,,,,,,,,,,,0.00025
40,13080,train,0.02048509195446968,0.10316872596740723,0.10595452040433884,0.0,0.006171786226332188,0.006171786226332188,0.0,3.5067055225372314,9.999999747378752e-05,0.029999999329447746,0.029999999329447746,0.029999999329447746,0.0010000000474974513,0.0010000000474974513,0.06165093183517456,0.005837291479110718,0.0,0.0,0.0,0.0,-1.7412976026535034,-1.7412976026535034,1.0,-1.7412976026535034,0.0,-4.46049165725708,2.29610538482666,1.0,0.06165093183517456,1.0,0.0,0.0,0.06165093183517456,0.0,0.0,0.005837291479110718,0.0,0.29416272044181824,0.11366698145866394,0.059568166732788086,0.7008438110351562,0.5580726265907288,0.0,0.0,0.0,0.0,0.0,0.0,0.0,0.0,1.0,0.0,0.1004781574010849,0.30127960443496704,0.3566422760486603,0.023086583241820335,0.0,0.10595452040433884,0.10316872596740723,0.10316872596740723,0.1802361011505127,0.10805883258581161,3.14054997285762e-11,0.0,0.0,4.09529447555542,4.09529447555542,2.3075501918792725,2.3075501918792725,0.7853963375091553,0.0,0.0,0.0,0.0,0.29416272044181824,0.13750803470611572,0.004221264272928238,0.8876468539237976,0.5580726265907288,0.07354473322629929,2.298212766647339,2.310478687286377,2.3075501918792725,2.274174928665161,2.29610538482666,0.14650891721248627,0.058616094291210175,1.0,2.373673439025879,2.322916030883789,2.2955541610717773,0.0,0.0,0.0,0.0,0.0,0.0,0.0,,,,,,,,,,,,,,,,,0.00025
40,13100,train,0.03449978306889534,0.11552941799163818,0.11810871213674545,0.0,0.006440956145524979,0.006440956145524979,0.0,3.510965585708618,9.999999747378752e-05,0.029999999329447746,0.029999999329447746,0.029999999329447746,0.0010000000474974513,0.0010000000474974513,0.0658179372549057,0.009557187557220459,0.0,0.0,0.0,0.0,-1.754517912864685,-1.754517912864685,1.0,-1.754517912864685,0.0,-4.50079870223999,2.304396152496338,1.0,0.0658179372549057,1.0,0.0,0.0,0.0658179372549057,0.0,0.0,0.009557187557220459,0.0,0.3095571994781494,0.10094752162694931,0.08963808417320251,0.6936892867088318,0.5807997584342957,0.0,0.0,0.0,0.0,0.0,0.0,0.0,0.0,1.0,0.0,0.08974838256835938,0.296568363904953,0.3485835790634155,0.02276507578790188,0.0,0.11810871213674545,0.11552941799163818,0.11552941799163818,0.19377535581588745,0.1234070286154747,5.526655244558754e-10,0.0,0.0,4.05326509475708,4.05326509475708,2.2655179500579834,2.2655179500579834,0.8392876982688904,0.0,0.0,0.0,0.0,0.3095571994781494,0.12559917569160461,0.01226044911891222,0.9198359847068787,0.5807997584342957,0.06991422176361084,2.231085777282715,2.2746224403381348,2.2655179500579834,2.286818504333496,2.304396152496338,0.13964051008224487,0.054273273795843124,1.0,2.2035257816314697,2.2421183586120605,2.2695083618164062,0.0,0.0,0.0,0.0,0.0,0.0,0.0,,,,,,,,,,,,,,,,,0.00025
40,13120,train,0.038167018443346024,0.11931291967630386,0.12223821878433228,0.0,0.006256249267607927,0.006256249267607927,0.0,3.541243314743042,9.999999747378752e-05,0.029999999329447746,0.029999999329447746,0.029999999329447746,0.0010000000474974513,0.0010000000474974513,0.0655556246638298,0.01887252926826477,0.0,0.0,0.0,0.0,-1.7703297138214111,-1.7703297138214111,1.0,-1.7703297138214111,0.0,-4.528655529022217,2.1454803943634033,1.0,0.0655556246638298,1.0,0.0,0.0,0.0655556246638298,0.0,0.0,0.01887252926826477,0.0,0.3188725411891937,0.11144688725471497,0.07237779349088669,0.7246897220611572,0.5826075077056885,0.0,0.0,0.0,0.0,0.0,0.0,0.0,0.0,1.0,0.0,0.09023188054561615,0.2930344045162201,0.33669033646583557,0.021846765652298927,0.0,0.12223821878433228,0.11931291967630386,0.11931291967630386,0.21455827355384827,0.17625559866428375,-3.9490002934350343e-10,0.0,0.0,4.177313804626465,4.177313804626465,2.162875175476074,2.162875175476074,0.9581289291381836,0.0,0.0,0.0,0.0,0.3188725411891937,0.1341245025396347,0.008878413587808609,0.8826239705085754,0.5826075077056885,0.09165135025978088,2.158705234527588,2.1632184982299805,2.162875175476074,2.146399974822998,2.1454803943634033,0.14358215034008026,0.05284058675169945,1.0,2.1432857513427734,2.2534384727478027,2.204733371734619,0.0,0.0,0.0,0.0,0.0,0.0,0.0,,,,,,,,,,,,,,,,,0.00025
40,13140,train,0.03834161534905434,0.11768144369125366,0.11967787146568298,0.0,0.00667674420401454,0.00667674420401454,0.0,3.5076005458831787,9.999999747378752e-05,0.029999999329447746,0.029999999329447746,0.029999999329447746,0.0010000000474974513,0.0010000000474974513,0.06562381982803345,0.002390265464782715,0.0,0.0,0.0,0.0,-1.7315746545791626,-1.7315746545791626,1.0,-1.7315746545791626,0.0,-4.4610466957092285,2.327993154525757,1.0,0.06562381982803345,1.0,0.0,0.0,0.06562381982803345,0.0,0.0,0.002390265464782715,0.0,0.29760974645614624,0.10102935135364532,0.08131019026041031,0.6541882753372192,0.5716500282287598,0.0,0.0,0.0,0.0,0.0,0.0,0.0,0.0,1.0,0.0,0.09309770911931992,0.30142372846603394,0.3502745032310486,0.022760920226573944,0.0,0.11967787146568298,0.11768144369125366,0.11768144369125366,0.1772652566432953,0.11264485120773315,1.030899185461287e-10,0.0,0.0,4.0235981941223145,4.0235981941223145,2.269636392593384,2.269636392593384,0.7586666345596313,0.0,0.0,0.0,0.0,0.29760974645614624,0.12280692160129547,0.014345725066959858,0.8856299519538879,0.5716500282287598,0.05906863138079643,2.2467868328094482,2.276808023452759,2.269636392593384,2.282517433166504,2.327993154525757,0.1387707144021988,0.05624422803521156,1.0,2.249030113220215,2.287919521331787,2.330345869064331,0.0,0.0,0.0,0.0,0.0,0.0,0.0,,,,,,,,,,,,,,,,,0.00025
40,13160,train,0.0227871872484684,0.10428010672330856,0.10805587470531464,0.0,0.0059965914115309715,0.0059965914115309715,0.0,3.51460337638855,9.999999747378752e-05,0.029999999329447746,0.029999999329447746,0.029999999329447746,0.0010000000474974513,0.0010000000474974513,0.07071258127689362,0.005094170570373535,0.0,0.0,0.0,0.0,-1.7285211086273193,-1.7285211086273193,1.0,-1.7285211086273193,0.0,-4.442250728607178,2.40251088142395,1.0,0.07071258127689362,1.0,0.0,0.0,0.07071258127689362,0.0,0.0,0.005094170570373535,0.0,0.2949058413505554,0.10913816094398499,0.08218435943126678,0.7950872182846069,0.5636268258094788,0.0,0.0,0.0,0.0,0.0,0.0,0.0,0.0,1.0,0.0,0.10585258156061172,0.30572572350502014,0.36533886194229126,0.02297397516667843,0.0,0.10805587470531464,0.10428010672330856,0.10428010672330856,0.19477862119674683,0.10794852674007416,-1.378393510442777e-10,0.0,0.0,4.063909530639648,4.063909530639648,2.370957374572754,2.370957374572754,0.8485001921653748,0.0,0.0,0.0,0.0,0.2949058413505554,0.1320682168006897,0.014871101826429367,0.9230098724365234,0.5636268258094788,0.07242647558450699,2.344085454940796,2.3777527809143066,2.370957374572754,2.3759546279907227,2.40251088142395,0.15177303552627563,0.058929894119501114,1.0,2.260908842086792,2.277726173400879,2.2652041912078857,0.0,0.0,0.0,0.0,0.0,0.0,0.0,,,,,,,,,,,,,,,,,0.00025
40,13180,train,0.02990841679275036,0.10995244234800339,0.11291979253292084,0.0,0.006694899871945381,0.006694899871945381,0.0,3.5067155361175537,9.999999747378752e-05,0.029999999329447746,0.029999999329447746,0.029999999329447746,0.0010000000474974513,0.0010000000474974513,0.066367968916893,0.022086620330810547,0.0,0.0,0.0,0.0,-1.7211326360702515,-1.7211326360702515,1.0,-1.7211326360702515,0.0,-4.420811176300049,2.32002329826355,1.0,0.066367968916893,1.0,0.0,0.0,0.066367968916893,0.0,0.0,0.022086620330810547,0.0,0.2779134213924408,0.08987408876419067,0.08533554524183273,0.6243767142295837,0.5568084120750427,0.0,0.0,0.0,0.0,0.0,0.0,0.0,0.0,1.0,0.0,0.09316419064998627,0.31236520409584045,0.3558938205242157,0.023038366809487343,0.0,0.11291979253292084,0.10995244234800339,0.10995244234800339,0.19295340776443481,0.12679867446422577,-4.705315026498624e-10,0.0,0.0,4.073649883270264,4.073649883270264,2.3001174926757812,2.3001174926757812,0.8407074213027954,0.0,0.0,0.0,0.0,0.2779133915901184,0.11487195640802383,0.014037786051630974,0.8020130395889282,0.5568084120750427,0.03218443691730499,2.2735588550567627,2.3080925941467285,2.3001174926757812,2.2987866401672363,2.32002329826355,0.153032124042511,0.05852837488055229,1.0,2.2594902515411377,2.2475786209106445,2.2500224113464355,0.0,0.0,0.0,0.0,0.0,0.0,0.0,,,,,,,,,,,,,,,,,0.00025
40,13200,train,0.014442680403590202,0.09572073072195053,0.09776220470666885,0.0,0.006084427237510681,0.006084427237510681,0.0,3.4879562854766846,9.999999747378752e-05,0.029999999329447746,0.029999999329447746,0.029999999329447746,0.0010000000474974513,0.0010000000474974513,0.0647762194275856,0.015027850866317749,0.0,0.0,0.0,0.0,-1.690693736076355,-1.690693736076355,1.0,-1.690693736076355,0.0,-4.3641228675842285,2.484384298324585,1.0,0.0647762194275856,1.0,0.0,0.0,0.0647762194275856,0.0,0.0,0.015027850866317749,0.0,0.2849721610546112,0.10965361446142197,0.07137994468212128,0.6885417699813843,0.5544612407684326,0.0,0.0,0.0,0.0,0.0,0.0,0.0,0.0,1.0,0.0,0.10637884587049484,0.3033770024776459,0.3847755193710327,0.024043085053563118,0.0,0.09776220470666885,0.09572073072195053,0.09572073072195053,0.17465731501579285,0.06527921557426453,-3.017027166291042e-12,0.0,0.0,3.9291322231292725,3.9291322231292725,2.505733013153076,2.505733013153076,0.7331564426422119,0.0,0.0,0.0,0.0,0.2849721610546112,0.13148482143878937,0.0109076714143157,0.8320605158805847,0.5544612407684326,0.06940870732069016,2.4552013874053955,2.5203633308410645,2.505733013153076,2.437638521194458,2.484384298324585,0.15647834539413452,0.0647708997130394,1.0,2.2024288177490234,2.3266706466674805,2.2853963375091553,0.0,0.0,0.0,0.0,0.0,0.0,0.0,,,,,,,,,,,,,,,,,0.00025
40,13220,train,0.040350500494241714,0.11973289400339127,0.12221463769674301,0.0,0.006784782744944096,0.006784782744944096,0.0,3.540221691131592,9.999999747378752e-05,0.029999999329447746,0.029999999329447746,0.029999999329447746,0.0010000000474974513,0.0010000000474974513,0.06875206530094147,0.0033091306686401367,0.0,0.0,0.0,0.0,-1.7409158945083618,-1.7409158945083618,1.0,-1.7409158945083618,0.0,-4.467672348022461,2.261953830718994,1.0,0.06875206530094147,1.0,0.0,0.0,0.06875206530094147,0.0,0.0,0.0033091306686401367,0.0,0.3033091425895691,0.10037066042423248,0.07358606159687042,0.613815426826477,0.5756505727767944,0.0,0.0,0.0,0.0,0.0,0.0,0.0,0.0,1.0,0.0,0.08938363194465637,0.30176597833633423,0.34244081377983093,0.022083628922700882,0.0,0.12221463769674301,0.11973289400339127,0.11973289400339127,0.21641871333122253,0.1703784316778183,-9.429208525091326e-10,0.0,0.0,4.178428649902344,4.178428649902344,2.2115697860717773,2.2115697860717773,0.9658495783805847,0.0,0.0,0.0,0.0,0.3033091425895691,0.12325740605592728,0.004850507248193026,0.8140247464179993,0.5756505727767944,0.0587163008749485,2.202425003051758,2.213658332824707,2.2115697860717773,2.2557694911956787,2.261953830718994,0.1418674886226654,0.052263278514146805,1.0,2.216733694076538,2.1979610919952393,2.250361680984497,0.0,0.0,0.0,0.0,0.0,0.0,0.0,,,,,,,,,,,,,,,,,0.00025
40,13240,train,0.04022253677248955,0.11972510814666748,0.12189710140228271,0.0,0.007071234751492739,0.007071234751492739,0.0,3.5514910221099854,9.999999747378752e-05,0.029999999329447746,0.029999999329447746,0.029999999329447746,0.0010000000474974513,0.0010000000474974513,0.06219163537025452,0.006146162748336792,0.0,0.0,0.0,0.0,-1.7419602870941162,-1.7419602870941162,1.0,-1.7419602870941162,0.0,-4.496553897857666,2.2587106227874756,1.0,0.06219163537025452,1.0,0.0,0.0,0.06219163537025452,0.0,0.0,0.006146162748336792,0.0,0.30614614486694336,0.11059245467185974,0.04716094583272934,0.7632333040237427,0.56979900598526,0.0,0.0,0.0,0.0,0.0,0.0,0.0,0.0,1.0,0.0,0.08837924152612686,0.29953673481941223,0.34587016701698303,0.021860577166080475,0.0,0.12189710140228271,0.11972510814666748,0.11972510814666748,0.19890357553958893,0.14571088552474976,3.5778707774269947e-10,0.0,0.0,4.149552822113037,4.149552822113037,2.238431453704834,2.238431453704834,0.8766292929649353,0.0,0.0,0.0,0.0,0.30614617466926575,0.13743439316749573,0.004798647481948137,0.9445628523826599,0.56979900598526,0.08644302189350128,2.2108237743377686,2.2453505992889404,2.238431453704834,2.2463696002960205,2.2587106227874756,0.14156296849250793,0.053869765251874924,1.0,2.3777716159820557,2.2647862434387207,2.2981929779052734,0.0,0.0,0.0,0.0,0.0,0.0,0.0,,,,,,,,,,,,,,,,,0.00025
40,13260,train,0.020117279142141342,0.10025257617235184,0.10211139917373657,0.0,0.006080312188714743,0.006080312188714743,0.0,3.510413885116577,9.999999747378752e-05,0.029999999329447746,0.029999999329447746,0.029999999329447746,0.0010000000474974513,0.0010000000474974513,0.07010438293218613,0.02509915828704834,0.0,0.0,0.0,0.0,-1.6864372491836548,-1.6864372491836548,1.0,-1.6864372491836548,0.0,-4.373560428619385,2.4488139152526855,1.0,0.07010438293218613,1.0,0.0,0.0,0.07010438293218613,0.0,0.0,0.02509915828704834,0.0,0.2749008536338806,0.09833911806344986,0.07531236857175827,0.6977754831314087,0.548831045627594,0.0,0.0,0.0,0.0,0.0,0.0,0.0,0.0,1.0,0.0,0.10603228211402893,0.30500906705856323,0.38054871559143066,0.023447658866643906,0.0,0.10211139917373657,0.10025257617235184,0.10025257617235184,0.17811910808086395,0.0854417160153389,-7.93850540858898e-11,0.0,0.0,3.9646801948547363,3.9646801948547363,2.474029302597046,2.474029302597046,0.759827733039856,0.0,0.0,0.0,0.0,0.2749008536338806,0.12379923462867737,0.0035056765191257,0.8927150964736938,0.548831045627594,0.04905024915933609,2.4185454845428467,2.4888784885406494,2.474029302597046,2.4130825996398926,2.4488139152526855,0.1565658152103424,0.06344981491565704,1.0,2.218747615814209,2.3175971508026123,2.3158459663391113,0.0,0.0,0.0,0.0,0.0,0.0,0.0,,,,,,,,,,,,,,,,,0.00025
40,13280,train,0.025804756209254265,0.1102546826004982,0.11266568303108215,0.0,0.005790545139461756,0.005790545139461756,0.0,3.5370118618011475,9.999999747378752e-05,0.029999999329447746,0.029999999329447746,0.029999999329447746,0.0010000000474974513,0.0010000000474974513,0.06072098761796951,0.0168038010597229,0.0,0.0,0.0,0.0,-1.7931334972381592,-1.7931334972381592,1.0,-1.7931334972381592,0.0,-4.545995712280273,2.18298077583313,1.0,0.06072098761796951,1.0,0.0,0.0,0.06072098761796951,0.0,0.0,0.0168038010597229,0.0,0.31680381298065186,0.12081503123044968,0.07492728531360626,0.7011229991912842,0.5767946243286133,0.0,0.0,0.0,0.0,0.0,0.0,0.0,0.0,1.0,0.0,0.09350690245628357,0.29485172033309937,0.3411007821559906,0.022143598645925522,0.0,0.11266568303108215,0.1102546826004982,0.1102546826004982,0.1991843283176422,0.15286821126937866,2.542374366587552e-10,0.0,0.0,4.098952293395996,4.098952293395996,2.2000179290771484,2.2000179290771484,0.8661678433418274,0.0,0.0,0.0,0.0,0.31680381298065186,0.14174887537956238,0.010546259582042694,0.9119734168052673,0.5767946243286133,0.11064644902944565,2.185483455657959,2.204134464263916,2.2000179290771484,2.156249523162842,2.18298077583313,0.13767440617084503,0.05293526500463486,1.0,2.1427712440490723,2.218323230743408,2.209444046020508,0.0,0.0,0.0,0.0,0.0,0.0,0.0,,,,,,,,,,,,,,,,,0.00025
40,13300,train,0.03781205415725708,0.11813835799694061,0.12128064781427383,0.0,0.006243299692869186,0.006243299692869186,0.0,3.5287251472473145,9.999999747378752e-05,0.029999999329447746,0.029999999329447746,0.029999999329447746,0.0010000000474974513,0.0010000000474974513,0.06615982949733734,0.01507917046546936,0.0,0.0,0.0,0.0,-1.7533974647521973,-1.7533974647521973,1.0,-1.7533974647521973,0.0,-4.510376453399658,2.235952377319336,1.0,0.06615982949733734,1.0,0.0,0.0,0.06615982949733734,0.0,0.0,0.01507917046546936,0.0,0.3150792121887207,0.10211531817913055,0.08766315877437592,0.7026504874229431,0.5842037796974182,0.0,0.0,0.0,0.0,0.0,0.0,0.0,0.0,1.0,0.0,0.09056450426578522,0.2983556091785431,0.3450987637042999,0.022279663011431694,0.0,0.12128064781427383,0.11813835799694061,0.11813835799694061,0.20754356682300568,0.15772278606891632,6.189738305240056e-11,0.0,0.0,4.157942771911621,4.157942771911621,2.2294344902038574,2.2294344902038574,0.9128169417381287,0.0,0.0,0.0,0.0,0.3150791823863983,0.1272064745426178,0.014504690654575825,0.8612063527107239,0.5842037796974182,0.07944240421056747,2.2101900577545166,2.2349014282226562,2.2294344902038574,2.225574493408203,2.235952377319336,0.14119195938110352,0.05275384709239006,1.0,2.2511470317840576,2.27140212059021,2.286696434020996,0.0,0.0,0.0,0.0,0.0,0.0,0.0,,,,,,,,,,,,,,,,,0.00025
40,13320,train,0.02825094945728779,0.10876958817243576,0.11150747537612915,0.0,0.006714776623994112,0.006714776623994112,0.0,3.499255657196045,9.999999747378752e-05,0.029999999329447746,0.029999999329447746,0.029999999329447746,0.0010000000474974513,0.0010000000474974513,0.06737755984067917,0.005703449249267578,0.0,0.0,0.0,0.0,-1.724076509475708,-1.724076509475708,1.0,-1.724076509475708,0.0,-4.42991828918457,2.319711685180664,1.0,0.06737755984067917,1.0,0.0,0.0,0.06737755984067917,0.0,0.0,0.005703449249267578,0.0,0.30570346117019653,0.10159161686897278,0.0616096556186676,0.67502760887146,0.5749683976173401,0.0,0.0,0.0,0.0,0.0,0.0,0.0,0.0,1.0,0.0,0.098166823387146,0.3169838488101959,0.3558950424194336,0.02331799827516079,0.0,0.11150747537612915,0.10876958817243576,0.10876958817243576,0.1990312933921814,0.13531257212162018,7.436402188476521e-11,0.0,0.0,4.0865254402160645,4.0865254402160645,2.2873892784118652,2.2873892784118652,0.8675689697265625,0.0,0.0,0.0,0.0,0.30570346117019653,0.1273796260356903,0.00529377069324255,0.8659498691558838,0.5749683976173401,0.06136642396450043,2.2744479179382324,2.29013729095459,2.2873892784118652,2.284681558609009,2.319711685180664,0.14899714291095734,0.056603409349918365,1.0,2.2113842964172363,2.2441439628601074,2.2246813774108887,0.0,0.0,0.0,0.0,0.0,0.0,0.0,,,,,,,,,,,,,,,,,0.00025
40,13340,train,0.046405911445617676,0.12364738434553146,0.12700264155864716,0.0,0.007109190337359905,0.007109190337359905,0.0,3.5240137577056885,9.999999747378752e-05,0.029999999329447746,0.029999999329447746,0.029999999329447746,0.0010000000474974513,0.0010000000474974513,0.07164837419986725,0.00869739055633545,0.0,0.0,0.0,0.0,-1.721467137336731,-1.721467137336731,1.0,-1.721467137336731,0.0,-4.441585540771484,2.264868974685669,1.0,0.07164837419986725,1.0,0.0,0.0,0.07164837419986725,0.0,0.0,0.00869739055633545,0.0,0.3086974024772644,0.09558437019586563,0.08825790882110596,0.7015699148178101,0.5833698511123657,0.0,0.0,0.0,0.0,0.0,0.0,0.0,0.0,1.0,0.0,0.0997784286737442,0.31005629897117615,0.3513161540031433,0.022632870823144913,0.0,0.12700264155864716,0.12364738434553146,0.12364738434553146,0.23410654067993164,0.1858915239572525,-3.129727310646757e-10,0.0,0.0,4.188929080963135,4.188929080963135,2.2597944736480713,2.2597944736480713,1.0492578744888306,0.0,0.0,0.0,0.0,0.3086974024772644,0.11926986277103424,0.005682565271854401,0.8411477208137512,0.5833698511123657,0.059681374579668045,2.23586368560791,2.266958236694336,2.2597944736480713,2.233949899673462,2.264868974685669,0.15085512399673462,0.05550580844283104,1.0,2.132256031036377,2.1813158988952637,2.204470634460449,0.0,0.0,0.0,0.0,0.0,0.0,0.0,,,,,,,,,,,,,,,,,0.00025
40,13360,train,0.02333165518939495,0.10220678150653839,0.10499440133571625,0.0,0.006353970151394606,0.006353970151394606,0.0,3.4832241535186768,9.999999747378752e-05,0.029999999329447746,0.029999999329447746,0.029999999329447746,0.0010000000474974513,0.0010000000474974513,0.05913231521844864,0.0008214712142944336,0.0,0.0,0.0,0.0,-1.6745485067367554,-1.6745485067367554,1.0,-1.6745485067367554,0.0,-4.330357074737549,2.434375047683716,1.0,0.05913231521844864,1.0,0.0,0.0,0.05913231521844864,0.0,0.0,0.0008214712142944336,0.0,0.30082154273986816,0.1192898154258728,0.07692166417837143,0.7477123737335205,0.5635111927986145,0.0,0.0,0.0,0.0,0.0,0.0,0.0,0.0,1.0,0.0,0.10509814321994781,0.31496599316596985,0.3787105977535248,0.024020420387387276,0.0,0.10499440133571625,0.10220678150653839,0.10220678150653839,0.1877935528755188,0.10817971080541611,1.9476235901816352e-10,0.0,0.0,3.982818603515625,3.982818603515625,2.433276891708374,2.433276891708374,0.8036473989486694,0.0,0.0,0.0,0.0,0.3008214831352234,0.14021620154380798,0.0011661951430141926,0.9354954957962036,0.5635111927986145,0.08077512681484222,2.382066249847412,2.4487104415893555,2.433276891708374,2.349081039428711,2.434375047683716,0.15837077796459198,0.062197450548410416,1.0,2.2567672729492188,2.2626636028289795,2.2961068153381348,0.0,0.0,0.0,0.0,0.0,0.0,0.0,,,,,,,,,,,,,,,,,0.00025
40,13360,train_epoch,0.03064104937251189,0.11127130731851041,0.11410123359657333,0.0,0.006462598947283929,0.006462598947283929,0.0,3.5178762752852752,9.999999747378752e-05,0.029999999329447746,0.029999999329447746,0.029999999329447746,0.0010000000474974513,0.0010000000474974513,0.06391843686069915,0.010887841800015844,0.0,0.0,0.0,0.0,-1.734516318329794,-1.734516318329794,1.0,-1.734516318329794,0.0,-4.4587954775302,2.304078406916407,1.0,0.06391843686069915,1.0,0.0,0.0,0.06391843686069915,0.0,0.0,0.010887841800015844,0.0,0.30010483088250645,0.10408361149048377,0.07326530626121752,0.7013530658033793,0.5692984923988045,0.0,0.0,0.0,0.0,0.0,0.0,0.0,0.0,1.0,0.0,0.09562630215269363,0.30378082742591106,0.3539717668544746,0.022761933064969358,0.0,0.11410123359657333,0.11127130731851041,0.11127130731851041,0.19681871713635452,0.1312728023636127,2.2291677720962897e-12,0.0,0.0,4.086079826611958,4.0860798280396144,2.2862853247248482,2.2862853247248482,0.8556939218929428,0.0,0.0,0.0,0.0,0.3001048274025946,0.1290360066125136,0.008941719319039124,0.8880509577111569,0.5692984923988045,0.06975612599781887,2.262668930127949,2.2934907896076133,2.2862853247248482,2.2771720607837516,2.304078406916407,0.14646109470171842,0.05624200276539711,1.0,2.271410418127825,2.2715375230697816,2.2720636936005003,0.0,0.0,0.0,0.0,0.0,0.0,0.0,,,,,,,,,,,,,,,,,0.00025
40,13360,val,,,,,,,,,,,,,,,,,,,,,,,,,,,,,,,,,,,,,,,,,,,,,,,,,,,,,,,,,,,,,,,,,,,,,,,,,,,,,,,,,,,,,,,,,,,,,,,,,,,16.377290674158044,689.3248718536652,26.25499708348232,11.579902013142904,15.499673989442018,24.450865229799945,11.034733342694807,16.33037549096185,26.21275857023208,11.375445984505319,17.809612991573573,28.967625149885524,12.427738163922283,16.377290674158044,26.25499708348232,11.579902013142904,0.00025
41,13380,train,0.03642857074737549,0.11706416308879852,0.12067628651857376,0.0,0.006458334159106016,0.006458334159106016,0.0,3.526632785797119,9.999999747378752e-05,0.029999999329447746,0.029999999329447746,0.029999999329447746,0.0010000000474974513,0.0010000000474974513,0.062458574771881104,0.0006310045719146729,0.0,0.0,0.0,0.0,-1.756339192390442,-1.756339192390442,1.0,-1.756339192390442,0.0,-4.509575366973877,2.2393925189971924,1.0,0.062458574771881104,1.0,0.0,0.0,0.062458574771881104,0.0,0.0,0.0006310045719146729,0.0,0.2993689775466919,0.0976383164525032,0.08022051304578781,0.6560653448104858,0.5700616836547852,0.0,0.0,0.0,0.0,0.0,0.0,0.0,0.0,1.0,0.0,0.08232984691858292,0.2910999655723572,0.3428826630115509,0.02233615145087242,0.0,0.12067628651857376,0.11706416308879852,0.11706416308879852,0.19418808817863464,0.1365862935781479,2.94331170547224e-10,0.0,0.0,4.145048141479492,4.145048141479492,2.2089269161224365,2.2089269161224365,0.8605808019638062,0.0,0.0,0.0,0.0,0.2993690073490143,0.12811411917209625,0.005366761237382889,0.8709636330604553,0.5700616836547852,0.06988358497619629,2.188930034637451,2.2166993618011475,2.2089269161224365,2.21555233001709,2.2393925189971924,0.14106731116771698,0.052594151347875595,1.0,2.347606658935547,2.2837467193603516,2.276442527770996,0.0,0.0,0.0,0.0,0.0,0.0,0.0,,,,,,,,,,,,,,,,,0.00025
41,13400,train,0.02339499071240425,0.1049318015575409,0.1077166423201561,0.0,0.007104331161826849,0.007104331161826849,0.0,3.529334306716919,9.999999747378752e-05,0.029999999329447746,0.029999999329447746,0.029999999329447746,0.0010000000474974513,0.0010000000474974513,0.05924876779317856,0.018466413021087646,0.0,0.0,0.0,0.0,-1.7287319898605347,-1.7287319898605347,1.0,-1.7287319898605347,0.0,-4.440804481506348,2.3066952228546143,1.0,0.05924876779317856,1.0,0.0,0.0,0.05924876779317856,0.0,0.0,0.018466413021087646,0.0,0.2815336287021637,0.11353955417871475,0.06372915953397751,0.774754524230957,0.546565055847168,0.0,0.0,0.0,0.0,0.0,0.0,0.0,0.0,1.0,0.0,0.0868452936410904,0.3077486753463745,0.3552657961845398,0.022463927045464516,0.0,0.1077166423201561,0.1049318015575409,0.1049318015575409,0.18525491654872894,0.11367721855640411,-1.4134445003310958e-10,0.0,0.0,4.046121120452881,4.046121120452881,2.2844676971435547,2.2844676971435547,0.7909827828407288,0.0,0.0,0.0,0.0,0.2815335988998413,0.13748671114444733,0.004196190275251865,0.9141650795936584,0.546565055847168,0.06890319287776947,2.245915651321411,2.2940728664398193,2.2844676971435547,2.286705255508423,2.3066952228546143,0.14586809277534485,0.056628260761499405,1.0,2.384988784790039,2.3837976455688477,2.3740785121917725,0.0,0.0,0.0,0.0,0.0,0.0,0.0,,,,,,,,,,,,,,,,,0.00025
41,13420,train,0.03135344758629799,0.11248795688152313,0.11614031344652176,0.0,0.006737129297107458,0.006737129297107458,0.0,3.5332753658294678,9.999999747378752e-05,0.029999999329447746,0.029999999329447746,0.029999999329447746,0.0010000000474974513,0.0010000000474974513,0.053268127143383026,0.007592350244522095,0.0,0.0,0.0,0.0,-1.7496479749679565,-1.7496479749679565,1.0,-1.7496479749679565,0.0,-4.468433856964111,2.243443727493286,1.0,0.053268127143383026,1.0,0.0,0.0,0.053268127143383026,0.0,0.0,0.007592350244522095,0.0,0.30759236216545105,0.10556498914957047,0.07644959539175034,0.657602846622467,0.5735152363777161,0.0,0.0,0.0,0.0,0.0,0.0,0.0,0.0,1.0,0.0,0.08295360207557678,0.294586718082428,0.3507516384124756,0.022360192611813545,0.0,0.11614031344652176,0.11248795688152313,0.11248795688152313,0.1856633424758911,0.12539631128311157,-2.335564519562183e-10,0.0,0.0,4.041338920593262,4.041338920593262,2.2390377521514893,2.2390377521514893,0.7904139161109924,0.0,0.0,0.0,0.0,0.30759236216545105,0.13404594361782074,0.005733507685363293,0.8883682489395142,0.5735152363777161,0.08435968309640884,2.2059216499328613,2.249974489212036,2.2390377521514893,2.20111083984375,2.243443727493286,0.14506573975086212,0.05461503937840462,1.0,2.305607318878174,2.260470390319824,2.26029109954834,0.0,0.0,0.0,0.0,0.0,0.0,0.0,,,,,,,,,,,,,,,,,0.00025
41,13440,train,0.04318664222955704,0.12393457442522049,0.12753595411777496,0.0,0.006558453664183617,0.006558453664183617,0.0,3.5640416145324707,9.999999747378752e-05,0.029999999329447746,0.029999999329447746,0.029999999329447746,0.0010000000474974513,0.0010000000474974513,0.06375782191753387,0.01738119125366211,0.0,0.0,0.0,0.0,-1.7814903259277344,-1.7814903259277344,1.0,-1.7814903259277344,0.0,-4.555771350860596,2.1359663009643555,1.0,0.06375782191753387,1.0,0.0,0.0,0.06375782191753387,0.0,0.0,0.01738119125366211,0.0,0.31738120317459106,0.10395049303770065,0.08670417964458466,0.7233499884605408,0.5835304856300354,0.0,0.0,0.0,0.0,0.0,0.0,0.0,0.0,1.0,0.0,0.08386139571666718,0.2847241163253784,0.3328627645969391,0.021302318200469017,0.0,0.12753595411777496,0.12393457442522049,0.12393457442522049,0.215370312333107,0.18085619807243347,-2.5942617498664333e-10,0.0,0.0,4.2175211906433105,4.2175211906433105,2.142545700073242,2.142545700073242,0.960262656211853,0.0,0.0,0.0,0.0,0.31738120317459106,0.1316089630126953,0.011605043895542622,0.8807693719863892,0.5835304856300354,0.09117647260427475,2.1519031524658203,2.1385300159454346,2.142545700073242,2.130011796951294,2.1359663009643555,0.14158962666988373,0.05129155516624451,1.0,2.19092059135437,2.259371042251587,2.223210096359253,0.0,0.0,0.0,0.0,0.0,0.0,0.0,,,,,,,,,,,,,,,,,0.00025
41,13460,train,0.027573522180318832,0.1059911698102951,0.11028409749269485,0.0,0.006509389262646437,0.006509389262646437,0.0,3.5033411979675293,9.999999747378752e-05,0.029999999329447746,0.029999999329447746,0.029999999329447746,0.0010000000474974513,0.0010000000474974513,0.06254663318395615,0.017017722129821777,0.0,0.0,0.0,0.0,-1.6849942207336426,-1.6849942207336426,1.0,-1.6849942207336426,0.0,-4.363770961761475,2.382307529449463,1.0,0.06254663318395615,1.0,0.0,0.0,0.06254663318395615,0.0,0.0,0.017017722129821777,0.0,0.28298231959342957,0.10171981155872345,0.06481289863586426,0.6646450757980347,0.5559930801391602,0.0,0.0,0.0,0.0,0.0,0.0,0.0,0.0,1.0,0.0,0.1004636213183403,0.3186342120170593,0.3649943470954895,0.023239538073539734,0.0,0.11028409749269485,0.1059911698102951,0.1059911698102951,0.20098158717155457,0.1394566297531128,-1.7721554779193127e-10,0.0,0.0,4.088894367218018,4.088894367218018,2.3318798542022705,2.3318798542022705,0.8785421252250671,0.0,0.0,0.0,0.0,0.2829822897911072,0.12373074144124985,0.005261573474854231,0.8496724367141724,0.5559930801391602,0.0444546602666378,2.3187906742095947,2.337083101272583,2.3318798542022705,2.3215737342834473,2.382307529449463,0.1570238322019577,0.05830203741788864,1.0,2.2447361946105957,2.318223714828491,2.338292360305786,0.0,0.0,0.0,0.0,0.0,0.0,0.0,,,,,,,,,,,,,,,,,0.00025
41,13480,train,0.030933329835534096,0.11194586008787155,0.11521335691213608,0.0,0.006147940177470446,0.006147940177470446,0.0,3.522620916366577,9.999999747378752e-05,0.029999999329447746,0.029999999329447746,0.029999999329447746,0.0010000000474974513,0.0010000000474974513,0.06391821056604385,0.004065006971359253,0.0,0.0,0.0,0.0,-1.7443314790725708,-1.7443314790725708,1.0,-1.7443314790725708,0.0,-4.465403079986572,2.2171683311462402,1.0,0.06391821056604385,1.0,0.0,0.0,0.06391821056604385,0.0,0.0,0.004065006971359253,0.0,0.2959350049495697,0.11998259276151657,0.05938365310430527,0.7393655776977539,0.5566148161888123,0.0,0.0,0.0,0.0,0.0,0.0,0.0,0.0,1.0,0.0,0.09507429599761963,0.30756688117980957,0.3478935956954956,0.0226422306150198,0.0,0.11521335691213608,0.11194586008787155,0.11194586008787155,0.1928269863128662,0.14355917274951935,1.663605087021125e-10,0.0,0.0,4.140406608581543,4.140406608581543,2.2232587337493896,2.2232587337493896,0.8481944799423218,0.0,0.0,0.0,0.0,0.2959350049495697,0.14211240410804749,0.007743217516690493,0.9251883625984192,0.5566148161888123,0.08088235557079315,2.232783555984497,2.222598075866699,2.2232587337493896,2.177044630050659,2.2171683311462402,0.14979255199432373,0.0562802217900753,1.0,2.345186233520508,2.2108378410339355,2.2716097831726074,0.0,0.0,0.0,0.0,0.0,0.0,0.0,,,,,,,,,,,,,,,,,0.00025
41,13500,train,0.042053744196891785,0.1210816353559494,0.12393556535243988,0.0,0.006816061679273844,0.006816061679273844,0.0,3.5540175437927246,9.999999747378752e-05,0.029999999329447746,0.029999999329447746,0.029999999329447746,0.0010000000474974513,0.0010000000474974513,0.06233198940753937,0.014632344245910645,0.0,0.0,0.0,0.0,-1.7408641576766968,-1.7408641576766968,1.0,-1.7408641576766968,0.0,-4.476360321044922,2.267162799835205,1.0,0.06233198940753937,1.0,0.0,0.0,0.06233198940753937,0.0,0.0,0.014632344245910645,0.0,0.3146323561668396,0.09878573566675186,0.08310304582118988,0.6818352937698364,0.5819218754768372,0.0,0.0,0.0,0.0,0.0,0.0,0.0,0.0,1.0,0.0,0.08672981709241867,0.2971627116203308,0.34475141763687134,0.02159549668431282,0.0,0.12393556535243988,0.1210816353559494,0.1210816353559494,0.2127150446176529,0.164942666888237,3.6174358647445004e-11,0.0,0.0,4.216548442840576,4.216548442840576,2.217479705810547,2.217479705810547,0.9546160101890564,0.0,0.0,0.0,0.0,0.3146323561668396,0.13048002123832703,0.01420076098293066,0.8864866495132446,0.5819218754768372,0.08595282584428787,2.205657720565796,2.22135329246521,2.217479705810547,2.2571518421173096,2.267162799835205,0.14234350621700287,0.05217960104346275,1.0,2.3429911136627197,2.280797004699707,2.2948880195617676,0.0,0.0,0.0,0.0,0.0,0.0,0.0,,,,,,,,,,,,,,,,,0.00025
41,13520,train,0.04008490592241287,0.11855214834213257,0.12226396054029465,0.0,0.006883085705339909,0.006883085705339909,0.0,3.530336856842041,9.999999747378752e-05,0.029999999329447746,0.029999999329447746,0.029999999329447746,0.0010000000474974513,0.0010000000474974513,0.06348315626382828,0.007436901330947876,0.0,0.0,0.0,0.0,-1.7258414030075073,-1.7258414030075073,1.0,-1.7258414030075073,0.0,-4.454442501068115,2.260103464126587,1.0,0.06348315626382828,1.0,0.0,0.0,0.06348315626382828,0.0,0.0,0.007436901330947876,0.0,0.3074369430541992,0.11647631227970123,0.052886947989463806,0.7799929976463318,0.5701758861541748,0.0,0.0,0.0,0.0,0.0,0.0,0.0,0.0,1.0,0.0,0.09961788356304169,0.31008774042129517,0.3551088869571686,0.022447392344474792,0.0,0.12226396054029465,0.11855214834213257,0.11855214834213257,0.20702342689037323,0.15771740674972534,2.037278262756459e-10,0.0,0.0,4.18247127532959,4.18247127532959,2.2724075317382812,2.2724075317382812,0.932000458240509,0.0,0.0,0.0,0.0,0.30743691325187683,0.13794682919979095,0.004183435812592506,0.9029672145843506,0.5701758861541748,0.08192402124404907,2.2527384757995605,2.2756476402282715,2.2724075317382812,2.2306857109069824,2.260103464126587,0.15237194299697876,0.05613412335515022,1.0,2.1901187896728516,2.2066550254821777,2.214876174926758,0.0,0.0,0.0,0.0,0.0,0.0,0.0,,,,,,,,,,,,,,,,,0.00025
41,13540,train,0.039205580949783325,0.12004590779542923,0.12380716949701309,0.0,0.0064458418637514114,0.0064458418637514114,0.0,3.52470064163208,9.999999747378752e-05,0.029999999329447746,0.029999999329447746,0.029999999329447746,0.0010000000474974513,0.0010000000474974513,0.06197121739387512,0.01871931552886963,0.0,0.0,0.0,0.0,-1.7704715728759766,-1.7704715728759766,1.0,-1.7704715728759766,0.0,-4.525648593902588,2.2101078033447266,1.0,0.06197121739387512,1.0,0.0,0.0,0.06197121739387512,0.0,0.0,0.01871931552886963,0.0,0.3187193274497986,0.11611729860305786,0.09114615619182587,0.7730997800827026,0.5802239775657654,0.0,0.0,0.0,0.0,0.0,0.0,0.0,0.0,1.0,0.0,0.08254556357860565,0.2916325330734253,0.33721569180488586,0.022315405309200287,0.0,0.12380716949701309,0.12004590779542923,0.12004590779542923,0.20865128934383392,0.15542584657669067,-4.331817543556937e-11,0.0,0.0,4.1754841804504395,4.1754841804504395,2.1734323501586914,2.1734323501586914,0.925713062286377,0.0,0.0,0.0,0.0,0.3187193274497986,0.1390950232744217,0.006071470677852631,0.9459018707275391,0.5802239775657654,0.10770527273416519,2.168483257293701,2.172299861907959,2.1734323501586914,2.2104711532592773,2.2101078033447266,0.14114849269390106,0.050793759524822235,1.0,2.1985127925872803,2.230679512023926,2.221011161804199,0.0,0.0,0.0,0.0,0.0,0.0,0.0,,,,,,,,,,,,,,,,,0.00025
41,13560,train,0.019206557422876358,0.09952020645141602,0.1014944314956665,0.0,0.005782402120530605,0.005782402120530605,0.0,3.4459729194641113,9.999999747378752e-05,0.029999999329447746,0.029999999329447746,0.029999999329447746,0.0010000000474974513,0.0010000000474974513,0.06666548550128937,0.013416141271591187,0.0,0.0,0.0,0.0,-1.6868447065353394,-1.6868447065353394,1.0,-1.6868447065353394,0.0,-4.361822605133057,2.4774956703186035,1.0,0.06666548550128937,1.0,0.0,0.0,0.06666548550128937,0.0,0.0,0.013416141271591187,0.0,0.2865838408470154,0.10671689361333847,0.06475311517715454,0.7260822057723999,0.5542222857475281,0.0,0.0,0.0,0.0,0.0,0.0,0.0,0.0,1.0,0.0,0.1002994179725647,0.30488479137420654,0.3703749477863312,0.024829475209116936,0.0,0.1014944314956665,0.09952020645141602,0.09952020645141602,0.17333437502384186,0.06751115620136261,9.162803848994372e-11,0.0,0.0,3.965991973876953,3.965991973876953,2.413839340209961,2.413839340209961,0.732816219329834,0.0,0.0,0.0,0.0,0.28658387064933777,0.13136808574199677,0.0033550921361893415,0.8483461737632751,0.5542222857475281,0.05615809187293053,2.385946273803711,2.4261653423309326,2.413839340209961,2.4686474800109863,2.4774956703186035,0.14688417315483093,0.05918296426534653,1.0,2.307748317718506,2.3521981239318848,2.379667282104492,0.0,0.0,0.0,0.0,0.0,0.0,0.0,,,,,,,,,,,,,,,,,0.00025
41,13580,train,0.031172897666692734,0.11226576566696167,0.1151275560259819,0.0,0.006455834489315748,0.006455834489315748,0.0,3.509509563446045,9.999999747378752e-05,0.029999999329447746,0.029999999329447746,0.029999999329447746,0.0010000000474974513,0.0010000000474974513,0.0641004890203476,0.0055561065673828125,0.0,0.0,0.0,0.0,-1.74554443359375,-1.74554443359375,1.0,-1.74554443359375,0.0,-4.482789039611816,2.2543160915374756,1.0,0.0641004890203476,1.0,0.0,0.0,0.0641004890203476,0.0,0.0,0.0055561065673828125,0.0,0.30555611848831177,0.09380681812763214,0.09050102531909943,0.6606530547142029,0.5819409489631653,0.0,0.0,0.0,0.0,0.0,0.0,0.0,0.0,1.0,0.0,0.09894615411758423,0.3032500743865967,0.3524203598499298,0.023050008341670036,0.0,0.1151275560259819,0.11226576566696167,0.11226576566696167,0.19859735667705536,0.14522825181484222,2.5818364113305847e-10,0.0,0.0,4.143765449523926,4.143765449523926,2.2729575634002686,2.2729575634002686,0.8720672130584717,0.0,0.0,0.0,0.0,0.30555611848831177,0.11650204658508301,0.0036258469335734844,0.8511602282524109,0.5819409489631653,0.052588850259780884,2.2484371662139893,2.2800326347351074,2.2729575634002686,2.2240116596221924,2.2543160915374756,0.14244598150253296,0.055517248809337616,1.0,2.1836042404174805,2.165281057357788,2.1673481464385986,0.0,0.0,0.0,0.0,0.0,0.0,0.0,,,,,,,,,,,,,,,,,0.00025
41,13600,train,0.021959003061056137,0.1039254292845726,0.10694029927253723,0.0,0.006088923662900925,0.006088923662900925,0.0,3.4643096923828125,9.999999747378752e-05,0.029999999329447746,0.029999999329447746,0.029999999329447746,0.0010000000474974513,0.0010000000474974513,0.058970049023628235,0.0035034120082855225,0.0,0.0,0.0,0.0,-1.7324343919754028,-1.7324343919754028,1.0,-1.7324343919754028,0.0,-4.453413963317871,2.312683343887329,1.0,0.058970049023628235,1.0,0.0,0.0,0.058970049023628235,0.0,0.0,0.0035034120082855225,0.0,0.29649659991264343,0.12081391364336014,0.043121032416820526,0.7684992551803589,0.5580156445503235,0.0,0.0,0.0,0.0,0.0,0.0,0.0,0.0,1.0,0.0,0.09803761541843414,0.30448421835899353,0.3553736209869385,0.024003008380532265,0.0,0.10694029927253723,0.1039254292845726,0.1039254292845726,0.19448444247245789,0.12222106009721756,-1.918797152417051e-12,0.0,0.0,4.03485631942749,4.03485631942749,2.302476167678833,2.302476167678833,0.8304838538169861,0.0,0.0,0.0,0.0,0.29649659991264343,0.14196518063545227,0.003989240154623985,0.900814414024353,0.5580156445503235,0.08665747940540314,2.279468059539795,2.308654546737671,2.302476167678833,2.2975142002105713,2.312683343887329,0.14718130230903625,0.05627214163541794,1.0,2.2718546390533447,2.35507869720459,2.341966390609741,0.0,0.0,0.0,0.0,0.0,0.0,0.0,,,,,,,,,,,,,,,,,0.00025
41,13620,train,0.028748229146003723,0.10865981131792068,0.11178483068943024,0.0,0.005979880690574646,0.005979880690574646,0.0,3.478609800338745,9.999999747378752e-05,0.029999999329447746,0.029999999329447746,0.029999999329447746,0.0010000000474974513,0.0010000000474974513,0.06039039418101311,0.01204875111579895,0.0,0.0,0.0,0.0,-1.7144707441329956,-1.7144707441329956,1.0,-1.7144707441329956,0.0,-4.426095485687256,2.3128390312194824,1.0,0.06039039418101311,1.0,0.0,0.0,0.06039039418101311,0.0,0.0,0.01204875111579895,0.0,0.28795126080513,0.11398310214281082,0.05884360522031784,0.7846966981887817,0.5508865714073181,0.0,0.0,0.0,0.0,0.0,0.0,0.0,0.0,1.0,0.0,0.09863519668579102,0.3039131164550781,0.35610249638557434,0.023776350542902946,0.0,0.11178483068943024,0.10865981131792068,0.10865981131792068,0.17563991248607635,0.10724377632141113,3.767803777310341e-11,0.0,0.0,4.024343967437744,4.024343967437744,2.3035128116607666,2.3035128116607666,0.749748945236206,0.0,0.0,0.0,0.0,0.28795126080513,0.14018873870372772,0.0035866531543433666,0.9381586313247681,0.5508865714073181,0.07746630162000656,2.3002376556396484,2.3044354915618896,2.3035128116607666,2.2778608798980713,2.3128390312194824,0.14869382977485657,0.05893001705408096,1.0,2.2835886478424072,2.3363962173461914,2.3495075702667236,0.0,0.0,0.0,0.0,0.0,0.0,0.0,,,,,,,,,,,,,,,,,0.00025
41,13640,train,0.04015069082379341,0.119137704372406,0.12204910069704056,0.0,0.0068251993507146835,0.0068251993507146835,0.0,3.507251739501953,9.999999747378752e-05,0.029999999329447746,0.029999999329447746,0.029999999329447746,0.0010000000474974513,0.0010000000474974513,0.05588218942284584,0.003159433603286743,0.0,0.0,0.0,0.0,-1.7335225343704224,-1.7335225343704224,1.0,-1.7335225343704224,0.0,-4.462682723999023,2.315459966659546,1.0,0.05588218942284584,1.0,0.0,0.0,0.05588218942284584,0.0,0.0,0.003159433603286743,0.0,0.3031594753265381,0.11412215977907181,0.07544165104627609,0.71254962682724,0.5663555264472961,0.0,0.0,0.0,0.0,0.0,0.0,0.0,0.0,1.0,0.0,0.09029857814311981,0.3066352903842926,0.3482469916343689,0.022939564660191536,0.0,0.12204910069704056,0.119137704372406,0.119137704372406,0.18359945714473724,0.12686306238174438,5.54283785536569e-10,0.0,0.0,4.1187262535095215,4.1187262535095215,2.258659839630127,2.258659839630127,0.8037224411964417,0.0,0.0,0.0,0.0,0.3031594455242157,0.138682022690773,0.0020670797675848007,0.9119449853897095,0.5663555264472961,0.08975184708833694,2.23781156539917,2.263937473297119,2.258659839630127,2.281047821044922,2.315459966659546,0.14068453013896942,0.05395744740962982,1.0,2.3982460498809814,2.3025577068328857,2.2630462646484375,0.0,0.0,0.0,0.0,0.0,0.0,0.0,,,,,,,,,,,,,,,,,0.00025
41,13660,train,0.025702856481075287,0.10536488890647888,0.10886142402887344,0.0,0.006202063988894224,0.006202063988894224,0.0,3.509005069732666,9.999999747378752e-05,0.029999999329447746,0.029999999329447746,0.029999999329447746,0.0010000000474974513,0.0010000000474974513,0.05711686611175537,0.018512457609176636,0.0,0.0,0.0,0.0,-1.7007817029953003,-1.7007817029953003,1.0,-1.7007817029953003,0.0,-4.395662307739258,2.380523443222046,1.0,0.05711686611175537,1.0,0.0,0.0,0.05711686611175537,0.0,0.0,0.018512457609176636,0.0,0.2814875841140747,0.10729830712080002,0.08097462356090546,0.7125856280326843,0.5516446828842163,0.0,0.0,0.0,0.0,0.0,0.0,0.0,0.0,1.0,0.0,0.09367608278989792,0.31122279167175293,0.35942983627319336,0.023134224116802216,0.0,0.10886142402887344,0.10536488890647888,0.10536488890647888,0.18105877935886383,0.1077265739440918,-3.7255235008082366e-10,0.0,0.0,4.023662567138672,4.023662567138672,2.3063600063323975,2.3063600063323975,0.7807130813598633,0.0,0.0,0.0,0.0,0.2814875543117523,0.12980495393276215,0.009854665957391262,0.8918415307998657,0.5516446828842163,0.05784314125776291,2.271822690963745,2.316681146621704,2.3063600063323975,2.3558247089385986,2.380523443222046,0.15009237825870514,0.057692743837833405,1.0,2.185832977294922,2.232555389404297,2.2877068519592285,0.0,0.0,0.0,0.0,0.0,0.0,0.0,,,,,,,,,,,,,,,,,0.00025
41,13680,train,0.024956734851002693,0.10673244297504425,0.10895785689353943,0.0,0.0062347413040697575,0.0062347413040697575,0.0,3.4865777492523193,9.999999747378752e-05,0.029999999329447746,0.029999999329447746,0.029999999329447746,0.0010000000474974513,0.0010000000474974513,0.06459023058414459,0.009008258581161499,0.0,0.0,0.0,0.0,-1.7362765073776245,-1.7362765073776245,1.0,-1.7362765073776245,0.0,-4.446231842041016,2.376401901245117,1.0,0.06459023058414459,1.0,0.0,0.0,0.06459023058414459,0.0,0.0,0.009008258581161499,0.0,0.29099175333976746,0.10558260977268219,0.07011452317237854,0.7215456962585449,0.561283528804779,0.0,0.0,0.0,0.0,0.0,0.0,0.0,0.0,1.0,0.0,0.09902676194906235,0.304995059967041,0.35544735193252563,0.023618418723344803,0.0,0.10895785689353943,0.10673244297504425,0.10673244297504425,0.19025129079818726,0.10038251429796219,1.9792481542602047e-10,0.0,0.0,4.086977481842041,4.086977481842041,2.325941324234009,2.325941324234009,0.8309242129325867,0.0,0.0,0.0,0.0,0.29099175333976746,0.12908276915550232,0.014881456270813942,0.9110594391822815,0.561283528804779,0.059620101004838943,2.3025219440460205,2.3340046405792236,2.325941324234009,2.376160144805908,2.376401901245117,0.13990750908851624,0.055640287697315216,1.0,2.3273773193359375,2.3755075931549072,2.347681999206543,0.0,0.0,0.0,0.0,0.0,0.0,0.0,,,,,,,,,,,,,,,,,0.00025
41,13694,train_epoch,0.0307303122021704,0.11123773315084909,0.11407085822638638,0.0,0.006487548775123265,0.006487548775123265,0.0,3.510447277994213,9.999999747378752e-05,0.029999999329447746,0.029999999329447746,0.029999999329447746,0.0010000000474974513,0.0010000000474974513,0.06341691485823628,0.01087846763119726,0.0,0.0,0.0,0.0,-1.7323593504414587,-1.7323593504414587,1.0,-1.7323593504414587,0.0,-4.454663750654209,2.3036526784211575,1.0,0.06341691485823628,1.0,0.0,0.0,0.06341691485823628,0.0,0.0,0.01087846763119726,0.0,0.29937596592360627,0.10390707968684014,0.07313122012524191,0.7052709404936808,0.5688252372299126,0.0,0.0,0.0,0.0,0.0,0.0,0.0,0.0,1.0,0.0,0.09408643944356256,0.3042447936392116,0.35382258160385543,0.022955361893121713,0.0,0.11407085822638638,0.11123773315084909,0.11123773315084909,0.19737919254931147,0.1322248928739639,1.7651264087433887e-11,0.0,0.0,4.090690332972361,4.090690326547908,2.2859442019890883,2.2859442019890883,0.8592771329208763,0.0,0.0,0.0,0.0,0.2993759600345246,0.12875284825613398,0.008595581080703187,0.8895563720586057,0.5688252372299126,0.06929973171588903,2.2631873627622685,2.292752294483299,2.2859442019890883,2.2773091821613427,2.3036526784211575,0.14639339140967694,0.05586966157271833,1.0,2.2680431854225205,2.269234248977935,2.2694394452843123,0.0,0.0,0.0,0.0,0.0,0.0,0.0,,,,,,,,,,,,,,,,,0.00025
41,13694,val,,,,,,,,,,,,,,,,,,,,,,,,,,,,,,,,,,,,,,,,,,,,,,,,,,,,,,,,,,,,,,,,,,,,,,,,,,,,,,,,,,,,,,,,,,,,,,,,,,,16.507873062614923,693.6342191266584,26.33693640358837,11.936292424932256,15.919487751282013,24.720097205170763,12.223053713102598,16.352520212396843,26.20055446123323,11.628118781356124,17.88712353749318,29.009073284420136,12.72681713104248,16.507873062614923,26.33693640358837,11.936292424932256,0.00025
42,13700,train,0.04199260100722313,0.11980684101581573,0.12279876321554184,0.0,0.006899361964315176,0.006899361964315176,0.0,3.539032220840454,9.999999747378752e-05,0.029999999329447746,0.029999999329447746,0.029999999329447746,0.0010000000474974513,0.0010000000474974513,0.06252780556678772,0.01912674307823181,0.0,0.0,0.0,0.0,-1.716942310333252,-1.716942310333252,1.0,-1.716942310333252,0.0,-4.444331169128418,2.3223116397857666,1.0,0.06252780556678772,1.0,0.0,0.0,0.06252780556678772,0.0,0.0,0.01912674307823181,0.0,0.31912675499916077,0.11548870801925659,0.09068918228149414,0.7121278643608093,0.5801845192909241,0.0,0.0,0.0,0.0,0.0,0.0,0.0,0.0,1.0,0.0,0.09178303927183151,0.3073863387107849,0.3495563864707947,0.022194772958755493,0.0,0.12279876321554184,0.11980684101581573,0.11980684101581573,0.18723469972610474,0.12127819657325745,-2.7942437252903574e-10,0.0,0.0,4.064582347869873,4.064582347869873,2.2704555988311768,2.2704555988311768,0.8219561576843262,0.0,0.0,0.0,0.0,0.31912675499916077,0.13819728791713715,0.012278635054826736,0.9225544929504395,0.5801845192909241,0.09624694287776947,2.2498769760131836,2.276031494140625,2.2704555988311768,2.2898776531219482,2.3223116397857666,0.14143452048301697,0.05515069514513016,1.0,2.15775990486145,2.2109618186950684,2.2407498359680176,0.0,0.0,0.0,0.0,0.0,0.0,0.0,,,,,,,,,,,,,,,,,0.00025
42,13720,train,0.02957761287689209,0.10841891914606094,0.11134392023086548,0.0,0.0069669317454099655,0.0069669317454099655,0.0,3.4842233657836914,9.999999747378752e-05,0.029999999329447746,0.029999999329447746,0.029999999329447746,0.0010000000474974513,0.0010000000474974513,0.06857816129922867,0.007305890321731567,0.0,0.0,0.0,0.0,-1.6957234144210815,-1.6957234144210815,1.0,-1.6957234144210815,0.0,-4.383441925048828,2.361262321472168,1.0,0.06857816129922867,1.0,0.0,0.0,0.06857816129922867,0.0,0.0,0.007305890321731567,0.0,0.2926941215991974,0.09577525407075882,0.08474372327327728,0.6851677298545837,0.5678470730781555,0.0,0.0,0.0,0.0,0.0,0.0,0.0,0.0,1.0,0.0,0.10323566943407059,0.32196664810180664,0.36697474122047424,0.023787638172507286,0.0,0.11134392023086548,0.10841891914606094,0.10841891914606094,0.19638483226299286,0.11674470454454422,-9.008672974264442e-11,0.0,0.0,4.085233211517334,4.085232734680176,2.362480401992798,2.362480401992798,0.8520953059196472,0.0,0.0,0.0,0.0,0.2926941215991974,0.12066352367401123,0.009685599245131016,0.8455783128738403,0.5678470730781555,0.04839154705405235,2.35309100151062,2.368251085281372,2.362480401992798,2.3403844833374023,2.361262321472168,0.14989766478538513,0.05899474769830704,1.0,2.3030219078063965,2.287841796875,2.300861120223999,0.0,0.0,0.0,0.0,0.0,0.0,0.0,,,,,,,,,,,,,,,,,0.00025
42,13740,train,0.024373244494199753,0.10533961653709412,0.10794685035943985,0.0,0.006308775395154953,0.006308775395154953,0.0,3.499171018600464,9.999999747378752e-05,0.029999999329447746,0.029999999329447746,0.029999999329447746,0.0010000000474974513,0.0010000000474974513,0.056249894201755524,0.002083510160446167,0.0,0.0,0.0,0.0,-1.7192208766937256,-1.7192208766937256,1.0,-1.7192208766937256,0.0,-4.425535678863525,2.3671369552612305,1.0,0.056249894201755524,1.0,0.0,0.0,0.056249894201755524,0.0,0.0,0.002083510160446167,0.0,0.3020835220813751,0.11608399450778961,0.047190140932798386,0.7203816175460815,0.5634933710098267,0.0,0.0,0.0,0.0,0.0,0.0,0.0,0.0,1.0,0.0,0.09373181313276291,0.30377334356307983,0.3606679439544678,0.023281637579202652,0.0,0.10794685035943985,0.10533961653709412,0.10533961653709412,0.18029186129570007,0.10644149780273438,3.143422466767021e-10,0.0,0.0,4.09618616104126,4.09618616104126,2.3314571380615234,2.3314571380615234,0.7935959696769714,0.0,0.0,0.0,0.0,0.3020835220813751,0.14054669439792633,0.005470436532050371,0.8984076976776123,0.5634933710098267,0.08442096412181854,2.2938382625579834,2.3428409099578857,2.3314571380615234,2.3284831047058105,2.3671369552612305,0.14600300788879395,0.057489681988954544,1.0,2.3587088584899902,2.2937259674072266,2.3081586360931396,0.0,0.0,0.0,0.0,0.0,0.0,0.0,,,,,,,,,,,,,,,,,0.00025
42,13760,train,0.028727801516652107,0.11010856926441193,0.11238594353199005,0.0,0.00619684299454093,0.00619684299454093,0.0,3.515181064605713,9.999999747378752e-05,0.029999999329447746,0.029999999329447746,0.029999999329447746,0.0010000000474974513,0.0010000000474974513,0.06666024029254913,0.00017586350440979004,0.0,0.0,0.0,0.0,-1.7410370111465454,-1.7410370111465454,1.0,-1.7410370111465454,0.0,-4.479302406311035,2.3402628898620605,1.0,0.06666024029254913,1.0,0.0,0.0,0.06666024029254913,0.0,0.0,0.00017586350440979004,0.0,0.30017587542533875,0.11140698194503784,0.05514482781291008,0.7482067346572876,0.5644551515579224,0.0,0.0,0.0,0.0,0.0,0.0,0.0,0.0,1.0,0.0,0.09855061024427414,0.2936893701553345,0.3575303256511688,0.022968385368585587,0.0,0.11238594353199005,0.11010856926441193,0.11010856926441193,0.18717947602272034,0.11663424968719482,2.8727106804460334e-10,0.0,0.0,4.046386241912842,4.046386241912842,2.338121175765991,2.338121175765991,0.8110853433609009,0.0,0.0,0.0,0.0,0.30017587542533875,0.1370106041431427,0.006615070626139641,0.905569851398468,0.5644551515579224,0.08075980842113495,2.3016576766967773,2.34844970703125,2.338121175765991,2.324563503265381,2.3402628898620605,0.14584362506866455,0.05678074434399605,1.0,2.2769336700439453,2.277207136154175,2.237416982650757,0.0,0.0,0.0,0.0,0.0,0.0,0.0,,,,,,,,,,,,,,,,,0.00025
42,13780,train,0.01832101307809353,0.1003735139966011,0.10310860723257065,0.0,0.006015107035636902,0.006015107035636902,0.0,3.4851300716400146,9.999999747378752e-05,0.029999999329447746,0.029999999329447746,0.029999999329447746,0.0010000000474974513,0.0010000000474974513,0.0609101727604866,0.010036438703536987,0.0,0.0,0.0,0.0,-1.7212356328964233,-1.7212356328964233,1.0,-1.7212356328964233,0.0,-4.430474758148193,2.2952442169189453,1.0,0.0609101727604866,1.0,0.0,0.0,0.0609101727604866,0.0,0.0,0.010036438703536987,0.0,0.28996360301971436,0.11240169405937195,0.06201140210032463,0.7616355419158936,0.5565314292907715,0.0,0.0,0.0,0.0,0.0,0.0,0.0,0.0,1.0,0.0,0.09852013736963272,0.3137201964855194,0.3614145517349243,0.023624347522854805,0.0,0.10310860723257065,0.1003735139966011,0.1003735139966011,0.17629563808441162,0.11012526601552963,9.90905187764346e-12,0.0,0.0,4.008150100708008,4.008150100708008,2.3243000507354736,2.3243000507354736,0.7522315979003906,0.0,0.0,0.0,0.0,0.28996357321739197,0.135552316904068,0.002832516096532345,0.8987723588943481,0.5565314292907715,0.07529105991125107,2.268214464187622,2.339909076690674,2.3243000507354736,2.252661943435669,2.2952442169189453,0.14667218923568726,0.058508262038230896,1.0,2.3003644943237305,2.2667930126190186,2.25091814994812,0.0,0.0,0.0,0.0,0.0,0.0,0.0,,,,,,,,,,,,,,,,,0.00025
42,13800,train,0.033839523792266846,0.11464259028434753,0.11741332709789276,0.0,0.006384898442775011,0.006384898442775011,0.0,3.5092062950134277,9.999999747378752e-05,0.029999999329447746,0.029999999329447746,0.029999999329447746,0.0010000000474974513,0.0010000000474974513,0.06361444294452667,0.017278701066970825,0.0,0.0,0.0,0.0,-1.7484849691390991,-1.7484849691390991,1.0,-1.7484849691390991,0.0,-4.501589298248291,2.2176058292388916,1.0,0.06361444294452667,1.0,0.0,0.0,0.06361444294452667,0.0,0.0,0.017278701066970825,0.0,0.28272131085395813,0.10559409856796265,0.06767776608467102,0.6698027849197388,0.5531666278839111,0.0,0.0,0.0,0.0,0.0,0.0,0.0,0.0,1.0,0.0,0.0946074053645134,0.3020216226577759,0.3380921483039856,0.022676756605505943,0.0,0.11741332709789276,0.11464259028434753,0.11464259028434753,0.1941196769475937,0.13411694765090942,1.6090909160659805e-10,0.0,0.0,4.093019008636475,4.093019008636475,2.190460205078125,2.190460205078125,0.8452821969985962,0.0,0.0,0.0,0.0,0.28272131085395813,0.12771864235401154,0.004541875794529915,0.8953679203987122,0.5531666278839111,0.05307904630899429,2.2035839557647705,2.1883668899536133,2.190460205078125,2.1994292736053467,2.2176058292388916,0.1453147530555725,0.05582462251186371,1.0,2.2393534183502197,2.255943775177002,2.281372308731079,0.0,0.0,0.0,0.0,0.0,0.0,0.0,,,,,,,,,,,,,,,,,0.00025
42,13820,train,0.04734691232442856,0.12491098791360855,0.12692852318286896,0.0,0.007014573086053133,0.007014573086053133,0.0,3.5040135383605957,9.999999747378752e-05,0.029999999329447746,0.029999999329447746,0.029999999329447746,0.0010000000474974513,0.0010000000474974513,0.06763714551925659,0.0010874569416046143,0.0,0.0,0.0,0.0,-1.7263222932815552,-1.7263222932815552,1.0,-1.7263222932815552,0.0,-4.461162090301514,2.2845187187194824,1.0,0.06763714551925659,1.0,0.0,0.0,0.06763714551925659,0.0,0.0,0.0010874569416046143,0.0,0.30108746886253357,0.09485000371932983,0.10267162322998047,0.6851619482040405,0.5778465270996094,0.0,0.0,0.0,0.0,0.0,0.0,0.0,0.0,1.0,0.0,0.09311898797750473,0.30520743131637573,0.34904471039772034,0.02305017039179802,0.0,0.12692852318286896,0.12491098791360855,0.12491098791360855,0.21379417181015015,0.15445321798324585,4.1805012229723104e-10,0.0,0.0,4.162683010101318,4.162683010101318,2.2748303413391113,2.2748303413391113,0.9485233426094055,0.0,0.0,0.0,0.0,0.30108746886253357,0.11787079274654388,0.016822872683405876,0.8551906943321228,0.5778465270996094,0.0534466952085495,2.2481470108032227,2.282078742980957,2.2748303413391113,2.2557239532470703,2.2845187187194824,0.1424456089735031,0.055173736065626144,1.0,2.1063504219055176,2.154041290283203,2.199308395385742,0.0,0.0,0.0,0.0,0.0,0.0,0.0,,,,,,,,,,,,,,,,,0.00025
42,13840,train,0.033147480338811874,0.11582213640213013,0.11749833077192307,0.0,0.006379770115017891,0.006379770115017891,0.0,3.5539700984954834,9.999999747378752e-05,0.029999999329447746,0.029999999329447746,0.029999999329447746,0.0010000000474974513,0.0010000000474974513,0.06537657976150513,0.004799008369445801,0.0,0.0,0.0,0.0,-1.7798548936843872,-1.7798548936843872,1.0,-1.7798548936843872,0.0,-4.5340471267700195,2.2250452041625977,1.0,0.06537657976150513,1.0,0.0,0.0,0.06537657976150513,0.0,0.0,0.004799008369445801,0.0,0.30479905009269714,0.09633279591798782,0.07343964278697968,0.6601013541221619,0.5775551795959473,0.0,0.0,0.0,0.0,0.0,0.0,0.0,0.0,1.0,0.0,0.09170952439308167,0.2890776991844177,0.34423595666885376,0.021644536405801773,0.0,0.11749833077192307,0.11582213640213013,0.11582213640213013,0.2072242945432663,0.16846653819084167,-5.722585738610064e-10,0.0,0.0,4.163065433502197,4.163065433502197,2.235182046890259,2.235182046890259,0.9197217226028442,0.0,0.0,0.0,0.0,0.30479902029037476,0.12407463788986206,0.015974901616573334,0.9279270172119141,0.5775551795959473,0.06723345816135406,2.2218661308288574,2.236105442047119,2.235182046890259,2.2247061729431152,2.2250452041625977,0.1392010599374771,0.05296577140688896,1.0,2.1251256465911865,2.1776585578918457,2.1896884441375732,0.0,0.0,0.0,0.0,0.0,0.0,0.0,,,,,,,,,,,,,,,,,0.00025
42,13860,train,0.02249533124268055,0.1020963117480278,0.10542335361242294,0.0,0.00621333671733737,0.00621333671733737,0.0,3.469398260116577,9.999999747378752e-05,0.029999999329447746,0.029999999329447746,0.029999999329447746,0.0010000000474974513,0.0010000000474974513,0.057239558547735214,0.017394065856933594,0.0,0.0,0.0,0.0,-1.6882271766662598,-1.6882271766662598,1.0,-1.6882271766662598,0.0,-4.367608070373535,2.374885320663452,1.0,0.057239558547735214,1.0,0.0,0.0,0.057239558547735214,0.0,0.0,0.017394065856933594,0.0,0.28260600566864014,0.10863609611988068,0.060436442494392395,0.7113537192344666,0.5487279891967773,0.0,0.0,0.0,0.0,0.0,0.0,0.0,0.0,1.0,0.0,0.09212186187505722,0.3013659417629242,0.36891475319862366,0.024278253316879272,0.0,0.10542335361242294,0.1020963117480278,0.1020963117480278,0.1755613535642624,0.08437532931566238,2.426141232358958e-10,0.0,0.0,3.916938304901123,3.916938304901123,2.3733930587768555,2.3733930587768555,0.730008065700531,0.0,0.0,0.0,0.0,0.28260594606399536,0.1348954141139984,0.002977101132273674,0.8820839524269104,0.5487279891967773,0.06662071496248245,2.3381543159484863,2.383380174636841,2.3733930587768555,2.3394205570220947,2.374885320663452,0.15253719687461853,0.060064904391765594,1.0,2.2082836627960205,2.344177007675171,2.3843002319335938,0.0,0.0,0.0,0.0,0.0,0.0,0.0,,,,,,,,,,,,,,,,,0.00025
42,13880,train,0.032810039818286896,0.11112172901630402,0.114113450050354,0.0,0.006702711805701256,0.006702711805701256,0.0,3.4925005435943604,9.999999747378752e-05,0.029999999329447746,0.029999999329447746,0.029999999329447746,0.0010000000474974513,0.0010000000474974513,0.062132496386766434,0.01389843225479126,0.0,0.0,0.0,0.0,-1.6960124969482422,-1.6960124969482422,1.0,-1.6960124969482422,0.0,-4.391102313995361,2.419680595397949,1.0,0.062132496386766434,1.0,0.0,0.0,0.062132496386766434,0.0,0.0,0.01389843225479126,0.0,0.3138984441757202,0.10562695562839508,0.08254988491535187,0.6955515146255493,0.5803978443145752,0.0,0.0,0.0,0.0,0.0,0.0,0.0,0.0,1.0,0.0,0.0943293496966362,0.3114818036556244,0.36393436789512634,0.02352229692041874,0.0,0.114113450050354,0.11112172901630402,0.11112172901630402,0.20637397468090057,0.13645371794700623,2.5879437481890477e-10,0.0,0.0,4.008668422698975,4.008668422698975,2.3563027381896973,2.3563027381896973,0.8801607489585876,0.0,0.0,0.0,0.0,0.3138984441757202,0.13219454884529114,0.016087787225842476,0.890268087387085,0.5803978443145752,0.08814338594675064,2.3192882537841797,2.3673081398010254,2.3563027381896973,2.396402597427368,2.419680595397949,0.1519264429807663,0.05660715699195862,1.0,2.204502820968628,2.290306568145752,2.3045880794525146,0.0,0.0,0.0,0.0,0.0,0.0,0.0,,,,,,,,,,,,,,,,,0.00025
42,13900,train,0.03685474395751953,0.11709555983543396,0.1195419505238533,0.0,0.006862780544906855,0.006862780544906855,0.0,3.512194871902466,9.999999747378752e-05,0.029999999329447746,0.029999999329447746,0.029999999329447746,0.0010000000474974513,0.0010000000474974513,0.059515081346035004,0.006103545427322388,0.0,0.0,0.0,0.0,-1.7461987733840942,-1.7461987733840942,1.0,-1.7461987733840942,0.0,-4.476029396057129,2.297027349472046,1.0,0.059515081346035004,1.0,0.0,0.0,0.059515081346035004,0.0,0.0,0.006103545427322388,0.0,0.30610358715057373,0.11255356669425964,0.0841500386595726,0.7390519976615906,0.5719139575958252,0.0,0.0,0.0,0.0,0.0,0.0,0.0,0.0,1.0,0.0,0.08378662168979645,0.2951255142688751,0.34370899200439453,0.02268761396408081,0.0,0.1195419505238533,0.11709555983543396,0.11709555983543396,0.20285366475582123,0.14492326974868774,-4.579691348371995e-10,0.0,0.0,4.043233871459961,4.043233871459961,2.2326786518096924,2.2326786518096924,0.8655328154563904,0.0,0.0,0.0,0.0,0.30610355734825134,0.1349208503961563,0.010536291636526585,0.9022351503372192,0.5719139575958252,0.0885416716337204,2.2065746784210205,2.2381808757781982,2.2326786518096924,2.2768406867980957,2.297027349472046,0.14300863444805145,0.052321985363960266,1.0,2.270043134689331,2.2670657634735107,2.2954344749450684,0.0,0.0,0.0,0.0,0.0,0.0,0.0,,,,,,,,,,,,,,,,,0.00025
42,13920,train,0.028865203261375427,0.10770564526319504,0.11059460788965225,0.0,0.006187010556459427,0.006187010556459427,0.0,3.4911646842956543,9.999999747378752e-05,0.029999999329447746,0.029999999329447746,0.029999999329447746,0.0010000000474974513,0.0010000000474974513,0.06605547666549683,0.03131026029586792,0.0,0.0,0.0,0.0,-1.6931909322738647,-1.6931909322738647,1.0,-1.6931909322738647,0.0,-4.410444736480713,2.4388949871063232,1.0,0.06605547666549683,1.0,0.0,0.0,0.06605547666549683,0.0,0.0,0.03131026029586792,0.0,0.26868975162506104,0.09821400046348572,0.061445992439985275,0.6581192016601562,0.5445950627326965,0.0,0.0,0.0,0.0,0.0,0.0,0.0,0.0,1.0,0.0,0.09596811980009079,0.30139660835266113,0.3747900724411011,0.02374151721596718,0.0,0.11059460788965225,0.10770564526319504,0.10770564526319504,0.1722116768360138,0.08644335716962814,-9.565071651396195e-11,0.0,0.0,3.9666383266448975,3.9666383266448975,2.4233479499816895,2.4233479499816895,0.7261342406272888,0.0,0.0,0.0,0.0,0.26868975162506104,0.11935720592737198,0.01206122525036335,0.816114604473114,0.5445950627326965,0.03733149915933609,2.3654232025146484,2.439008951187134,2.4233479499816895,2.3906779289245605,2.4388949871063232,0.1537114977836609,0.06092757731676102,1.0,2.2324342727661133,2.2305426597595215,2.2187137603759766,0.0,0.0,0.0,0.0,0.0,0.0,0.0,,,,,,,,,,,,,,,,,0.00025
42,13940,train,0.04119616746902466,0.11910844594240189,0.1224869042634964,0.0,0.006529927719384432,0.006529927719384432,0.0,3.5031797885894775,9.999999747378752e-05,0.029999999329447746,0.029999999329447746,0.029999999329447746,0.0010000000474974513,0.0010000000474974513,0.058350570499897,0.0038518011569976807,0.0,0.0,0.0,0.0,-1.716968059539795,-1.716968059539795,1.0,-1.716968059539795,0.0,-4.452037334442139,2.2220406532287598,1.0,0.058350570499897,1.0,0.0,0.0,0.058350570499897,0.0,0.0,0.0038518011569976807,0.0,0.30385181307792664,0.11377055197954178,0.05287538096308708,0.6997291445732117,0.570030927658081,0.0,0.0,0.0,0.0,0.0,0.0,0.0,0.0,1.0,0.0,0.09854976832866669,0.31314292550086975,0.3477822542190552,0.02288535051047802,0.0,0.1224869042634964,0.11910844594240189,0.11910844594240189,0.20589964091777802,0.16053947806358337,-2.1188911736302884e-10,0.0,0.0,4.127467155456543,4.127467155456543,2.2333219051361084,2.2333219051361084,0.9040997624397278,0.0,0.0,0.0,0.0,0.30385181307792664,0.1345253735780716,0.010652692057192326,0.9002270102500916,0.570030927658081,0.0820312574505806,2.220132350921631,2.236135482788086,2.2333219051361084,2.195108652114868,2.2220406532287598,0.14752893149852753,0.055543020367622375,1.0,2.158797025680542,2.145632266998291,2.202850341796875,0.0,0.0,0.0,0.0,0.0,0.0,0.0,,,,,,,,,,,,,,,,,0.00025
42,13960,train,0.02359568513929844,0.10409412533044815,0.10706818848848343,0.0,0.006308637093752623,0.006308637093752623,0.0,3.5159518718719482,9.999999747378752e-05,0.029999999329447746,0.029999999329447746,0.029999999329447746,0.0010000000474974513,0.0010000000474974513,0.05661812424659729,0.00789603590965271,0.0,0.0,0.0,0.0,-1.708624005317688,-1.708624005317688,1.0,-1.708624005317688,0.0,-4.400017261505127,2.343339443206787,1.0,0.05661812424659729,1.0,0.0,0.0,0.05661812424659729,0.0,0.0,0.00789603590965271,0.0,0.30789604783058167,0.10703060775995255,0.048885777592659,0.6880120635032654,0.5741863250732422,0.0,0.0,0.0,0.0,0.0,0.0,0.0,0.0,1.0,0.0,0.10213696211576462,0.3167083263397217,0.36097824573516846,0.022851981222629547,0.0,0.10706818848848343,0.10409412533044815,0.10409412533044815,0.19407649338245392,0.12438857555389404,-2.1162468999413875e-10,0.0,0.0,4.045283317565918,4.045283317565918,2.3192121982574463,2.3192121982574463,0.832642674446106,0.0,0.0,0.0,0.0,0.30789604783058167,0.13248403370380402,0.003107981290668249,0.888134241104126,0.5741863250732422,0.07814032584428787,2.3020989894866943,2.3293628692626953,2.3192121982574463,2.2985916137695312,2.343339443206787,0.15255782008171082,0.0581522174179554,1.0,2.285860538482666,2.2669148445129395,2.3021016120910645,0.0,0.0,0.0,0.0,0.0,0.0,0.0,,,,,,,,,,,,,,,,,0.00025
42,13980,train,0.030840279534459114,0.10978951305150986,0.11259128898382187,0.0,0.00676362868398428,0.00676362868398428,0.0,3.508430242538452,9.999999747378752e-05,0.029999999329447746,0.029999999329447746,0.029999999329447746,0.0010000000474974513,0.0010000000474974513,0.06631702929735184,0.00327908992767334,0.0,0.0,0.0,0.0,-1.7015140056610107,-1.7015140056610107,1.0,-1.7015140056610107,0.0,-4.388276100158691,2.353466510772705,1.0,0.06631702929735184,1.0,0.0,0.0,0.06631702929735184,0.0,0.0,0.00327908992767334,0.0,0.3032791018486023,0.10337510704994202,0.07336802780628204,0.7772854566574097,0.5721250176429749,0.0,0.0,0.0,0.0,0.0,0.0,0.0,0.0,1.0,0.0,0.1001632809638977,0.30911678075790405,0.3627490699291229,0.023069458082318306,0.0,0.11259128898382187,0.10978951305150986,0.10978951305150986,0.19638192653656006,0.12966793775558472,4.244722628943265e-10,0.0,0.0,4.061335563659668,4.061335563659668,2.350006580352783,2.350006580352783,0.8569278717041016,0.0,0.0,0.0,0.0,0.3032791018486023,0.13011321425437927,0.014940550550818443,0.9327583909034729,0.5721250176429749,0.07127758115530014,2.338151216506958,2.3548293113708496,2.350006580352783,2.318431854248047,2.353466510772705,0.15252584218978882,0.0589478462934494,1.0,2.2930989265441895,2.28703236579895,2.3067500591278076,0.0,0.0,0.0,0.0,0.0,0.0,0.0,,,,,,,,,,,,,,,,,0.00025
42,14000,train,0.02070472575724125,0.10231386125087738,0.10499494522809982,0.0,0.005495302379131317,0.005495302379131317,0.0,3.4745893478393555,9.999999747378752e-05,0.029999999329447746,0.029999999329447746,0.029999999329447746,0.0010000000474974513,0.0010000000474974513,0.06815123558044434,0.002796769142150879,0.0,0.0,0.0,0.0,-1.7198566198349,-1.7198566198349,1.0,-1.7198566198349,0.0,-4.418193817138672,2.307246446609497,1.0,0.06815123558044434,1.0,0.0,0.0,0.06815123558044434,0.0,0.0,0.002796769142150879,0.0,0.29720327258110046,0.10970642417669296,0.06375372409820557,0.663715124130249,0.5621432662010193,0.0,0.0,0.0,0.0,0.0,0.0,0.0,0.0,1.0,0.0,0.10553885996341705,0.30808210372924805,0.3673185408115387,0.02401292324066162,0.0,0.10499494522809982,0.10231386125087738,0.10231386125087738,0.1757175773382187,0.10282959043979645,-1.2311318631219592e-10,0.0,0.0,4.133413791656494,4.133413791656494,2.3705039024353027,2.3705039024353027,0.7757005095481873,0.0,0.0,0.0,0.0,0.2972032427787781,0.13508470356464386,0.002462885109707713,0.8846080303192139,0.5621432662010193,0.07331495732069016,2.347193479537964,2.379431962966919,2.3705039024353027,2.2742950916290283,2.307246446609497,0.14966440200805664,0.06027546152472496,1.0,2.326056480407715,2.27270770072937,2.3083596229553223,0.0,0.0,0.0,0.0,0.0,0.0,0.0,,,,,,,,,,,,,,,,,0.00025
42,14020,train,0.02929215133190155,0.10979101061820984,0.11272832751274109,0.0,0.0064939879812300205,0.0064939879812300205,0.0,3.5089526176452637,9.999999747378752e-05,0.029999999329447746,0.029999999329447746,0.029999999329447746,0.0010000000474974513,0.0010000000474974513,0.06302915513515472,0.006376385688781738,0.0,0.0,0.0,0.0,-1.7276607751846313,-1.7276607751846313,1.0,-1.7276607751846313,0.0,-4.456072807312012,2.3947458267211914,1.0,0.06302915513515472,1.0,0.0,0.0,0.06302915513515472,0.0,0.0,0.006376385688781738,0.0,0.3063763976097107,0.09771523624658585,0.09894581884145737,0.6953279376029968,0.5781235694885254,0.0,0.0,0.0,0.0,0.0,0.0,0.0,0.0,1.0,0.0,0.09698659926652908,0.30998191237449646,0.35890427231788635,0.02316213585436344,0.0,0.11272832751274109,0.10979101061820984,0.10979101061820984,0.2016703486442566,0.11874856799840927,-1.8506360333070404e-10,0.0,0.0,4.117254734039307,4.117254734039307,2.342824935913086,2.342824935913086,0.8779768943786621,0.0,0.0,0.0,0.0,0.3063763976097107,0.12479157000780106,0.014228470623493195,0.8877955675125122,0.5781235694885254,0.06734068691730499,2.305828332901001,2.352342367172241,2.342824935913086,2.3846187591552734,2.3947458267211914,0.14684835076332092,0.055663131177425385,1.0,2.3362879753112793,2.293942451477051,2.2179858684539795,0.0,0.0,0.0,0.0,0.0,0.0,0.0,,,,,,,,,,,,,,,,,0.00025
42,14028,train_epoch,0.03060434639041206,0.1110451328094134,0.11385443753111148,0.0,0.006478769615471006,0.006478769615471006,0.0,3.5064469047649176,9.999999747378752e-05,0.029999999329447746,0.029999999329447746,0.029999999329447746,0.0010000000474974513,0.0010000000474974513,0.06272933297528478,0.010645370461983595,0.0,0.0,0.0,0.0,-1.7305009768394652,-1.7305009768394652,1.0,-1.7305009768394652,0.0,-4.451202371163283,2.303562464828263,1.0,0.06272933297528478,1.0,0.0,0.0,0.06272933297528478,0.0,0.0,0.010645370461983595,0.0,0.2986058922049528,0.1048396369386576,0.07124191822629132,0.7059844539550963,0.5675193417571975,0.0,0.0,0.0,0.0,0.0,0.0,0.0,0.0,1.0,0.0,0.09402792140127655,0.3046343823571405,0.35368896762054125,0.02299607109033062,0.0,0.11385443753111148,0.1110451328094134,0.1110451328094134,0.1978409914467149,0.1345826972744422,-1.166328001663876e-12,0.0,0.0,4.094800948382852,4.094800949810508,2.286023551832416,2.286023551832416,0.8625634896184156,0.0,0.0,0.0,0.0,0.2986058871189277,0.12976088651461515,0.008782859715287333,0.8909473626199597,0.5675193417571975,0.07070276254933038,2.263391763150335,2.2927413543541273,2.286023551832416,2.2776309851400867,2.303562464828263,0.14713662670936414,0.05590577404611482,1.0,2.2663221766134938,2.266749822450969,2.2664814416519894,0.0,0.0,0.0,0.0,0.0,0.0,0.0,,,,,,,,,,,,,,,,,0.00025
42,14028,val,,,,,,,,,,,,,,,,,,,,,,,,,,,,,,,,,,,,,,,,,,,,,,,,,,,,,,,,,,,,,,,,,,,,,,,,,,,,,,,,,,,,,,,,,,,,,,,,,,,16.302480530094456,685.6295213441591,26.184528281872087,11.629614980371148,15.545742400057682,24.446081600565414,11.27023561580761,16.227735777158994,26.10332408240287,11.423856838329419,17.70847952902854,28.944400577316564,12.393928691073581,16.302480530094456,26.184528281872087,11.629614980371148,0.00025
43,14040,train,0.029741195961833,0.10926435887813568,0.1119256317615509,0.0,0.006903715431690216,0.006903715431690216,0.0,3.523332357406616,9.999999747378752e-05,0.029999999329447746,0.029999999329447746,0.029999999329447746,0.0010000000474974513,0.0010000000474974513,0.06237152963876724,0.012616246938705444,0.0,0.0,0.0,0.0,-1.7090452909469604,-1.7090452909469604,1.0,-1.7090452909469604,0.0,-4.417652130126953,2.2389721870422363,1.0,0.06237152963876724,1.0,0.0,0.0,0.06237152963876724,0.0,0.0,0.012616246938705444,0.0,0.2873837649822235,0.10069019347429276,0.08791828155517578,0.6700342893600464,0.5580126643180847,0.0,0.0,0.0,0.0,0.0,0.0,0.0,0.0,1.0,0.0,0.0955028161406517,0.3161296844482422,0.35473042726516724,0.0227202121168375,0.0,0.1119256317615509,0.10926435887813568,0.10926435887813568,0.2073669284582138,0.14869298040866852,1.6433816807381874e-10,0.0,0.0,4.138551235198975,4.138551235198975,2.2659168243408203,2.2659168243408203,0.909516453742981,0.0,0.0,0.0,0.0,0.2873837649822235,0.1286001354455948,0.008398899808526039,0.8484207391738892,0.5580126643180847,0.0600183866918087,2.246004819869995,2.2729084491729736,2.2659168243408203,2.2186734676361084,2.2389721870422363,0.1528722047805786,0.05784914642572403,1.0,2.281503200531006,2.3083131313323975,2.2806899547576904,0.0,0.0,0.0,0.0,0.0,0.0,0.0,,,,,,,,,,,,,,,,,0.00025
43,14060,train,0.029919477179646492,0.11105842143297195,0.11419404298067093,0.0,0.006669485010206699,0.006669485010206699,0.0,3.5141587257385254,9.999999747378752e-05,0.029999999329447746,0.029999999329447746,0.029999999329447746,0.0010000000474974513,0.0010000000474974513,0.06807820498943329,0.0014323294162750244,0.0,0.0,0.0,0.0,-1.7433128356933594,-1.7433128356933594,1.0,-1.7433128356933594,0.0,-4.4784345626831055,2.272019624710083,1.0,0.06807820498943329,1.0,0.0,0.0,0.06807820498943329,0.0,0.0,0.0014323294162750244,0.0,0.30143237113952637,0.09835770726203918,0.06049012765288353,0.6911789178848267,0.5749765634536743,0.0,0.0,0.0,0.0,0.0,0.0,0.0,0.0,1.0,0.0,0.09787213057279587,0.30920475721359253,0.3572531044483185,0.02296622097492218,0.0,0.11419404298067093,0.11105842143297195,0.11105842143297195,0.21048025786876678,0.14290191233158112,-1.0054386490043754e-10,0.0,0.0,4.226641654968262,4.226641654968262,2.3117659091949463,2.3117659091949463,0.9501606822013855,0.0,0.0,0.0,0.0,0.301432341337204,0.12195896357297897,0.009366759099066257,0.8268396258354187,0.5749765634536743,0.05490196496248245,2.2755534648895264,2.324510335922241,2.3117659091949463,2.247817039489746,2.272019624710083,0.1486070305109024,0.056176841259002686,1.0,2.3549537658691406,2.2430105209350586,2.2254271507263184,0.0,0.0,0.0,0.0,0.0,0.0,0.0,,,,,,,,,,,,,,,,,0.00025
43,14080,train,0.03239911049604416,0.11335456371307373,0.11573328077793121,0.0,0.006400955840945244,0.006400955840945244,0.0,3.5021252632141113,9.999999747378752e-05,0.029999999329447746,0.029999999329447746,0.029999999329447746,0.0010000000474974513,0.0010000000474974513,0.0638241395354271,0.014786899089813232,0.0,0.0,0.0,0.0,-1.7453827857971191,-1.7453827857971191,1.0,-1.7453827857971191,0.0,-4.4830427169799805,2.226668357849121,1.0,0.0638241395354271,1.0,0.0,0.0,0.0638241395354271,0.0,0.0,0.014786899089813232,0.0,0.2852131426334381,0.09956137835979462,0.056753456592559814,0.6842646598815918,0.5591544508934021,0.0,0.0,0.0,0.0,0.0,0.0,0.0,0.0,1.0,0.0,0.09504367411136627,0.3033004105091095,0.34470334649086,0.023026617243885994,0.0,0.11573328077793121,0.11335456371307373,0.11335456371307373,0.2137596607208252,0.1689225137233734,-5.739690389638952e-10,0.0,0.0,4.127923011779785,4.127923011779785,2.227910280227661,2.227910280227661,0.9358690977096558,0.0,0.0,0.0,0.0,0.2852131128311157,0.12296904623508453,0.00343890767544508,0.8338757157325745,0.5591544508934021,0.04901961237192154,2.212977647781372,2.2308173179626465,2.227910280227661,2.1970431804656982,2.226668357849121,0.1452566534280777,0.055054839700460434,1.0,2.18202543258667,2.2315938472747803,2.2267308235168457,0.0,0.0,0.0,0.0,0.0,0.0,0.0,,,,,,,,,,,,,,,,,0.00025
43,14100,train,0.032280903309583664,0.11176767945289612,0.11358503252267838,0.0,0.006281577050685883,0.006281577050685883,0.0,3.4872002601623535,9.999999747378752e-05,0.029999999329447746,0.029999999329447746,0.029999999329447746,0.0010000000474974513,0.0010000000474974513,0.05690423399209976,0.015103518962860107,0.0,0.0,0.0,0.0,-1.713549256324768,-1.713549256324768,1.0,-1.713549256324768,0.0,-4.456891059875488,2.374332904815674,1.0,0.05690423399209976,1.0,0.0,0.0,0.05690423399209976,0.0,0.0,0.015103518962860107,0.0,0.31510353088378906,0.10638976097106934,0.08385966718196869,0.7013289332389832,0.5798858404159546,0.0,0.0,0.0,0.0,0.0,0.0,0.0,0.0,1.0,0.0,0.08670340478420258,0.30110040307044983,0.3510048985481262,0.02339700050652027,0.0,0.11358503252267838,0.11176767945289612,0.11176767945289612,0.18416032195091248,0.10880720615386963,4.173040385468951e-11,0.0,0.0,4.014054775238037,4.014054775238037,2.290112257003784,2.290112257003784,0.784466564655304,0.0,0.0,0.0,0.0,0.31510353088378906,0.13456211984157562,0.010456793941557407,0.9035343527793884,0.5798858404159546,0.09068627655506134,2.2517247200012207,2.301081657409668,2.290112257003784,2.3557348251342773,2.374332904815674,0.13736464083194733,0.0541459321975708,1.0,2.296365737915039,2.2662367820739746,2.2834644317626953,0.0,0.0,0.0,0.0,0.0,0.0,0.0,,,,,,,,,,,,,,,,,0.00025
43,14120,train,0.022235799580812454,0.1032169908285141,0.10685516148805618,0.0,0.006654728204011917,0.006654728204011917,0.0,3.5041964054107666,9.999999747378752e-05,0.029999999329447746,0.029999999329447746,0.029999999329447746,0.0010000000474974513,0.0010000000474974513,0.05998246371746063,0.0034702420234680176,0.0,0.0,0.0,0.0,-1.7160958051681519,-1.7160958051681519,1.0,-1.7160958051681519,0.0,-4.425353527069092,2.2548375129699707,1.0,0.05998246371746063,1.0,0.0,0.0,0.05998246371746063,0.0,0.0,0.0034702420234680176,0.0,0.29652976989746094,0.12087083607912064,0.052312593907117844,0.7275928258895874,0.5559485554695129,0.0,0.0,0.0,0.0,0.0,0.0,0.0,0.0,1.0,0.0,0.09297683089971542,0.3097541928291321,0.3602219223976135,0.02306133136153221,0.0,0.10685516148805618,0.1032169908285141,0.1032169908285141,0.19638243317604065,0.11711665242910385,-4.086774529898918e-10,0.0,0.0,4.109532833099365,4.109532833099365,2.310734272003174,2.310734272003174,0.855950653553009,0.0,0.0,0.0,0.0,0.29652976989746094,0.14466023445129395,0.0020219050347805023,0.9026021957397461,0.5559485554695129,0.09068627655506134,2.291210651397705,2.3157474994659424,2.310734272003174,2.2349584102630615,2.2548375129699707,0.1548558473587036,0.05884428322315216,1.0,2.489366054534912,2.4278242588043213,2.393864870071411,0.0,0.0,0.0,0.0,0.0,0.0,0.0,,,,,,,,,,,,,,,,,0.00025
43,14140,train,0.03866029530763626,0.11908771097660065,0.12185990810394287,0.0,0.00646223546937108,0.00646223546937108,0.0,3.548539638519287,9.999999747378752e-05,0.029999999329447746,0.029999999329447746,0.029999999329447746,0.0010000000474974513,0.0010000000474974513,0.06488718837499619,0.014920830726623535,0.0,0.0,0.0,0.0,-1.7571321725845337,-1.7571321725845337,1.0,-1.7571321725845337,0.0,-4.512359619140625,2.253042697906494,1.0,0.06488718837499619,1.0,0.0,0.0,0.06488718837499619,0.0,0.0,0.014920830726623535,0.0,0.31492090225219727,0.10463264584541321,0.1052369698882103,0.7073261141777039,0.5836271643638611,0.0,0.0,0.0,0.0,0.0,0.0,0.0,0.0,1.0,0.0,0.09292493015527725,0.3011079430580139,0.34634101390838623,0.02185020223259926,0.0,0.12185990810394287,0.11908771097660065,0.11908771097660065,0.19178543984889984,0.13942520320415497,-1.7449032496674732e-10,0.0,0.0,4.135801315307617,4.135801315307617,2.244197130203247,2.244197130203247,0.846740186214447,0.0,0.0,0.0,0.0,0.3149208426475525,0.12881335616111755,0.012982429936528206,0.9132125377655029,0.5836271643638611,0.09172794967889786,2.2191030979156494,2.251804828643799,2.244197130203247,2.231100082397461,2.253042697906494,0.1411461979150772,0.053642358630895615,1.0,2.2802505493164062,2.2227463722229004,2.2210655212402344,0.0,0.0,0.0,0.0,0.0,0.0,0.0,,,,,,,,,,,,,,,,,0.00025
43,14160,train,0.028782295063138008,0.10803312063217163,0.11130312830209732,0.0,0.006162692792713642,0.006162692792713642,0.0,3.4933459758758545,9.999999747378752e-05,0.029999999329447746,0.029999999329447746,0.029999999329447746,0.0010000000474974513,0.0010000000474974513,0.06556664407253265,0.009094953536987305,0.0,0.0,0.0,0.0,-1.7020055055618286,-1.7020055055618286,1.0,-1.7020055055618286,0.0,-4.409474849700928,2.4089605808258057,1.0,0.06556664407253265,1.0,0.0,0.0,0.06556664407253265,0.0,0.0,0.009094953536987305,0.0,0.30909496545791626,0.11595340073108673,0.1010986790060997,0.7134404182434082,0.5721505284309387,0.0,0.0,0.0,0.0,0.0,0.0,0.0,0.0,1.0,0.0,0.09289383143186569,0.28992193937301636,0.36876004934310913,0.0235461313277483,0.0,0.11130312830209732,0.10803312063217163,0.10803312063217163,0.1789841651916504,0.08253226429224014,-1.5308518341861088e-10,0.0,0.0,4.076745986938477,4.076745986938477,2.399296998977661,2.399296998977661,0.7833824753761292,0.0,0.0,0.0,0.0,0.30909496545791626,0.13846981525421143,0.007757460232824087,0.9301417469978333,0.5721505284309387,0.09606311470270157,2.3629190921783447,2.4114575386047363,2.399296998977661,2.3840699195861816,2.4089605808258057,0.15055100619792938,0.058485083281993866,1.0,2.3961338996887207,2.3103246688842773,2.2872872352600098,0.0,0.0,0.0,0.0,0.0,0.0,0.0,,,,,,,,,,,,,,,,,0.00025
43,14180,train,0.040640681982040405,0.12069779634475708,0.12387440353631973,0.0,0.006555457133799791,0.006555457133799791,0.0,3.517502784729004,9.999999747378752e-05,0.029999999329447746,0.029999999329447746,0.029999999329447746,0.0010000000474974513,0.0010000000474974513,0.0651748925447464,0.009963065385818481,0.0,0.0,0.0,0.0,-1.7575923204421997,-1.7575923204421997,1.0,-1.7575923204421997,0.0,-4.494592666625977,2.2352304458618164,1.0,0.0651748925447464,1.0,0.0,0.0,0.0651748925447464,0.0,0.0,0.009963065385818481,0.0,0.30996307730674744,0.1091180071234703,0.06429266929626465,0.7133883237838745,0.5752732753753662,0.0,0.0,0.0,0.0,0.0,0.0,0.0,0.0,1.0,0.0,0.08845984935760498,0.2970314919948578,0.3398721218109131,0.022589044645428658,0.0,0.12387440353631973,0.12069779634475708,0.12069779634475708,0.21547375619411469,0.16843223571777344,-4.536014619471729e-10,0.0,0.0,4.237971305847168,4.237971305847168,2.2092556953430176,2.2092556953430176,0.9755967259407043,0.0,0.0,0.0,0.0,0.30996307730674744,0.13374324142932892,0.011033527553081512,0.9039743542671204,0.5752732753753662,0.08311887830495834,2.2037417888641357,2.20798921585083,2.2092556953430176,2.2169251441955566,2.2352304458618164,0.14431031048297882,0.05312301963567734,1.0,2.273965835571289,2.2321078777313232,2.2377378940582275,0.0,0.0,0.0,0.0,0.0,0.0,0.0,,,,,,,,,,,,,,,,,0.00025
43,14200,train,0.031181327998638153,0.11118143051862717,0.11497097462415695,0.0,0.006520484574139118,0.006520484574139118,0.0,3.5071463584899902,9.999999747378752e-05,0.029999999329447746,0.029999999329447746,0.029999999329447746,0.0010000000474974513,0.0010000000474974513,0.06356160342693329,0.007606714963912964,0.0,0.0,0.0,0.0,-1.7268632650375366,-1.7268632650375366,1.0,-1.7268632650375366,0.0,-4.446974754333496,2.351773738861084,1.0,0.06356160342693329,1.0,0.0,0.0,0.06356160342693329,0.0,0.0,0.007606714963912964,0.0,0.292393296957016,0.0987023413181305,0.08573596179485321,0.7300195693969727,0.5661832094192505,0.0,0.0,0.0,0.0,0.0,0.0,0.0,0.0,1.0,0.0,0.0941557064652443,0.30168265104293823,0.3565616011619568,0.023014472797513008,0.0,0.11497097462415695,0.11118143051862717,0.11118143051862717,0.1963941901922226,0.11634335666894913,-2.198361805094695e-11,0.0,0.0,4.121574401855469,4.121574401855469,2.3153231143951416,2.3153231143951416,0.861808180809021,0.0,0.0,0.0,0.0,0.292393296957016,0.12322410196065903,0.004914260935038328,0.8898074626922607,0.5661832094192505,0.055376842617988586,2.299515962600708,2.3197262287139893,2.3153231143951416,2.334676504135132,2.351773738861084,0.15134744346141815,0.056206393986940384,1.0,2.3075733184814453,2.284550428390503,2.241364002227783,0.0,0.0,0.0,0.0,0.0,0.0,0.0,,,,,,,,,,,,,,,,,0.00025
43,14220,train,0.021468697115778923,0.10107148438692093,0.10332273691892624,0.0,0.006049748044461012,0.006049748044461012,0.0,3.466294765472412,9.999999747378752e-05,0.029999999329447746,0.029999999329447746,0.029999999329447746,0.0010000000474974513,0.0010000000474974513,0.06040568649768829,0.02005302906036377,0.0,0.0,0.0,0.0,-1.6812653541564941,-1.6812653541564941,1.0,-1.6812653541564941,0.0,-4.369699954986572,2.4706175327301025,1.0,0.06040568649768829,1.0,0.0,0.0,0.06040568649768829,0.0,0.0,0.02005302906036377,0.0,0.2799469828605652,0.10052581131458282,0.07070296257734299,0.65455162525177,0.5526109933853149,0.0,0.0,0.0,0.0,0.0,0.0,0.0,0.0,1.0,0.0,0.0973832979798317,0.30486103892326355,0.37693747878074646,0.02439168654382229,0.0,0.10332273691892624,0.10107148438692093,0.10107148438692093,0.1732015311717987,0.07365591824054718,-1.5394148455971646e-10,0.0,0.0,3.9583468437194824,3.9583468437194824,2.436624526977539,2.436624526977539,0.7317071557044983,0.0,0.0,0.0,0.0,0.2799469828605652,0.1259605586528778,0.007259856443852186,0.8306462168693542,0.5526109933853149,0.05436581373214722,2.383241891860962,2.4519901275634766,2.436624526977539,2.4452099800109863,2.4706175327301025,0.1516139805316925,0.05904948338866234,1.0,2.2837629318237305,2.339362621307373,2.353851795196533,0.0,0.0,0.0,0.0,0.0,0.0,0.0,,,,,,,,,,,,,,,,,0.00025
43,14240,train,0.04204395413398743,0.12115800380706787,0.12328711152076721,0.0,0.007135465275496244,0.007135465275496244,0.0,3.5301671028137207,9.999999747378752e-05,0.029999999329447746,0.029999999329447746,0.029999999329447746,0.0010000000474974513,0.0010000000474974513,0.059969909489154816,0.00043463706970214844,0.0,0.0,0.0,0.0,-1.7399827241897583,-1.7399827241897583,1.0,-1.7399827241897583,0.0,-4.488007545471191,2.2428414821624756,1.0,0.059969909489154816,1.0,0.0,0.0,0.059969909489154816,0.0,0.0,0.00043463706970214844,0.0,0.3004346489906311,0.11093788594007492,0.0649753138422966,0.6802951693534851,0.5668228268623352,0.0,0.0,0.0,0.0,0.0,0.0,0.0,0.0,1.0,0.0,0.09120117872953415,0.299038290977478,0.35244518518447876,0.02241971343755722,0.0,0.12328711152076721,0.12115800380706787,0.12115800380706787,0.1994100958108902,0.1445644646883011,-1.2257356241107686e-10,0.0,0.0,4.178359031677246,4.178359031677246,2.2772538661956787,2.2772538661956787,0.8858615756034851,0.0,0.0,0.0,0.0,0.3004346489906311,0.13478796184062958,0.018492890521883965,0.8944244384765625,0.5668228268623352,0.08134191483259201,2.2572121620178223,2.282808303833008,2.2772538661956787,2.2102773189544678,2.2428414821624756,0.14587271213531494,0.055011313408613205,1.0,2.3297150135040283,2.3286070823669434,2.299375534057617,0.0,0.0,0.0,0.0,0.0,0.0,0.0,,,,,,,,,,,,,,,,,0.00025
43,14260,train,0.02702702023088932,0.10458196699619293,0.10781704634428024,0.0,0.006614716723561287,0.006614716723561287,0.0,3.4769983291625977,9.999999747378752e-05,0.029999999329447746,0.029999999329447746,0.029999999329447746,0.0010000000474974513,0.0010000000474974513,0.054691821336746216,0.011585593223571777,0.0,0.0,0.0,0.0,-1.6621795892715454,-1.6621795892715454,1.0,-1.6621795892715454,0.0,-4.352277755737305,2.4289960861206055,1.0,0.054691821336746216,1.0,0.0,0.0,0.054691821336746216,0.0,0.0,0.011585593223571777,0.0,0.2884144186973572,0.10615058243274689,0.07408779859542847,0.6846567392349243,0.5546525120735168,0.0,0.0,0.0,0.0,0.0,0.0,0.0,0.0,1.0,0.0,0.08381515741348267,0.31004858016967773,0.3673432469367981,0.023889616131782532,0.0,0.10781704634428024,0.10458196699619293,0.10458196699619293,0.19148604571819305,0.10411597043275833,7.737231966231661e-10,0.0,0.0,3.994771957397461,3.994771957397461,2.354133129119873,2.354133129119873,0.807476818561554,0.0,0.0,0.0,0.0,0.2884144186973572,0.13575179874897003,0.005218197125941515,0.8958539366722107,0.5546525120735168,0.07331495732069016,2.318234443664551,2.3693838119506836,2.354133129119873,2.4118688106536865,2.4289960861206055,0.1549088954925537,0.05761777237057686,1.0,2.511929512023926,2.474956512451172,2.4881081581115723,0.0,0.0,0.0,0.0,0.0,0.0,0.0,,,,,,,,,,,,,,,,,0.00025
43,14280,train,0.0247895959764719,0.10589265823364258,0.10897365212440491,0.0,0.006344090215861797,0.006344090215861797,0.0,3.5093464851379395,9.999999747378752e-05,0.029999999329447746,0.029999999329447746,0.029999999329447746,0.0010000000474974513,0.0010000000474974513,0.06321768462657928,0.0029529035091400146,0.0,0.0,0.0,0.0,-1.725087285041809,-1.725087285041809,1.0,-1.725087285041809,0.0,-4.421649932861328,2.3815176486968994,1.0,0.06321768462657928,1.0,0.0,0.0,0.06321768462657928,0.0,0.0,0.0029529035091400146,0.0,0.30295291543006897,0.11348776519298553,0.0726051926612854,0.7320899963378906,0.5688363909721375,0.0,0.0,0.0,0.0,0.0,0.0,0.0,0.0,1.0,0.0,0.09120208770036697,0.30281519889831543,0.3598029613494873,0.02312741056084633,0.0,0.10897365212440491,0.10589265823364258,0.10589265823364258,0.18586459755897522,0.1221863180398941,3.1759339602643877e-10,0.0,0.0,4.067300796508789,4.067300796508789,2.324805498123169,2.324805498123169,0.8083814978599548,0.0,0.0,0.0,0.0,0.30295291543006897,0.13559985160827637,0.006792350206524134,0.9361538887023926,0.5688363909721375,0.08062194287776947,2.290109395980835,2.3353652954101562,2.324805498123169,2.3457624912261963,2.3815176486968994,0.1488308608531952,0.05625182390213013,1.0,2.278441905975342,2.2382454872131348,2.2598776817321777,0.0,0.0,0.0,0.0,0.0,0.0,0.0,,,,,,,,,,,,,,,,,0.00025
43,14300,train,0.03543885052204132,0.11603139340877533,0.11878519505262375,0.0,0.00692094536498189,0.00692094536498189,0.0,3.530621290206909,9.999999747378752e-05,0.029999999329447746,0.029999999329447746,0.029999999329447746,0.0010000000474974513,0.0010000000474974513,0.06378738582134247,0.0012954771518707275,0.0,0.0,0.0,0.0,-1.7495893239974976,-1.7495893239974976,1.0,-1.7495893239974976,0.0,-4.483345031738281,2.2493598461151123,1.0,0.06378738582134247,1.0,0.0,0.0,0.06378738582134247,0.0,0.0,0.0012954771518707275,0.0,0.3012954890727997,0.08802103996276855,0.07711489498615265,0.6670555472373962,0.5802267789840698,0.0,0.0,0.0,0.0,0.0,0.0,0.0,0.0,1.0,0.0,0.09125278145074844,0.30633679032325745,0.3481537103652954,0.02230728603899479,0.0,0.11878519505262375,0.11603139340877533,0.11603139340877533,0.2268678992986679,0.17171095311641693,-5.567180050292109e-10,0.0,0.0,4.206246376037598,4.206246376037598,2.249791145324707,2.249791145324707,1.0113131999969482,0.0,0.0,0.0,0.0,0.3012954890727997,0.11347154527902603,0.011284008622169495,0.8560715913772583,0.5802267789840698,0.04600184038281441,2.2290468215942383,2.255962371826172,2.249791145324707,2.2283265590667725,2.2493598461151123,0.14742568135261536,0.05404697358608246,1.0,2.3219730854034424,2.259742259979248,2.2228264808654785,0.0,0.0,0.0,0.0,0.0,0.0,0.0,,,,,,,,,,,,,,,,,0.00025
43,14320,train,0.01678680256009102,0.09935101121664047,0.10260628163814545,0.0,0.006267999764531851,0.006267999764531851,0.0,3.5194320678710938,9.999999747378752e-05,0.029999999329447746,0.029999999329447746,0.029999999329447746,0.0010000000474974513,0.0010000000474974513,0.05764080956578255,0.007619410753250122,0.0,0.0,0.0,0.0,-1.72817862033844,-1.72817862033844,1.0,-1.72817862033844,0.0,-4.43117094039917,2.288839817047119,1.0,0.05764080956578255,1.0,0.0,0.0,0.05764080956578255,0.0,0.0,0.007619410753250122,0.0,0.2923806309700012,0.11178851127624512,0.08061130344867706,0.6948913335800171,0.5583655834197998,0.0,0.0,0.0,0.0,0.0,0.0,0.0,0.0,1.0,0.0,0.08628388494253159,0.31001362204551697,0.36045587062835693,0.022881895303726196,0.0,0.10260628163814545,0.09935101121664047,0.09935101121664047,0.18758058547973633,0.11728767305612564,-4.879266435331431e-10,0.0,0.0,4.102896213531494,4.102896213531494,2.312619686126709,2.312619686126709,0.8083215951919556,0.0,0.0,0.0,0.0,0.29238060116767883,0.1350734978914261,0.011930334381759167,0.8652654886245728,0.5583655834197998,0.07178309559822083,2.2741858959198,2.325043201446533,2.312619686126709,2.2388007640838623,2.288839817047119,0.14863422513008118,0.05788196250796318,1.0,2.3634228706359863,2.3023343086242676,2.2908830642700195,0.0,0.0,0.0,0.0,0.0,0.0,0.0,,,,,,,,,,,,,,,,,0.00025
43,14340,train,0.029022730886936188,0.10956989228725433,0.11165647208690643,0.0,0.0058694095350801945,0.0058694095350801945,0.0,3.4883227348327637,9.999999747378752e-05,0.029999999329447746,0.029999999329447746,0.029999999329447746,0.0010000000474974513,0.0010000000474974513,0.061394304037094116,0.011295467615127563,0.0,0.0,0.0,0.0,-1.7246010303497314,-1.7246010303497314,1.0,-1.7246010303497314,0.0,-4.449492454528809,2.2989985942840576,1.0,0.061394304037094116,1.0,0.0,0.0,0.061394304037094116,0.0,0.0,0.011295467615127563,0.0,0.3112954795360565,0.11709814518690109,0.06605644524097443,0.6981625556945801,0.5716606974601746,0.0,0.0,0.0,0.0,0.0,0.0,0.0,0.0,1.0,0.0,0.09333419799804688,0.30726122856140137,0.3505595028400421,0.02338869497179985,0.0,0.11165647208690643,0.10956989228725433,0.10956989228725433,0.17920972406864166,0.11571846157312393,1.0660949900653804e-10,0.0,0.0,4.1248321533203125,4.124831676483154,2.2826478481292725,2.2826478481292725,0.7866178750991821,0.0,0.0,0.0,0.0,0.3112954795360565,0.1407923847436905,0.0065837278962135315,0.8952124714851379,0.5716606974601746,0.09941789507865906,2.260545015335083,2.2890288829803467,2.2826478481292725,2.2835938930511475,2.2989985942840576,0.1387530118227005,0.05472360551357269,1.0,2.3951454162597656,2.2630248069763184,2.339961528778076,0.0,0.0,0.0,0.0,0.0,0.0,0.0,,,,,,,,,,,,,,,,,0.00025
43,14360,train,0.03093009814620018,0.1117306724190712,0.11471433937549591,0.0,0.006968308240175247,0.006968308240175247,0.0,3.519913911819458,9.999999747378752e-05,0.029999999329447746,0.029999999329447746,0.029999999329447746,0.0010000000474974513,0.0010000000474974513,0.0630764588713646,0.0167941153049469,0.0,0.0,0.0,0.0,-1.739739179611206,-1.739739179611206,1.0,-1.739739179611206,0.0,-4.475998401641846,2.227644920349121,1.0,0.0630764588713646,1.0,0.0,0.0,0.0630764588713646,0.0,0.0,0.0167941153049469,0.0,0.31679412722587585,0.11183343827724457,0.06686028838157654,0.7762889862060547,0.5779082775115967,0.0,0.0,0.0,0.0,0.0,0.0,0.0,0.0,1.0,0.0,0.08498696982860565,0.30549752712249756,0.34585386514663696,0.022689351812005043,0.0,0.11471433937549591,0.1117306724190712,0.1117306724190712,0.19813981652259827,0.1459747552871704,-2.3570212448476013e-10,0.0,0.0,4.115903854370117,4.115903854370117,2.227553129196167,2.227553129196167,0.865146279335022,0.0,0.0,0.0,0.0,0.31679412722587585,0.1386355310678482,0.005100747104734182,0.9278779029846191,0.5779082775115967,0.0976562574505806,2.212827205657959,2.235626697540283,2.227553129196167,2.2092885971069336,2.227644920349121,0.1478365659713745,0.054887235164642334,1.0,2.330624580383301,2.3040313720703125,2.2915918827056885,0.0,0.0,0.0,0.0,0.0,0.0,0.0,,,,,,,,,,,,,,,,,0.00025
43,14362,train_epoch,0.030459750948395738,0.11091742033283868,0.1137019274254402,0.0,0.006497737338130702,0.006497737338130702,0.0,3.5109242379308463,9.999999747378752e-05,0.029999999329447746,0.029999999329447746,0.029999999329447746,0.0010000000474974513,0.0010000000474974513,0.06230393110099667,0.010209367303791161,0.0,0.0,0.0,0.0,-1.730276592477353,-1.730276592477353,1.0,-1.730276592477353,0.0,-4.450926496597107,2.300157658354251,1.0,0.06230393110099667,1.0,0.0,0.0,0.06230393110099667,0.0,0.0,0.010209367303791161,0.0,0.2999210293421488,0.10480458144388513,0.07316190647909385,0.7096575337969614,0.5687754168481884,0.0,0.0,0.0,0.0,0.0,0.0,0.0,0.0,1.0,0.0,0.09264183834105909,0.3055767176037063,0.3531026410128542,0.022901946494723865,0.0,0.1137019274254402,0.11091742033283868,0.11091742033283868,0.1988902523399827,0.13611021466151682,-5.757764500620732e-12,0.0,0.0,4.0949439866814075,4.094943982398439,2.2829068392336724,2.2829068392336724,0.8669860757396607,0.0,0.0,0.0,0.0,0.2999210247022663,0.1297680802955599,0.008735229999794552,0.8929086923599243,0.5687754168481884,0.07169870240334979,2.259750203458135,2.2896791046964906,2.2829068392336724,2.2744914407501677,2.300157658354251,0.1463164245475552,0.05549248098256345,1.0,2.2666555186231694,2.266187837023935,2.266616732060552,0.0,0.0,0.0,0.0,0.0,0.0,0.0,,,,,,,,,,,,,,,,,0.00025
43,14362,val,,,,,,,,,,,,,,,,,,,,,,,,,,,,,,,,,,,,,,,,,,,,,,,,,,,,,,,,,,,,,,,,,,,,,,,,,,,,,,,,,,,,,,,,,,,,,,,,,,,16.30838834917223,683.1095582429353,26.13636467152491,12.032601317843875,15.471961463893855,24.344504297548866,11.56376583511765,16.257488108970023,26.08903454637369,11.863811901023796,17.793786800659454,28.94061493404331,12.610193265450967,16.30838834917223,26.13636467152491,12.032601317843875,0.00025
44,14380,train,0.030402839183807373,0.11094652116298676,0.11386405676603317,0.0,0.007018206175416708,0.007018206175416708,0.0,3.493628978729248,9.999999747378752e-05,0.029999999329447746,0.029999999329447746,0.029999999329447746,0.0010000000474974513,0.0010000000474974513,0.06345159560441971,0.0019964873790740967,0.0,0.0,0.0,0.0,-1.7323640584945679,-1.7323640584945679,1.0,-1.7323640584945679,0.0,-4.441277980804443,2.2896997928619385,1.0,0.06345159560441971,1.0,0.0,0.0,0.06345159560441971,0.0,0.0,0.0019964873790740967,0.0,0.30199649930000305,0.11882732808589935,0.03919466212391853,0.7737526297569275,0.5649515986442566,0.0,0.0,0.0,0.0,0.0,0.0,0.0,0.0,1.0,0.0,0.08920761197805405,0.3111445903778076,0.3485848307609558,0.02324589341878891,0.0,0.11386405676603317,0.11094652116298676,0.11094652116298676,0.20508916676044464,0.13711266219615936,-2.424391520872149e-10,0.0,0.0,4.082599639892578,4.082599639892578,2.2529892921447754,2.2529892921447754,0.8961361050605774,0.0,0.0,0.0,0.0,0.30199649930000305,0.13887780904769897,0.0045943125151097775,0.8994917869567871,0.5649515986442566,0.08114277571439743,2.239955186843872,2.255507469177246,2.2529892921447754,2.2760562896728516,2.2896997928619385,0.14523690938949585,0.05338648334145546,1.0,2.245720863342285,2.2588441371917725,2.27082896232605,0.0,0.0,0.0,0.0,0.0,0.0,0.0,,,,,,,,,,,,,,,,,0.00025
44,14400,train,0.022138480097055435,0.10298903286457062,0.1052604392170906,0.0,0.0059189945459365845,0.0059189945459365845,0.0,3.4794397354125977,9.999999747378752e-05,0.029999999329447746,0.029999999329447746,0.029999999329447746,0.0010000000474974513,0.0010000000474974513,0.06438691169023514,0.0017247796058654785,0.0,0.0,0.0,0.0,-1.708237886428833,-1.708237886428833,1.0,-1.708237886428833,0.0,-4.413097858428955,2.43168568611145,1.0,0.06438691169023514,1.0,0.0,0.0,0.06438691169023514,0.0,0.0,0.0017247796058654785,0.0,0.30172479152679443,0.11581790447235107,0.05261809751391411,0.7412359118461609,0.564676821231842,0.0,0.0,0.0,0.0,0.0,0.0,0.0,0.0,1.0,0.0,0.10069690644741058,0.3003111481666565,0.3697130084037781,0.023914238438010216,0.0,0.1052604392170906,0.10298903286457062,0.10298903286457062,0.18423837423324585,0.09975650906562805,-2.6885291215528184e-10,0.0,0.0,4.026888370513916,4.026888370513916,2.410425901412964,2.410425901412964,0.7940105199813843,0.0,0.0,0.0,0.0,0.30172479152679443,0.13959355652332306,0.010602203197777271,0.8882683515548706,0.564676821231842,0.090333953499794,2.372875928878784,2.420109748840332,2.410425901412964,2.4129834175109863,2.43168568611145,0.1459776908159256,0.05699772760272026,1.0,2.264674425125122,2.2625732421875,2.2792422771453857,0.0,0.0,0.0,0.0,0.0,0.0,0.0,,,,,,,,,,,,,,,,,0.00025
44,14420,train,0.022937007248401642,0.10374616831541061,0.10641435533761978,0.0,0.006450778339058161,0.006450778339058161,0.0,3.532193899154663,9.999999747378752e-05,0.029999999329447746,0.029999999329447746,0.029999999329447746,0.0010000000474974513,0.0010000000474974513,0.05764499306678772,0.019811809062957764,0.0,0.0,0.0,0.0,-1.7119371891021729,-1.7119371891021729,1.0,-1.7119371891021729,0.0,-4.393359661102295,2.37502384185791,1.0,0.05764499306678772,1.0,0.0,0.0,0.05764499306678772,0.0,0.0,0.019811809062957764,0.0,0.2801882028579712,0.0954546108841896,0.06585171073675156,0.6720293760299683,0.5554332137107849,0.0,0.0,0.0,0.0,0.0,0.0,0.0,0.0,1.0,0.0,0.09205988049507141,0.3067748546600342,0.35951000452041626,0.02251468040049076,0.0,0.10641435533761978,0.10374616831541061,0.10374616831541061,0.19092820584774017,0.1174435168504715,1.7022636078500852e-10,0.0,0.0,4.0156025886535645,4.0156025886535645,2.325532913208008,2.325532913208008,0.817992091178894,0.0,0.0,0.0,0.0,0.2801882028579712,0.12076153606176376,0.006103304214775562,0.8481976985931396,0.5554332137107849,0.04540441557765007,2.301316022872925,2.3320388793945312,2.325532913208008,2.3343634605407715,2.37502384185791,0.1494198441505432,0.05713742971420288,1.0,2.271437644958496,2.265892744064331,2.247877836227417,0.0,0.0,0.0,0.0,0.0,0.0,0.0,,,,,,,,,,,,,,,,,0.00025
44,14440,train,0.030700206756591797,0.11085131764411926,0.11430161446332932,0.0,0.006569188088178635,0.006569188088178635,0.0,3.5400736331939697,9.999999747378752e-05,0.029999999329447746,0.029999999329447746,0.029999999329447746,0.0010000000474974513,0.0010000000474974513,0.061107270419597626,0.004777193069458008,0.0,0.0,0.0,0.0,-1.727139949798584,-1.727139949798584,1.0,-1.727139949798584,0.0,-4.457462310791016,2.3192484378814697,1.0,0.061107270419597626,1.0,0.0,0.0,0.061107270419597626,0.0,0.0,0.004777193069458008,0.0,0.29522281885147095,0.10560296475887299,0.07758613675832748,0.7076501846313477,0.562492847442627,0.0,0.0,0.0,0.0,0.0,0.0,0.0,0.0,1.0,0.0,0.0911298468708992,0.30692267417907715,0.354530930519104,0.022218193858861923,0.0,0.11430161446332932,0.11085131764411926,0.11085131764411926,0.20976930856704712,0.14644023776054382,-2.3617813260656817e-10,0.0,0.0,4.132384300231934,4.132384300231934,2.2916910648345947,2.2916910648345947,0.9206326007843018,0.0,0.0,0.0,0.0,0.29522281885147095,0.13408076763153076,0.0066055478528141975,0.9301350712776184,0.562492847442627,0.07809437066316605,2.2633142471313477,2.298022985458374,2.2916910648345947,2.284705877304077,2.3192484378814697,0.14914953708648682,0.05463435500860214,1.0,2.267017364501953,2.317227840423584,2.2973408699035645,0.0,0.0,0.0,0.0,0.0,0.0,0.0,,,,,,,,,,,,,,,,,0.00025
44,14460,train,0.032401103526353836,0.1129857525229454,0.11643081158399582,0.0,0.006374245975166559,0.006374245975166559,0.0,3.525386333465576,9.999999747378752e-05,0.029999999329447746,0.029999999329447746,0.029999999329447746,0.0010000000474974513,0.0010000000474974513,0.058151572942733765,0.0037895143032073975,0.0,0.0,0.0,0.0,-1.7412751913070679,-1.7412751913070679,1.0,-1.7412751913070679,0.0,-4.465481758117676,2.2008674144744873,1.0,0.058151572942733765,1.0,0.0,0.0,0.058151572942733765,0.0,0.0,0.0037895143032073975,0.0,0.29621049761772156,0.10933714359998703,0.0723695382475853,0.6627999544143677,0.5636593699455261,0.0,0.0,0.0,0.0,0.0,0.0,0.0,0.0,1.0,0.0,0.08751992881298065,0.3006896674633026,0.34125596284866333,0.022380072623491287,0.0,0.11643081158399582,0.1129857525229454,0.1129857525229454,0.22058366239070892,0.1724919080734253,8.905038373363539e-10,0.0,0.0,4.143224239349365,4.143224239349365,2.1832354068756104,2.1832354068756104,0.962591290473938,0.0,0.0,0.0,0.0,0.29621049761772156,0.1327887922525406,0.011076077818870544,0.8428096771240234,0.5636593699455261,0.07388174533843994,2.1861352920532227,2.1834194660186768,2.1832354068756104,2.166635751724243,2.2008674144744873,0.14998841285705566,0.05370982736349106,1.0,2.24086594581604,2.3075833320617676,2.324479818344116,0.0,0.0,0.0,0.0,0.0,0.0,0.0,,,,,,,,,,,,,,,,,0.00025
44,14480,train,0.02859637700021267,0.10937371850013733,0.11174389719963074,0.0,0.006496853195130825,0.006496853195130825,0.0,3.4895079135894775,9.999999747378752e-05,0.029999999329447746,0.029999999329447746,0.029999999329447746,0.0010000000474974513,0.0010000000474974513,0.06186962127685547,0.011275947093963623,0.0,0.0,0.0,0.0,-1.7290520668029785,-1.7290520668029785,1.0,-1.7290520668029785,0.0,-4.445772171020508,2.327430009841919,1.0,0.06186962127685547,1.0,0.0,0.0,0.06186962127685547,0.0,0.0,0.011275947093963623,0.0,0.31127601861953735,0.10906662046909332,0.07927258312702179,0.7498306035995483,0.5761299729347229,0.0,0.0,0.0,0.0,0.0,0.0,0.0,0.0,1.0,0.0,0.09897395968437195,0.3093614876270294,0.36016443371772766,0.02368089184165001,0.0,0.11174389719963074,0.10937371850013733,0.10937371850013733,0.2122778594493866,0.14572615921497345,3.303406159727018e-10,0.0,0.0,4.133155822753906,4.133155822753906,2.3309316635131836,2.3309316635131836,0.9342527389526367,0.0,0.0,0.0,0.0,0.3112759590148926,0.13543075323104858,0.01721981167793274,0.9379956126213074,0.5761299729347229,0.08809743076562881,2.303318500518799,2.3420116901397705,2.3309316635131836,2.2974789142608643,2.327430009841919,0.14830590784549713,0.056279413402080536,1.0,2.270618438720703,2.2523744106292725,2.246593475341797,0.0,0.0,0.0,0.0,0.0,0.0,0.0,,,,,,,,,,,,,,,,,0.00025
44,14500,train,0.04296432062983513,0.12051599472761154,0.1233750581741333,0.0,0.0068526435643434525,0.0068526435643434525,0.0,3.508476495742798,9.999999747378752e-05,0.029999999329447746,0.029999999329447746,0.029999999329447746,0.0010000000474974513,0.0010000000474974513,0.06152600049972534,0.0010225474834442139,0.0,0.0,0.0,0.0,-1.7140945196151733,-1.7140945196151733,1.0,-1.7140945196151733,0.0,-4.4413652420043945,2.2492170333862305,1.0,0.06152600049972534,1.0,0.0,0.0,0.06152600049972534,0.0,0.0,0.0010225474834442139,0.0,0.3010225296020508,0.0994376391172409,0.06249990314245224,0.7040517330169678,0.5711904764175415,0.0,0.0,0.0,0.0,0.0,0.0,0.0,0.0,1.0,0.0,0.09048397094011307,0.3064931035041809,0.35158592462539673,0.023083236068487167,0.0,0.1233750581741333,0.12051599472761154,0.12051599472761154,0.2112613469362259,0.16316120326519012,2.4404551296486332e-11,0.0,0.0,4.149909496307373,4.149909496307373,2.259061574935913,2.259061574935913,0.933770477771759,0.0,0.0,0.0,0.0,0.30102255940437317,0.12767475843429565,0.006080383434891701,0.8814440965652466,0.5711904764175415,0.06709559261798859,2.247453451156616,2.263531446456909,2.259061574935913,2.2239410877227783,2.2492170333862305,0.1550002098083496,0.05552736297249794,1.0,2.411515474319458,2.2730321884155273,2.2686758041381836,0.0,0.0,0.0,0.0,0.0,0.0,0.0,,,,,,,,,,,,,,,,,0.00025
44,14520,train,0.03538298234343529,0.11663086712360382,0.11925671249628067,0.0,0.00652680778875947,0.00652680778875947,0.0,3.5384092330932617,9.999999747378752e-05,0.029999999329447746,0.029999999329447746,0.029999999329447746,0.0010000000474974513,0.0010000000474974513,0.05978291481733322,0.020350247621536255,0.0,0.0,0.0,0.0,-1.7621502876281738,-1.7621502876281738,1.0,-1.7621502876281738,0.0,-4.506307601928711,2.230804920196533,1.0,0.05978291481733322,1.0,0.0,0.0,0.05978291481733322,0.0,0.0,0.020350247621536255,0.0,0.3203502595424652,0.09708734601736069,0.09513974189758301,0.689400315284729,0.5906404256820679,0.0,0.0,0.0,0.0,0.0,0.0,0.0,0.0,1.0,0.0,0.0857282280921936,0.2974635362625122,0.3398258686065674,0.022144202142953873,0.0,0.11925671249628067,0.11663086712360382,0.11663086712360382,0.2103356271982193,0.1631019115447998,2.65482552608276e-10,0.0,0.0,4.165458679199219,4.165458679199219,2.2076377868652344,2.2076377868652344,0.9283615350723267,0.0,0.0,0.0,0.0,0.3203502595424652,0.12358022481203079,0.00819340255111456,0.8678598403930664,0.5906404256820679,0.0796109139919281,2.203918933868408,2.2077620029449463,2.2076377868652344,2.214933395385742,2.230804920196533,0.1419314742088318,0.052554938942193985,1.0,2.2527196407318115,2.2295689582824707,2.2018370628356934,0.0,0.0,0.0,0.0,0.0,0.0,0.0,,,,,,,,,,,,,,,,,0.00025
44,14540,train,0.023881951346993446,0.10490773618221283,0.1080475002527237,0.0,0.0061812251806259155,0.0061812251806259155,0.0,3.5036685466766357,9.999999747378752e-05,0.029999999329447746,0.029999999329447746,0.029999999329447746,0.0010000000474974513,0.0010000000474974513,0.06756509840488434,0.014974653720855713,0.0,0.0,0.0,0.0,-1.7208937406539917,-1.7208937406539917,1.0,-1.7208937406539917,0.0,-4.431519508361816,2.3878519535064697,1.0,0.06756509840488434,1.0,0.0,0.0,0.06756509840488434,0.0,0.0,0.014974653720855713,0.0,0.28502538800239563,0.09956701844930649,0.08028560876846313,0.6982302069664001,0.5583999156951904,0.0,0.0,0.0,0.0,0.0,0.0,0.0,0.0,1.0,0.0,0.0974469929933548,0.3073466718196869,0.3653486669063568,0.02348337508738041,0.0,0.1080475002527237,0.10490773618221283,0.10490773618221283,0.1953696757555008,0.11000985652208328,8.577617782723479e-11,0.0,0.0,4.089748859405518,4.089748859405518,2.3748655319213867,2.3748655319213867,0.8533095717430115,0.0,0.0,0.0,0.0,0.28502535820007324,0.1250806599855423,0.012825578451156616,0.8948360085487366,0.5583999156951904,0.05666360631585121,2.349622964859009,2.3840198516845703,2.3748655319213867,2.3668689727783203,2.3878519535064697,0.14790548384189606,0.057588186115026474,1.0,2.2738261222839355,2.290341377258301,2.2398605346679688,0.0,0.0,0.0,0.0,0.0,0.0,0.0,,,,,,,,,,,,,,,,,0.00025
44,14560,train,0.02141566015779972,0.10184728354215622,0.10450959950685501,0.0,0.0061960602179169655,0.0061960602179169655,0.0,3.49562668800354,9.999999747378752e-05,0.029999999329447746,0.029999999329447746,0.029999999329447746,0.0010000000474974513,0.0010000000474974513,0.05794120579957962,0.00577583909034729,0.0,0.0,0.0,0.0,-1.6988784074783325,-1.6988784074783325,1.0,-1.6988784074783325,0.0,-4.370220184326172,2.386319398880005,1.0,0.05794120579957962,1.0,0.0,0.0,0.05794120579957962,0.0,0.0,0.00577583909034729,0.0,0.30577585101127625,0.10794463753700256,0.10503601282835007,0.7140464186668396,0.571509063243866,0.0,0.0,0.0,0.0,0.0,0.0,0.0,0.0,1.0,0.0,0.08908990770578384,0.31072619557380676,0.3585180640220642,0.023500533774495125,0.0,0.10450959950685501,0.10184728354215622,0.10184728354215622,0.17752070724964142,0.10108949989080429,-2.302363300010768e-10,0.0,0.0,4.0211567878723145,4.0211567878723145,2.3220365047454834,2.3220365047454834,0.7660728096961975,0.0,0.0,0.0,0.0,0.30577585101127625,0.13550251722335815,0.019649630412459373,0.9020500183105469,0.571509063243866,0.08886336535215378,2.2937002182006836,2.332674264907837,2.3220365047454834,2.348473072052002,2.386319398880005,0.14702388644218445,0.057229749858379364,1.0,2.3743138313293457,2.3614859580993652,2.396646738052368,0.0,0.0,0.0,0.0,0.0,0.0,0.0,,,,,,,,,,,,,,,,,0.00025
44,14580,train,0.02977338433265686,0.11168026179075241,0.11471079289913177,0.0,0.00646216468885541,0.00646216468885541,0.0,3.5422356128692627,9.999999747378752e-05,0.029999999329447746,0.029999999329447746,0.029999999329447746,0.0010000000474974513,0.0010000000474974513,0.06213725730776787,0.008377492427825928,0.0,0.0,0.0,0.0,-1.7577940225601196,-1.7577940225601196,1.0,-1.7577940225601196,0.0,-4.498500347137451,2.289968729019165,1.0,0.06213725730776787,1.0,0.0,0.0,0.06213725730776787,0.0,0.0,0.008377492427825928,0.0,0.3083775043487549,0.10129991173744202,0.07028210163116455,0.6912524700164795,0.5775377154350281,0.0,0.0,0.0,0.0,0.0,0.0,0.0,0.0,1.0,0.0,0.08928310126066208,0.2929447293281555,0.34548431634902954,0.022147370502352715,0.0,0.11471079289913177,0.11168026179075241,0.11168026179075241,0.18835413455963135,0.12062529474496841,4.331831282566867e-10,0.0,0.0,4.0324296951293945,4.0324296951293945,2.2609853744506836,2.2609853744506836,0.8101999163627625,0.0,0.0,0.0,0.0,0.3083775043487549,0.1291304975748062,0.00137579336296767,0.902809202671051,0.5775377154350281,0.07881434261798859,2.227046489715576,2.271378755569458,2.2609853744506836,2.2875421047210693,2.289968729019165,0.1358524113893509,0.05315505713224411,1.0,2.1139588356018066,2.2179133892059326,2.2446374893188477,0.0,0.0,0.0,0.0,0.0,0.0,0.0,,,,,,,,,,,,,,,,,0.00025
44,14600,train,0.042272213846445084,0.12022111564874649,0.12462850660085678,0.0,0.0071888091042637825,0.0071888091042637825,0.0,3.5446043014526367,9.999999747378752e-05,0.029999999329447746,0.029999999329447746,0.029999999329447746,0.0010000000474974513,0.0010000000474974513,0.05992377549409866,0.02521708607673645,0.0,0.0,0.0,0.0,-1.725497841835022,-1.725497841835022,1.0,-1.725497841835022,0.0,-4.455871105194092,2.1748905181884766,1.0,0.05992377549409866,1.0,0.0,0.0,0.05992377549409866,0.0,0.0,0.02521708607673645,0.0,0.2747829258441925,0.10815861821174622,0.050878118723630905,0.7227203845977783,0.5408846735954285,0.0,0.0,0.0,0.0,0.0,0.0,0.0,0.0,1.0,0.0,0.08422534167766571,0.3087557852268219,0.34353286027908325,0.02200416661798954,0.0,0.12462850660085678,0.12022111564874649,0.12022111564874649,0.21604807674884796,0.1760369837284088,-2.1270095407199818e-10,0.0,0.0,4.148562431335449,4.148561954498291,2.1793806552886963,2.1793806552886963,0.9512937664985657,0.0,0.0,0.0,0.0,0.2747829258441925,0.134961798787117,0.00428418442606926,0.9311374425888062,0.5408846735954285,0.060202211141586304,2.1766648292541504,2.1800901889801025,2.1793806552886963,2.152251958847046,2.1748905181884766,0.15237963199615479,0.05416261404752731,1.0,2.2807204723358154,2.2665622234344482,2.3142173290252686,0.0,0.0,0.0,0.0,0.0,0.0,0.0,,,,,,,,,,,,,,,,,0.00025
44,14620,train,0.021185385063290596,0.10373291373252869,0.10685565322637558,0.0,0.006150855217128992,0.006150855217128992,0.0,3.5037214756011963,9.999999747378752e-05,0.029999999329447746,0.029999999329447746,0.029999999329447746,0.0010000000474974513,0.0010000000474974513,0.06472235918045044,0.008605599403381348,0.0,0.0,0.0,0.0,-1.742114782333374,-1.742114782333374,1.0,-1.742114782333374,0.0,-4.469377040863037,2.2701382637023926,1.0,0.06472235918045044,1.0,0.0,0.0,0.06472235918045044,0.0,0.0,0.008605599403381348,0.0,0.29139444231987,0.0963425263762474,0.0713038295507431,0.6880908012390137,0.5641912221908569,0.0,0.0,0.0,0.0,0.0,0.0,0.0,0.0,1.0,0.0,0.10059267282485962,0.31549760699272156,0.3518441915512085,0.023187149316072464,0.0,0.10685565322637558,0.10373291373252869,0.10373291373252869,0.1948275864124298,0.12693703174591064,-1.8973349280582141e-10,0.0,0.0,4.068202018737793,4.068202018737793,2.2865612506866455,2.2865612506866455,0.8410511016845703,0.0,0.0,0.0,0.0,0.2913944125175476,0.1253913789987564,0.00996057316660881,0.8964770436286926,0.5641912221908569,0.057077210396528244,2.2738704681396484,2.2936573028564453,2.2865612506866455,2.2507951259613037,2.2701382637023926,0.1457754522562027,0.056451138108968735,1.0,2.280424118041992,2.244011878967285,2.1976916790008545,0.0,0.0,0.0,0.0,0.0,0.0,0.0,,,,,,,,,,,,,,,,,0.00025
44,14640,train,0.03293616324663162,0.1117531806230545,0.11483142524957657,0.0,0.006822492461651564,0.006822492461651564,0.0,3.5088658332824707,9.999999747378752e-05,0.029999999329447746,0.029999999329447746,0.029999999329447746,0.0010000000474974513,0.0010000000474974513,0.0628071203827858,0.014191210269927979,0.0,0.0,0.0,0.0,-1.7069308757781982,-1.7069308757781982,1.0,-1.7069308757781982,0.0,-4.409622669219971,2.335062026977539,1.0,0.0628071203827858,1.0,0.0,0.0,0.0628071203827858,0.0,0.0,0.014191210269927979,0.0,0.285808801651001,0.10126480460166931,0.09056036919355392,0.6731624603271484,0.5596061944961548,0.0,0.0,0.0,0.0,0.0,0.0,0.0,0.0,1.0,0.0,0.09398496896028519,0.31702253222465515,0.3602331280708313,0.023143673315644264,0.0,0.11483142524957657,0.1117531806230545,0.1117531806230545,0.20430856943130493,0.14310859143733978,-1.603778221337393e-10,0.0,0.0,4.161136627197266,4.161136627197266,2.3215951919555664,2.3215951919555664,0.9076621532440186,0.0,0.0,0.0,0.0,0.285808801651001,0.12419473379850388,0.013780989684164524,0.8489153385162354,0.5596061944961548,0.05519301816821098,2.30588960647583,2.3266994953155518,2.3215951919555664,2.300400972366333,2.335062026977539,0.15237277746200562,0.05697827786207199,1.0,2.3303966522216797,2.237229347229004,2.235964298248291,0.0,0.0,0.0,0.0,0.0,0.0,0.0,,,,,,,,,,,,,,,,,0.00025
44,14660,train,0.03361274302005768,0.11183430254459381,0.1140863299369812,0.0,0.006303306668996811,0.006303306668996811,0.0,3.507845640182495,9.999999747378752e-05,0.029999999329447746,0.029999999329447746,0.029999999329447746,0.0010000000474974513,0.0010000000474974513,0.0608697310090065,0.007639557123184204,0.0,0.0,0.0,0.0,-1.6941204071044922,-1.6941204071044922,1.0,-1.6941204071044922,0.0,-4.390775680541992,2.3376173973083496,1.0,0.0608697310090065,1.0,0.0,0.0,0.0608697310090065,0.0,0.0,0.007639557123184204,0.0,0.29236045479774475,0.10218606144189835,0.08290842175483704,0.7161208391189575,0.5642289519309998,0.0,0.0,0.0,0.0,0.0,0.0,0.0,0.0,1.0,0.0,0.10002589970827103,0.3162265121936798,0.3648699223995209,0.02321621961891651,0.0,0.1140863299369812,0.11183430254459381,0.11183430254459381,0.2046414315700531,0.14862921833992004,-2.945634014484e-10,0.0,0.0,4.061078071594238,4.061078071594238,2.3403594493865967,2.3403594493865967,0.8813862800598145,0.0,0.0,0.0,0.0,0.29236045479774475,0.12608294188976288,0.005284115206450224,0.9060211777687073,0.5642289519309998,0.05620404705405235,2.3041799068450928,2.3514411449432373,2.3403594493865967,2.2981348037719727,2.3376173973083496,0.1556374579668045,0.05775007605552673,1.0,2.1699018478393555,2.171590805053711,2.170632839202881,0.0,0.0,0.0,0.0,0.0,0.0,0.0,,,,,,,,,,,,,,,,,0.00025
44,14680,train,0.02777276374399662,0.10894706845283508,0.11167620122432709,0.0,0.006496708374470472,0.006496708374470472,0.0,3.492583751678467,9.999999747378752e-05,0.029999999329447746,0.029999999329447746,0.029999999329447746,0.0010000000474974513,0.0010000000474974513,0.06293918192386627,0.0029476583003997803,0.0,0.0,0.0,0.0,-1.7353266477584839,-1.7353266477584839,1.0,-1.7353266477584839,0.0,-4.461432456970215,2.2408876419067383,1.0,0.06293918192386627,1.0,0.0,0.0,0.06293918192386627,0.0,0.0,0.0029476583003997803,0.0,0.30294767022132874,0.10121388733386993,0.06698017567396164,0.703056812286377,0.5738608241081238,0.0,0.0,0.0,0.0,0.0,0.0,0.0,0.0,1.0,0.0,0.09596487879753113,0.3099669814109802,0.35255110263824463,0.023374255746603012,0.0,0.11167620122432709,0.10894706845283508,0.10894706845283508,0.20780602097511292,0.1544664204120636,1.9500519254922466e-10,0.0,0.0,4.126628875732422,4.126628875732422,2.275620460510254,2.275620460510254,0.9126083254814148,0.0,0.0,0.0,0.0,0.30294767022132874,0.12715522944927216,0.004923162050545216,0.8820231556892395,0.5738608241081238,0.06885723769664764,2.254152297973633,2.2817840576171875,2.275620460510254,2.2110772132873535,2.2408876419067383,0.14718756079673767,0.05593874305486679,1.0,2.2384281158447266,2.2232775688171387,2.2101693153381348,0.0,0.0,0.0,0.0,0.0,0.0,0.0,,,,,,,,,,,,,,,,,0.00025
44,14696,train_epoch,0.030358654895830832,0.11076282033930995,0.11356633109693041,0.0,0.006493416724971936,0.006493416724971936,0.0,3.5131713972834056,9.999999747378752e-05,0.029999999329447746,0.029999999329447746,0.029999999329447746,0.0010000000474974513,0.0010000000474974513,0.06173629073905731,0.01026483567175037,0.0,0.0,0.0,0.0,-1.728925909824714,-1.728925909824714,1.0,-1.728925909824714,0.0,-4.448515532259456,2.3011068234186687,1.0,0.06173629073905731,1.0,0.0,0.0,0.06173629073905731,0.0,0.0,0.01026483567175037,0.0,0.2988918115814289,0.10519779799227229,0.07438229896618935,0.7141983029014336,0.5676556806007546,0.0,0.0,0.0,0.0,0.0,0.0,0.0,0.0,1.0,0.0,0.09179482838796998,0.3054052261178365,0.3533050708785028,0.022906782735741423,0.0,0.11356633109693041,0.11076282033930995,0.11076282033930995,0.20013358185212768,0.1382688979679596,-2.049649800090208e-11,0.0,0.0,4.101513742686746,4.101513753394167,2.285809531897128,2.285809531897128,0.8739221288772401,0.0,0.0,0.0,0.0,0.2988918089938021,0.130217467774888,0.009438843728798793,0.8951650308277792,0.5676556806007546,0.07251430480200016,2.263679018277608,2.2919647265337186,2.285809531897128,2.276768536624794,2.3011068234186687,0.14658974976596717,0.05532769535383778,1.0,2.26803352090413,2.265553801359531,2.2654112734480534,0.0,0.0,0.0,0.0,0.0,0.0,0.0,,,,,,,,,,,,,,,,,0.00025
44,14696,val,,,,,,,,,,,,,,,,,,,,,,,,,,,,,,,,,,,,,,,,,,,,,,,,,,,,,,,,,,,,,,,,,,,,,,,,,,,,,,,,,,,,,,,,,,,,,,,,,,,16.18805406329868,680.9666118449993,26.09533697511874,11.53024589263641,15.316798588177106,24.276125880410085,11.005509857658867,16.17833241900882,26.05863877321921,11.541177023638475,17.748640047537315,28.936311758530888,12.593967291685912,16.18805406329868,26.09533697511874,11.53024589263641,0.00025
45,14700,train,0.024608615785837173,0.10461106896400452,0.10728386044502258,0.0,0.006226182449609041,0.006226182449609041,0.0,3.4985406398773193,9.999999747378752e-05,0.029999999329447746,0.029999999329447746,0.029999999329447746,0.0010000000474974513,0.0010000000474974513,0.059633053839206696,0.006986796855926514,0.0,0.0,0.0,0.0,-1.7010414600372314,-1.7010414600372314,1.0,-1.7010414600372314,0.0,-4.392573833465576,2.3814752101898193,1.0,0.059633053839206696,1.0,0.0,0.0,0.059633053839206696,0.0,0.0,0.006986796855926514,0.0,0.29301324486732483,0.11231157183647156,0.08598774671554565,0.7119225263595581,0.5595781207084656,0.0,0.0,0.0,0.0,0.0,0.0,0.0,0.0,1.0,0.0,0.0919668897986412,0.3148413598537445,0.3565801978111267,0.02329787239432335,0.0,0.10728386044502258,0.10461106896400452,0.10461106896400452,0.1982513964176178,0.13569128513336182,-4.507571538248101e-10,0.0,0.0,4.091807842254639,4.091807842254639,2.326392650604248,2.326392650604248,0.8662064671516418,0.0,0.0,0.0,0.0,0.29301321506500244,0.13493598997592926,0.012701553292572498,0.8995684385299683,0.5595781207084656,0.07685355842113495,2.2979989051818848,2.334812641143799,2.326392650604248,2.3541853427886963,2.3814752101898193,0.14722132682800293,0.0562593936920166,1.0,2.338486909866333,2.26241397857666,2.266223430633545,0.0,0.0,0.0,0.0,0.0,0.0,0.0,,,,,,,,,,,,,,,,,0.00025
45,14720,train,0.025512540712952614,0.10526326298713684,0.10881397128105164,0.0,0.006327101960778236,0.006327101960778236,0.0,3.5305354595184326,9.999999747378752e-05,0.029999999329447746,0.029999999329447746,0.029999999329447746,0.0010000000474974513,0.0010000000474974513,0.0602976530790329,0.007693588733673096,0.0,0.0,0.0,0.0,-1.7020728588104248,-1.7020728588104248,1.0,-1.7020728588104248,0.0,-4.393406867980957,2.259507179260254,1.0,0.0602976530790329,1.0,0.0,0.0,0.0602976530790329,0.0,0.0,0.007693588733673096,0.0,0.29230642318725586,0.11482465267181396,0.05284367501735687,0.7048761248588562,0.5559753775596619,0.0,0.0,0.0,0.0,0.0,0.0,0.0,0.0,1.0,0.0,0.10074784606695175,0.31308507919311523,0.3629382848739624,0.02260526642203331,0.0,0.10881397128105164,0.10526326298713684,0.10526326298713684,0.2029762715101242,0.14400050044059753,-4.73797320821312e-11,0.0,0.0,4.0679521560668945,4.0679521560668945,2.3064210414886475,2.3064210414886475,0.8786597847938538,0.0,0.0,0.0,0.0,0.29230642318725586,0.1391552984714508,0.004417629446834326,0.8862656354904175,0.5559753775596619,0.08296569436788559,2.2932302951812744,2.310487985610962,2.3064210414886475,2.2213358879089355,2.259507179260254,0.15802672505378723,0.05945204198360443,1.0,2.279461145401001,2.2968392372131348,2.351374387741089,0.0,0.0,0.0,0.0,0.0,0.0,0.0,,,,,,,,,,,,,,,,,0.00025
45,14740,train,0.026596423238515854,0.10714753717184067,0.11045607179403305,0.0,0.0061431098729372025,0.0061431098729372025,0.0,3.522221803665161,9.999999747378752e-05,0.029999999329447746,0.029999999329447746,0.029999999329447746,0.0010000000474974513,0.0010000000474974513,0.05986132472753525,0.014520823955535889,0.0,0.0,0.0,0.0,-1.7208871841430664,-1.7208871841430664,1.0,-1.7208871841430664,0.0,-4.421036243438721,2.314885377883911,1.0,0.05986132472753525,1.0,0.0,0.0,0.05986132472753525,0.0,0.0,0.014520823955535889,0.0,0.28547918796539307,0.11264338344335556,0.0797569751739502,0.7414697408676147,0.5493416786193848,0.0,0.0,0.0,0.0,0.0,0.0,0.0,0.0,1.0,0.0,0.0913793072104454,0.3055438995361328,0.35646525025367737,0.02276032418012619,0.0,0.11045607179403305,0.10714753717184067,0.10714753717184067,0.17568764090538025,0.11017268896102905,-1.5957460353099862e-10,0.0,0.0,4.031607151031494,4.031607151031494,2.3055965900421143,2.3055965900421143,0.7588357329368591,0.0,0.0,0.0,0.0,0.28547918796539307,0.13949216902256012,0.0034206293057650328,0.9047963619232178,0.5493416786193848,0.07981005311012268,2.283757209777832,2.310927391052246,2.3055965900421143,2.2805371284484863,2.314885377883911,0.14714068174362183,0.057223740965127945,1.0,2.2008938789367676,2.2874574661254883,2.313404083251953,0.0,0.0,0.0,0.0,0.0,0.0,0.0,,,,,,,,,,,,,,,,,0.00025
45,14760,train,0.0384741835296154,0.11623883992433548,0.11887433379888535,0.0,0.006646877154707909,0.006646877154707909,0.0,3.5258936882019043,9.999999747378752e-05,0.029999999329447746,0.029999999329447746,0.029999999329447746,0.0010000000474974513,0.0010000000474974513,0.06609028577804565,0.01954713463783264,0.0,0.0,0.0,0.0,-1.7029526233673096,-1.7029526233673096,1.0,-1.7029526233673096,0.0,-4.4002556800842285,2.3037118911743164,1.0,0.06609028577804565,1.0,0.0,0.0,0.06609028577804565,0.0,0.0,0.01954713463783264,0.0,0.319547176361084,0.11591384559869766,0.07313002645969391,0.7819833159446716,0.5810446739196777,0.0,0.0,0.0,0.0,0.0,0.0,0.0,0.0,1.0,0.0,0.09395705163478851,0.30938857793807983,0.35617634654045105,0.022734440863132477,0.0,0.11887433379888535,0.11623883992433548,0.11623883992433548,0.21363049745559692,0.16118715703487396,1.7979678856860914e-10,0.0,0.0,4.174555778503418,4.174555778503418,2.289616823196411,2.289616823196411,0.9575682282447815,0.0,0.0,0.0,0.0,0.3195471465587616,0.13774560391902924,0.009802556596696377,0.9208517670631409,0.5810446739196777,0.09699755162000656,2.2747082710266113,2.2939112186431885,2.289616823196411,2.2640421390533447,2.3037118911743164,0.15091422200202942,0.05549267306923866,1.0,2.18591570854187,2.203704357147217,2.2319369316101074,0.0,0.0,0.0,0.0,0.0,0.0,0.0,,,,,,,,,,,,,,,,,0.00025
45,14780,train,0.028554720804095268,0.10845031589269638,0.11121512204408646,0.0,0.006705261301249266,0.006705261301249266,0.0,3.517897367477417,9.999999747378752e-05,0.029999999329447746,0.029999999329447746,0.029999999329447746,0.0010000000474974513,0.0010000000474974513,0.06746658682823181,0.009175091981887817,0.0,0.0,0.0,0.0,-1.7128037214279175,-1.7128037214279175,1.0,-1.7128037214279175,0.0,-4.418830871582031,2.367295503616333,1.0,0.06746658682823181,1.0,0.0,0.0,0.06746658682823181,0.0,0.0,0.009175091981887817,0.0,0.29082491993904114,0.10406619310379028,0.06913741677999496,0.694152295589447,0.5620676279067993,0.0,0.0,0.0,0.0,0.0,0.0,0.0,0.0,1.0,0.0,0.09635867923498154,0.3120775520801544,0.36866340041160583,0.023164577782154083,0.0,0.11121512204408646,0.10845031589269638,0.10845031589269638,0.19290727376937866,0.12524785101413727,-3.384285907070961e-10,0.0,0.0,4.12256383895874,4.12256383895874,2.385974645614624,2.385974645614624,0.8538306951522827,0.0,0.0,0.0,0.0,0.29082491993904114,0.12767153978347778,0.013757096603512764,0.8747779726982117,0.5620676279067993,0.06012561544775963,2.337045431137085,2.4005489349365234,2.385974645614624,2.3207316398620605,2.367295503616333,0.1503925323486328,0.05856682360172272,1.0,2.214265823364258,2.211808681488037,2.1977553367614746,0.0,0.0,0.0,0.0,0.0,0.0,0.0,,,,,,,,,,,,,,,,,0.00025
45,14800,train,0.028932062909007072,0.10867806524038315,0.11092212051153183,0.0,0.006276124157011509,0.006276124157011509,0.0,3.5276341438293457,9.999999747378752e-05,0.029999999329447746,0.029999999329447746,0.029999999329447746,0.0010000000474974513,0.0010000000474974513,0.06353973597288132,0.004620254039764404,0.0,0.0,0.0,0.0,-1.7089940309524536,-1.7089940309524536,1.0,-1.7089940309524536,0.0,-4.405566215515137,2.328336715698242,1.0,0.06353973597288132,1.0,0.0,0.0,0.06353973597288132,0.0,0.0,0.004620254039764404,0.0,0.30462026596069336,0.10173214226961136,0.0948474332690239,0.821253776550293,0.5757662057876587,0.0,0.0,0.0,0.0,0.0,0.0,0.0,0.0,1.0,0.0,0.10375671088695526,0.31499597430229187,0.3656228184700012,0.022810693830251694,0.0,0.11092212051153183,0.10867806524038315,0.10867806524038315,0.21597802639007568,0.1597001552581787,-5.684174658737717e-11,0.0,0.0,4.110591411590576,4.110591411590576,2.357431650161743,2.357431650161743,0.9462888836860657,0.0,0.0,0.0,0.0,0.30462026596069336,0.12743331491947174,0.02406742423772812,0.9283843636512756,0.5757662057876587,0.07014399766921997,2.329566240310669,2.3644862174987793,2.357431650161743,2.2884833812713623,2.328336715698242,0.14943955838680267,0.05723349004983902,1.0,2.1910014152526855,2.229325532913208,2.1785435676574707,0.0,0.0,0.0,0.0,0.0,0.0,0.0,,,,,,,,,,,,,,,,,0.00025
45,14820,train,0.02558739110827446,0.10738618671894073,0.10957179218530655,0.0,0.006528571248054504,0.006528571248054504,0.0,3.511178970336914,9.999999747378752e-05,0.029999999329447746,0.029999999329447746,0.029999999329447746,0.0010000000474974513,0.0010000000474974513,0.06048141419887543,0.002860933542251587,0.0,0.0,0.0,0.0,-1.7387245893478394,-1.7387245893478394,1.0,-1.7387245893478394,0.0,-4.479880332946777,2.296269655227661,1.0,0.06048141419887543,1.0,0.0,0.0,0.06048141419887543,0.0,0.0,0.002860933542251587,0.0,0.30286094546318054,0.10641951113939285,0.07002021372318268,0.7931585311889648,0.5713635683059692,0.0,0.0,0.0,0.0,0.0,0.0,0.0,0.0,1.0,0.0,0.0895523652434349,0.30896157026290894,0.3498725891113281,0.022965772077441216,0.0,0.10957179218530655,0.10738618671894073,0.10738618671894073,0.1939179003238678,0.1297629177570343,3.449807106647995e-10,0.0,0.0,4.063178539276123,4.063178539276123,2.276803731918335,2.276803731918335,0.842774510383606,0.0,0.0,0.0,0.0,0.30286094546318054,0.1319790482521057,0.010065839625895023,0.9431853890419006,0.5713635683059692,0.07889093458652496,2.2458226680755615,2.284674644470215,2.276803731918335,2.287252426147461,2.296269655227661,0.14162445068359375,0.05440109968185425,1.0,2.2288403511047363,2.2534775733947754,2.2092232704162598,0.0,0.0,0.0,0.0,0.0,0.0,0.0,,,,,,,,,,,,,,,,,0.00025
45,14840,train,0.0220793429762125,0.10370621830224991,0.10615980625152588,0.0,0.006043741013854742,0.006043741013854742,0.0,3.475579023361206,9.999999747378752e-05,0.029999999329447746,0.029999999329447746,0.029999999329447746,0.0010000000474974513,0.0010000000474974513,0.0628361701965332,0.01350945234298706,0.0,0.0,0.0,0.0,-1.7244009971618652,-1.7244009971618652,1.0,-1.7244009971618652,0.0,-4.419583320617676,2.3473362922668457,1.0,0.0628361701965332,1.0,0.0,0.0,0.0628361701965332,0.0,0.0,0.01350945234298706,0.0,0.2864905595779419,0.11395964026451111,0.07188905030488968,0.8193581104278564,0.5526956915855408,0.0,0.0,0.0,0.0,0.0,0.0,0.0,0.0,1.0,0.0,0.08982383459806442,0.3023952841758728,0.3614521324634552,0.024016762152314186,0.0,0.10615980625152588,0.10370621830224991,0.10370621830224991,0.18297480046749115,0.1105390265583992,-1.2517242797827066e-10,0.0,0.0,4.010336875915527,4.010336875915527,2.3441450595855713,2.3441450595855713,0.775390088558197,0.0,0.0,0.0,0.0,0.2864905595779419,0.1369304209947586,0.014468901790678501,0.9158973097801208,0.5526956915855408,0.07524510473012924,2.307602643966675,2.35349440574646,2.3441450595855713,2.2959187030792236,2.3473362922668457,0.14403709769248962,0.05695429444313049,1.0,2.2713823318481445,2.2711377143859863,2.295050621032715,0.0,0.0,0.0,0.0,0.0,0.0,0.0,,,,,,,,,,,,,,,,,0.00025
45,14860,train,0.028783099725842476,0.10830678045749664,0.11127261072397232,0.0,0.007073575165122747,0.007073575165122747,0.0,3.499819278717041,9.999999747378752e-05,0.029999999329447746,0.029999999329447746,0.029999999329447746,0.0010000000474974513,0.0010000000474974513,0.058627963066101074,0.007509946823120117,0.0,0.0,0.0,0.0,-1.7067756652832031,-1.7067756652832031,1.0,-1.7067756652832031,0.0,-4.402839183807373,2.2886714935302734,1.0,0.058627963066101074,1.0,0.0,0.0,0.058627963066101074,0.0,0.0,0.007509946823120117,0.0,0.3075099587440491,0.11598677933216095,0.08937670290470123,0.7070198059082031,0.5690838694572449,0.0,0.0,0.0,0.0,0.0,0.0,0.0,0.0,1.0,0.0,0.08899638056755066,0.31105485558509827,0.36103320121765137,0.02340979315340519,0.0,0.11127261072397232,0.10830678045749664,0.10830678045749664,0.1865053027868271,0.11174675822257996,-2.5496207922692804e-10,0.0,0.0,4.129326343536377,4.129326343536377,2.315106153488159,2.315106153488159,0.824322521686554,0.0,0.0,0.0,0.0,0.3075099587440491,0.14093531668186188,0.010945722460746765,0.9132839441299438,0.5690838694572449,0.09681373089551926,2.285759449005127,2.3245673179626465,2.315106153488159,2.243730068206787,2.2886714935302734,0.15101610124111176,0.05843092128634453,1.0,2.3291397094726562,2.3110389709472656,2.3330390453338623,0.0,0.0,0.0,0.0,0.0,0.0,0.0,,,,,,,,,,,,,,,,,0.00025
45,14880,train,0.030768996104598045,0.11148928850889206,0.11400378495454788,0.0,0.0066466061398386955,0.0066466061398386955,0.0,3.536336660385132,9.999999747378752e-05,0.029999999329447746,0.029999999329447746,0.029999999329447746,0.0010000000474974513,0.0010000000474974513,0.06334326416254044,0.00041982531547546387,0.0,0.0,0.0,0.0,-1.7356306314468384,-1.7356306314468384,1.0,-1.7356306314468384,0.0,-4.459941387176514,2.334376573562622,1.0,0.06334326416254044,1.0,0.0,0.0,0.06334326416254044,0.0,0.0,0.00041982531547546387,0.0,0.2995801866054535,0.10309788584709167,0.0875290185213089,0.8124077320098877,0.572590708732605,0.0,0.0,0.0,0.0,0.0,0.0,0.0,0.0,1.0,0.0,0.08931907266378403,0.30710577964782715,0.3478092849254608,0.022324103862047195,0.0,0.11400378495454788,0.11148928850889206,0.11148928850889206,0.20324379205703735,0.1420924961566925,7.861186701596523e-10,0.0,0.0,4.082365036010742,4.082365036010742,2.2622859477996826,2.2622859477996826,0.8867643475532532,0.0,0.0,0.0,0.0,0.2995801866054535,0.12495911121368408,0.01833702251315117,0.9334842562675476,0.572590708732605,0.06672794371843338,2.2386529445648193,2.268711566925049,2.2622859477996826,2.2995946407318115,2.334376573562622,0.1401527374982834,0.05342631787061691,1.0,2.1190481185913086,2.199479579925537,2.2064595222473145,0.0,0.0,0.0,0.0,0.0,0.0,0.0,,,,,,,,,,,,,,,,,0.00025
45,14900,train,0.028228342533111572,0.10803745687007904,0.11188747733831406,0.0,0.006517781410366297,0.006517781410366297,0.0,3.548086404800415,9.999999747378752e-05,0.029999999329447746,0.029999999329447746,0.029999999329447746,0.0010000000474974513,0.0010000000474974513,0.0595138855278492,0.03031778335571289,0.0,0.0,0.0,0.0,-1.7137796878814697,-1.7137796878814697,1.0,-1.7137796878814697,0.0,-4.4127936363220215,2.2354650497436523,1.0,0.0595138855278492,1.0,0.0,0.0,0.0595138855278492,0.0,0.0,0.03031778335571289,0.0,0.26968222856521606,0.10741438716650009,0.07131650298833847,0.7501471042633057,0.5380825996398926,0.0,0.0,0.0,0.0,0.0,0.0,0.0,0.0,1.0,0.0,0.08745625615119934,0.3163944482803345,0.3535616099834442,0.02218177355825901,0.0,0.11188747733831406,0.10803745687007904,0.10803745687007904,0.1983930766582489,0.1473805457353592,5.076212020171944e-11,0.0,0.0,4.119561672210693,4.119561672210693,2.2396979331970215,2.2396979331970215,0.8680156469345093,0.0,0.0,0.0,0.0,0.26968222856521606,0.13156858086585999,0.005539071746170521,0.9123994708061218,0.5380825996398926,0.05436581373214722,2.2007651329040527,2.248967409133911,2.2396979331970215,2.1792702674865723,2.2354650497436523,0.15673735737800598,0.056538067758083344,1.0,2.2980475425720215,2.2864489555358887,2.2916007041931152,0.0,0.0,0.0,0.0,0.0,0.0,0.0,,,,,,,,,,,,,,,,,0.00025
45,14920,train,0.02223942056298256,0.1018499955534935,0.10526416450738907,0.0,0.006637453567236662,0.006637453567236662,0.0,3.5262136459350586,9.999999747378752e-05,0.029999999329447746,0.029999999329447746,0.029999999329447746,0.0010000000474974513,0.0010000000474974513,0.05269298329949379,0.030728518962860107,0.0,0.0,0.0,0.0,-1.6883095502853394,-1.6883095502853394,1.0,-1.6883095502853394,0.0,-4.3591461181640625,2.3598856925964355,1.0,0.05269298329949379,1.0,0.0,0.0,0.05269298329949379,0.0,0.0,0.030728518962860107,0.0,0.26927149295806885,0.09735455363988876,0.05594634264707565,0.695105254650116,0.5416610836982727,0.0,0.0,0.0,0.0,0.0,0.0,0.0,0.0,1.0,0.0,0.09157471358776093,0.3190893828868866,0.3696058988571167,0.02288379706442356,0.0,0.10526416450738907,0.1018499955534935,0.1018499955534935,0.19192738831043243,0.11618099361658096,1.6689322146490326e-10,0.0,0.0,3.970546007156372,3.970546007156372,2.357386350631714,2.357386350631714,0.8036482930183411,0.0,0.0,0.0,0.0,0.26927149295806885,0.12566880881786346,0.005241050850600004,0.8847583532333374,0.5416610836982727,0.05068933963775635,2.324936866760254,2.369736671447754,2.357386350631714,2.3302652835845947,2.3598856925964355,0.15646019577980042,0.058055419474840164,1.0,2.2719125747680664,2.3326642513275146,2.371443748474121,0.0,0.0,0.0,0.0,0.0,0.0,0.0,,,,,,,,,,,,,,,,,0.00025
45,14940,train,0.03991498425602913,0.11914818733930588,0.1218172162771225,0.0,0.006897928658872843,0.006897928658872843,0.0,3.565540313720703,9.999999747378752e-05,0.029999999329447746,0.029999999329447746,0.029999999329447746,0.0010000000474974513,0.0010000000474974513,0.06600004434585571,0.0010299980640411377,0.0,0.0,0.0,0.0,-1.737119436264038,-1.737119436264038,1.0,-1.737119436264038,0.0,-4.483496189117432,2.3196310997009277,1.0,0.06600004434585571,1.0,0.0,0.0,0.06600004434585571,0.0,0.0,0.0010299980640411377,0.0,0.3010300397872925,0.1006736233830452,0.10031058639287949,0.7405573725700378,0.5737206935882568,0.0,0.0,0.0,0.0,0.0,0.0,0.0,0.0,1.0,0.0,0.0856068953871727,0.3032980263233185,0.3431454598903656,0.02154146321117878,0.0,0.1218172162771225,0.11914818733930588,0.11914818733930588,0.20454546809196472,0.15069717168807983,-4.5953099658824215e-10,0.0,0.0,4.131648063659668,4.131648063659668,2.2385196685791016,2.2385196685791016,0.9032440185546875,0.0,0.0,0.0,0.0,0.3010300099849701,0.12484155595302582,0.021503189578652382,0.8896382451057434,0.5737206935882568,0.06760110706090927,2.2194228172302246,2.244476556777954,2.2385196685791016,2.2974443435668945,2.3196310997009277,0.13903462886810303,0.05214044451713562,1.0,2.17447566986084,2.1747782230377197,2.1984169483184814,0.0,0.0,0.0,0.0,0.0,0.0,0.0,,,,,,,,,,,,,,,,,0.00025
45,14960,train,0.02897483855485916,0.10684454441070557,0.11031178385019302,0.0,0.006900431122630835,0.006900431122630835,0.0,3.5333971977233887,9.999999747378752e-05,0.029999999329447746,0.029999999329447746,0.029999999329447746,0.0010000000474974513,0.0010000000474974513,0.05875612422823906,0.02966931462287903,0.0,0.0,0.0,0.0,-1.6763474941253662,-1.6763474941253662,1.0,-1.6763474941253662,0.0,-4.35194206237793,2.2953476905822754,1.0,0.05875612422823906,1.0,0.0,0.0,0.05875612422823906,0.0,0.0,0.02966931462287903,0.0,0.2703306972980499,0.10282736271619797,0.057873524725437164,0.7138561606407166,0.5423930287361145,0.0,0.0,0.0,0.0,0.0,0.0,0.0,0.0,1.0,0.0,0.09285759925842285,0.32125815749168396,0.36373579502105713,0.022673409432172775,0.0,0.11031178385019302,0.10684454441070557,0.10684454441070557,0.20340541005134583,0.14316566288471222,1.2264207878420752e-11,0.0,0.0,4.096505641937256,4.096505641937256,2.3138065338134766,2.3138065338134766,0.8870402574539185,0.0,0.0,0.0,0.0,0.2703306972980499,0.12568414211273193,0.010061977431178093,0.868472695350647,0.5423930287361145,0.04797794297337532,2.287964344024658,2.3208484649658203,2.3138065338134766,2.2341079711914062,2.2953476905822754,0.15908125042915344,0.059057701379060745,1.0,2.264132022857666,2.278552532196045,2.28930401802063,0.0,0.0,0.0,0.0,0.0,0.0,0.0,,,,,,,,,,,,,,,,,0.00025
45,14980,train,0.02275713160634041,0.10355259478092194,0.10619119554758072,0.0,0.006586039438843727,0.006586039438843727,0.0,3.532597064971924,9.999999747378752e-05,0.029999999329447746,0.029999999329447746,0.029999999329447746,0.0010000000474974513,0.0010000000474974513,0.062050651758909225,0.020176053047180176,0.0,0.0,0.0,0.0,-1.7111129760742188,-1.7111129760742188,1.0,-1.7111129760742188,0.0,-4.40265417098999,2.3697032928466797,1.0,0.062050651758909225,1.0,0.0,0.0,0.062050651758909225,0.0,0.0,0.020176053047180176,0.0,0.27982398867607117,0.10382387787103653,0.07147252559661865,0.775580883026123,0.5521581172943115,0.0,0.0,0.0,0.0,0.0,0.0,0.0,0.0,1.0,0.0,0.09077031165361404,0.3108486831188202,0.36905720829963684,0.02276281639933586,0.0,0.10619119554758072,0.10355259478092194,0.10355259478092194,0.1769552379846573,0.09751682728528976,4.717987112101696e-11,0.0,0.0,4.033786773681641,4.033786773681641,2.389446973800659,2.389446973800659,0.7630308270454407,0.0,0.0,0.0,0.0,0.2798239588737488,0.12729379534721375,0.017861289903521538,0.9397571682929993,0.5521581172943115,0.059420958161354065,2.3272457122802734,2.4061357975006104,2.389446973800659,2.3082664012908936,2.3697032928466797,0.1484036147594452,0.059177249670028687,1.0,2.283069610595703,2.204639434814453,2.229580879211426,0.0,0.0,0.0,0.0,0.0,0.0,0.0,,,,,,,,,,,,,,,,,0.00025
45,15000,train,0.0384175106883049,0.11702288687229156,0.11950249969959259,0.0,0.006244282703846693,0.006244282703846693,0.0,3.5227303504943848,9.999999747378752e-05,0.029999999329447746,0.029999999329447746,0.029999999329447746,0.0010000000474974513,0.0010000000474974513,0.061972785741090775,0.003146052360534668,0.0,0.0,0.0,0.0,-1.7185100317001343,-1.7185100317001343,1.0,-1.7185100317001343,0.0,-4.443087100982666,2.2162156105041504,1.0,0.061972785741090775,1.0,0.0,0.0,0.061972785741090775,0.0,0.0,0.003146052360534668,0.0,0.30314603447914124,0.10552264750003815,0.09789764881134033,0.7143278121948242,0.5672110915184021,0.0,0.0,0.0,0.0,0.0,0.0,0.0,0.0,1.0,0.0,0.0907147228717804,0.3071663975715637,0.3468939960002899,0.02256121300160885,0.0,0.11950249969959259,0.11702288687229156,0.11702288687229156,0.2132372260093689,0.16457070410251617,-5.053932272680584e-10,0.0,0.0,4.132530689239502,4.132530689239502,2.221702814102173,2.221702814102173,0.9363826513290405,0.0,0.0,0.0,0.0,0.3031460642814636,0.138315349817276,0.003970853053033352,0.9102321863174438,0.5672110915184021,0.09183517843484879,2.215836763381958,2.2253546714782715,2.221702814102173,2.1825993061065674,2.2162156105041504,0.14805756509304047,0.05426307022571564,1.0,2.2543811798095703,2.2892942428588867,2.3591973781585693,0.0,0.0,0.0,0.0,0.0,0.0,0.0,,,,,,,,,,,,,,,,,0.00025
45,15020,train,0.03569253161549568,0.1164470911026001,0.11855468899011612,0.0,0.007680226117372513,0.007680226117372513,0.0,3.5609946250915527,9.999999747378752e-05,0.029999999329447746,0.029999999329447746,0.029999999329447746,0.0010000000474974513,0.0010000000474974513,0.06598009169101715,0.013691186904907227,0.0,0.0,0.0,0.0,-1.7521945238113403,-1.7521945238113403,1.0,-1.7521945238113403,0.0,-4.496431827545166,2.240238666534424,1.0,0.06598009169101715,1.0,0.0,0.0,0.06598009169101715,0.0,0.0,0.013691186904907227,0.0,0.28630882501602173,0.09447897225618362,0.07132046669721603,0.7381197214126587,0.5642144680023193,0.0,0.0,0.0,0.0,0.0,0.0,0.0,0.0,1.0,0.0,0.07462133467197418,0.3097851872444153,0.335066020488739,0.021426614373922348,0.0,0.11855468899011612,0.1164470911026001,0.1164470911026001,0.20878872275352478,0.16731630265712738,3.4253180847265696e-10,0.0,0.0,4.079870700836182,4.079870700836182,2.16298508644104,2.16298508644104,0.9084981083869934,0.0,0.0,0.0,0.0,0.28630882501602173,0.11745056509971619,0.015118632465600967,0.8610122203826904,0.5642144680023193,0.045389097183942795,2.1413536071777344,2.169341802597046,2.16298508644104,2.2123892307281494,2.240238666534424,0.13806146383285522,0.05146857351064682,1.0,2.1412572860717773,2.1230969429016113,2.175560712814331,0.0,0.0,0.0,0.0,0.0,0.0,0.0,,,,,,,,,,,,,,,,,0.00025
45,15030,train_epoch,0.030324888864565573,0.110673170447528,0.11343614614295389,0.0,0.006502246548293415,0.006502246548293415,0.0,3.5309330945957207,9.999999747378752e-05,0.029999999329447746,0.029999999329447746,0.029999999329447746,0.0010000000474974513,0.0010000000474974513,0.06168715161700806,0.010901939636932876,0.0,0.0,0.0,0.0,-1.7276043920459863,-1.7276043920459863,1.0,-1.7276043920459863,0.0,-4.4459310477365275,2.301616423144312,1.0,0.06168715161700806,1.0,0.0,0.0,0.06168715161700806,0.0,0.0,0.010901939636932876,0.0,0.2990007661059945,0.10566459961993965,0.07346849651549926,0.7220003970725808,0.5672492672226386,0.0,0.0,0.0,0.0,0.0,0.0,0.0,0.0,1.0,0.0,0.09086652459230965,0.30624403505625125,0.35329480272924113,0.022514723469977252,0.0,0.11343614614295389,0.110673170447528,0.110673170447528,0.2005351565019813,0.1396324153052654,1.3992636103605577e-11,0.0,0.0,4.10387256188307,4.103872557600101,2.2859973100844972,2.2859973100844972,0.8766137434693868,0.0,0.0,0.0,0.0,0.2990007620907115,0.13095746776033304,0.009189090286841627,0.8986937965818508,0.5672492672226386,0.07409634318448112,2.2629880020004545,2.29236907873325,2.2859973100844972,2.276996797430301,2.301616423144312,0.14643399341556126,0.05516135160571444,1.0,2.2642576487478383,2.2621340680265143,2.262881186907877,0.0,0.0,0.0,0.0,0.0,0.0,0.0,,,,,,,,,,,,,,,,,0.00025
45,15030,val,,,,,,,,,,,,,,,,,,,,,,,,,,,,,,,,,,,,,,,,,,,,,,,,,,,,,,,,,,,,,,,,,,,,,,,,,,,,,,,,,,,,,,,,,,,,,,,,,,,16.410856100890012,687.694079218684,26.22392188858646,11.990888221843823,15.68613033466511,24.498412745561314,11.892379666233921,16.39313809076945,26.175617263461145,11.995837795841801,17.7219464757421,28.912241917912603,12.532285995311565,16.410856100890012,26.22392188858646,11.990888221843823,0.00025
46,15040,train,0.035059720277786255,0.11369886249303818,0.11749047785997391,0.0,0.0073857055976986885,0.0073857055976986885,0.0,3.543398857116699,9.999999747378752e-05,0.029999999329447746,0.029999999329447746,0.029999999329447746,0.0010000000474974513,0.0010000000474974513,0.05750160664319992,0.0006056129932403564,0.0,0.0,0.0,0.0,-1.7128543853759766,-1.7128543853759766,1.0,-1.7128543853759766,0.0,-4.410712718963623,2.291398763656616,1.0,0.05750160664319992,1.0,0.0,0.0,0.05750160664319992,0.0,0.0,0.0006056129932403564,0.0,0.299394428730011,0.10290160030126572,0.07439567148685455,0.7305145263671875,0.5705550909042358,0.0,0.0,0.0,0.0,0.0,0.0,0.0,0.0,1.0,0.0,0.08921400457620621,0.31582942605018616,0.3527444303035736,0.022251024842262268,0.0,0.11749047785997391,0.11369886249303818,0.11369886249303818,0.20829376578330994,0.1483684629201889,1.8847731708682147e-10,0.0,0.0,4.022947788238525,4.022947788238525,2.267643928527832,2.267643928527832,0.8926073908805847,0.0,0.0,0.0,0.0,0.2993943989276886,0.12708376348018646,0.012463778257369995,0.8956366181373596,0.5705550909042358,0.06692709028720856,2.2488272190093994,2.2707717418670654,2.267643928527832,2.2488794326782227,2.291398763656616,0.15212713181972504,0.05581527203321457,1.0,2.2141876220703125,2.239661693572998,2.2755284309387207,0.0,0.0,0.0,0.0,0.0,0.0,0.0,,,,,,,,,,,,,,,,,0.00025
46,15060,train,0.03948678821325302,0.11987283825874329,0.12318576127290726,0.0,0.007252593990415335,0.007252593990415335,0.0,3.5521583557128906,9.999999747378752e-05,0.029999999329447746,0.029999999329447746,0.029999999329447746,0.0010000000474974513,0.0010000000474974513,0.05790301412343979,0.009428083896636963,0.0,0.0,0.0,0.0,-1.76105535030365,-1.76105535030365,1.0,-1.76105535030365,0.0,-4.487332820892334,2.153531074523926,1.0,0.05790301412343979,1.0,0.0,0.0,0.05790301412343979,0.0,0.0,0.009428083896636963,0.0,0.3094280958175659,0.09400321543216705,0.0702095553278923,0.7305339574813843,0.5814045667648315,0.0,0.0,0.0,0.0,0.0,0.0,0.0,0.0,1.0,0.0,0.080617755651474,0.30586713552474976,0.3306870460510254,0.02176365628838539,0.0,0.12318576127290726,0.11987283825874329,0.11987283825874329,0.2295580953359604,0.19081205129623413,-4.845301937450586e-11,0.0,0.0,4.145656585693359,4.145657062530518,2.121105670928955,2.121105670928955,1.0106385946273804,0.0,0.0,0.0,0.0,0.3094280958175659,0.12370988726615906,0.014349664561450481,0.8512512445449829,0.5814045667648315,0.06718750298023224,2.12394380569458,2.1197237968444824,2.121105670928955,2.1375062465667725,2.153531074523926,0.14988674223423004,0.05230601876974106,1.0,2.134481430053711,2.1922948360443115,2.1949167251586914,0.0,0.0,0.0,0.0,0.0,0.0,0.0,,,,,,,,,,,,,,,,,0.00025
46,15080,train,0.030822239816188812,0.11158384382724762,0.11440476030111313,0.0,0.007023300044238567,0.007023300044238567,0.0,3.515230417251587,9.999999747378752e-05,0.029999999329447746,0.029999999329447746,0.029999999329447746,0.0010000000474974513,0.0010000000474974513,0.058525633066892624,0.011565804481506348,0.0,0.0,0.0,0.0,-1.7379146814346313,-1.7379146814346313,1.0,-1.7379146814346313,0.0,-4.464644432067871,2.245333433151245,1.0,0.058525633066892624,1.0,0.0,0.0,0.058525633066892624,0.0,0.0,0.011565804481506348,0.0,0.2884342074394226,0.10492544621229172,0.08729583024978638,0.7442979216575623,0.5589954853057861,0.0,0.0,0.0,0.0,0.0,0.0,0.0,0.0,1.0,0.0,0.08611107617616653,0.30884498357772827,0.3447466790676117,0.022872135043144226,0.0,0.11440476030111313,0.11158384382724762,0.11158384382724762,0.2065950483083725,0.14753834903240204,1.614886419032402e-10,0.0,0.0,4.096102714538574,4.096102237701416,2.2352306842803955,2.2352306842803955,0.9055286645889282,0.0,0.0,0.0,0.0,0.2884342074394226,0.1303490400314331,0.015377199277281761,0.8961697816848755,0.5589954853057861,0.06908701360225677,2.2157912254333496,2.238684892654419,2.2352306842803955,2.200852155685425,2.245333433151245,0.14599891006946564,0.05468364059925079,1.0,2.2038981914520264,2.245182514190674,2.2755279541015625,0.0,0.0,0.0,0.0,0.0,0.0,0.0,,,,,,,,,,,,,,,,,0.00025
46,15100,train,0.03393007814884186,0.1114276796579361,0.11505432426929474,0.0,0.006381504237651825,0.006381504237651825,0.0,3.4915974140167236,9.999999747378752e-05,0.029999999329447746,0.029999999329447746,0.029999999329447746,0.0010000000474974513,0.0010000000474974513,0.058408915996551514,0.0029150843620300293,0.0,0.0,0.0,0.0,-1.6851733922958374,-1.6851733922958374,1.0,-1.6851733922958374,0.0,-4.375699520111084,2.315641403198242,1.0,0.058408915996551514,1.0,0.0,0.0,0.058408915996551514,0.0,0.0,0.0029150843620300293,0.0,0.2970849275588989,0.11593802273273468,0.04906606674194336,0.7345867156982422,0.5600849390029907,0.0,0.0,0.0,0.0,0.0,0.0,0.0,0.0,1.0,0.0,0.09330287575721741,0.31688743829727173,0.3614201843738556,0.023686250671744347,0.0,0.11505432426929474,0.1114276796579361,0.1114276796579361,0.18542465567588806,0.11125784367322922,2.74814948575397e-10,0.0,0.0,4.100033760070801,4.100033760070801,2.314504623413086,2.314504623413086,0.8099537491798401,0.0,0.0,0.0,0.0,0.2970849275588989,0.14008517563343048,0.009857937693595886,0.9113889336585999,0.5600849390029907,0.08517157286405563,2.310845375061035,2.32051682472229,2.314504623413086,2.2657270431518555,2.315641403198242,0.14964669942855835,0.0568750835955143,1.0,2.3521904945373535,2.2695541381835938,2.31870436668396,0.0,0.0,0.0,0.0,0.0,0.0,0.0,,,,,,,,,,,,,,,,,0.00025
46,15120,train,0.027712706476449966,0.10868102312088013,0.11141761392354965,0.0,0.006740659009665251,0.006740659009665251,0.0,3.533008098602295,9.999999747378752e-05,0.029999999329447746,0.029999999329447746,0.029999999329447746,0.0010000000474974513,0.0010000000474974513,0.054875195026397705,0.0030587613582611084,0.0,0.0,0.0,0.0,-1.7310882806777954,-1.7310882806777954,1.0,-1.7310882806777954,0.0,-4.45063591003418,2.284923791885376,1.0,0.054875195026397705,1.0,0.0,0.0,0.054875195026397705,0.0,0.0,0.0030587613582611084,0.0,0.30305877327919006,0.11010213196277618,0.08299723267555237,0.796944797039032,0.5709567666053772,0.0,0.0,0.0,0.0,0.0,0.0,0.0,0.0,1.0,0.0,0.08399056643247604,0.3123869299888611,0.3467443883419037,0.02244025655090809,0.0,0.11141761392354965,0.10868102312088013,0.10868102312088013,0.20099225640296936,0.14089883863925934,6.022826681828519e-11,0.0,0.0,4.006075382232666,4.006075382232666,2.232542037963867,2.232542037963867,0.8517143726348877,0.0,0.0,0.0,0.0,0.30305877327919006,0.13288827240467072,0.01167677529156208,0.9475998878479004,0.5709567666053772,0.08279718458652496,2.211366653442383,2.239595651626587,2.232542037963867,2.261094570159912,2.284923791885376,0.14804179966449738,0.05439768359065056,1.0,2.187157392501831,2.2574939727783203,2.260493755340576,0.0,0.0,0.0,0.0,0.0,0.0,0.0,,,,,,,,,,,,,,,,,0.00025
46,15140,train,0.02826317586004734,0.1110902652144432,0.11292591691017151,0.0,0.006443265359848738,0.006443265359848738,0.0,3.531942844390869,9.999999747378752e-05,0.029999999329447746,0.029999999329447746,0.029999999329447746,0.0010000000474974513,0.0010000000474974513,0.06156330928206444,0.019452005624771118,0.0,0.0,0.0,0.0,-1.7673298120498657,-1.7673298120498657,1.0,-1.7673298120498657,0.0,-4.508770942687988,2.1848247051239014,1.0,0.06156330928206444,1.0,0.0,0.0,0.06156330928206444,0.0,0.0,0.019452005624771118,0.0,0.28054800629615784,0.09760481119155884,0.05502802133560181,0.7090098857879639,0.5551843047142029,0.0,0.0,0.0,0.0,0.0,0.0,0.0,0.0,1.0,0.0,0.08504028618335724,0.3054276704788208,0.3355054259300232,0.022187795490026474,0.0,0.11292591691017151,0.1110902652144432,0.1110902652144432,0.2040509134531021,0.1510991007089615,4.4279586941531335e-11,0.0,0.0,4.128147125244141,4.128147125244141,2.176362991333008,2.176362991333008,0.8960033059120178,0.0,0.0,0.0,0.0,0.28054800629615784,0.12229036539793015,0.0018400606932118535,0.8882433772087097,0.5551843047142029,0.045588236302137375,2.1740527153015137,2.1761581897735596,2.176362991333008,2.164306402206421,2.1848247051239014,0.1403818428516388,0.053184110671281815,1.0,2.2703375816345215,2.2102437019348145,2.1629843711853027,0.0,0.0,0.0,0.0,0.0,0.0,0.0,,,,,,,,,,,,,,,,,0.00025
46,15160,train,0.027970997616648674,0.10795584321022034,0.10989413410425186,0.0,0.006744829006493092,0.006744829006493092,0.0,3.5048649311065674,9.999999747378752e-05,0.029999999329447746,0.029999999329447746,0.029999999329447746,0.0010000000474974513,0.0010000000474974513,0.05984213575720787,0.0006852149963378906,0.0,0.0,0.0,0.0,-1.709617257118225,-1.709617257118225,1.0,-1.709617257118225,0.0,-4.432408332824707,2.2848260402679443,1.0,0.05984213575720787,1.0,0.0,0.0,0.05984213575720787,0.0,0.0,0.0006852149963378906,0.0,0.29931482672691345,0.11864130944013596,0.044035445898771286,0.7835223078727722,0.5610264539718628,0.0,0.0,0.0,0.0,0.0,0.0,0.0,0.0,1.0,0.0,0.09446683526039124,0.31535834074020386,0.35809123516082764,0.023220662027597427,0.0,0.10989413410425186,0.10795584321022034,0.10795584321022034,0.18768808245658875,0.1279115080833435,4.528057373498484e-10,0.0,0.0,4.047090530395508,4.047090530395508,2.309814214706421,2.309814214706421,0.8115796446800232,0.0,0.0,0.0,0.0,0.29931479692459106,0.14110909402370453,0.004043658263981342,0.9252240657806396,0.5610264539718628,0.08621323853731155,2.28983473777771,2.3182554244995117,2.309814214706421,2.2616868019104004,2.2848260402679443,0.14705947041511536,0.05703423544764519,1.0,2.2477498054504395,2.223813772201538,2.2195096015930176,0.0,0.0,0.0,0.0,0.0,0.0,0.0,,,,,,,,,,,,,,,,,0.00025
46,15180,train,0.037251200526952744,0.11773838847875595,0.1193818673491478,0.0,0.006237327121198177,0.006237327121198177,0.0,3.5138933658599854,9.999999747378752e-05,0.029999999329447746,0.029999999329447746,0.029999999329447746,0.0010000000474974513,0.0010000000474974513,0.05717046186327934,0.02688276767730713,0.0,0.0,0.0,0.0,-1.7497687339782715,-1.7497687339782715,1.0,-1.7497687339782715,0.0,-4.520885467529297,2.2224152088165283,1.0,0.05717046186327934,1.0,0.0,0.0,0.05717046186327934,0.0,0.0,0.02688276767730713,0.0,0.3268827795982361,0.11953853815793991,0.04128829762339592,0.774906575679779,0.580429196357727,0.0,0.0,0.0,0.0,0.0,0.0,0.0,0.0,1.0,0.0,0.08732624351978302,0.3000073730945587,0.34438207745552063,0.022714335471391678,0.0,0.1193818673491478,0.11773838847875595,0.11773838847875595,0.20179109275341034,0.15586388111114502,1.4788013869004857e-10,0.0,0.0,4.180273532867432,4.180273532867432,2.233114004135132,2.233114004135132,0.8944661021232605,0.0,0.0,0.0,0.0,0.3268827795982361,0.14803394675254822,0.0051673902198672295,0.9498490691184998,0.580429196357727,0.12297794967889786,2.218888998031616,2.235694408416748,2.233114004135132,2.21714448928833,2.2224152088165283,0.14010265469551086,0.05193623900413513,1.0,2.2954745292663574,2.3436155319213867,2.2586536407470703,0.0,0.0,0.0,0.0,0.0,0.0,0.0,,,,,,,,,,,,,,,,,0.00025
46,15200,train,0.03199371322989464,0.11130901426076889,0.11476258933544159,0.0,0.006545795127749443,0.006545795127749443,0.0,3.506190299987793,9.999999747378752e-05,0.029999999329447746,0.029999999329447746,0.029999999329447746,0.0010000000474974513,0.0010000000474974513,0.058869026601314545,0.019799143075942993,0.0,0.0,0.0,0.0,-1.7148914337158203,-1.7148914337158203,1.0,-1.7148914337158203,0.0,-4.443066596984863,2.262127637863159,1.0,0.058869026601314545,1.0,0.0,0.0,0.058869026601314545,0.0,0.0,0.019799143075942993,0.0,0.28020086884498596,0.11725090444087982,0.0767945796251297,0.7038811445236206,0.5435398817062378,0.0,0.0,0.0,0.0,0.0,0.0,0.0,0.0,1.0,0.0,0.08422210067510605,0.30783316493034363,0.34882545471191406,0.02298610657453537,0.0,0.11476258933544159,0.11130901426076889,0.11130901426076889,0.19052961468696594,0.13171736896038055,-2.4016943989124684e-10,0.0,0.0,4.027482032775879,4.027482032775879,2.2472336292266846,2.2472336292266846,0.8089838624000549,0.0,0.0,0.0,0.0,0.28020086884498596,0.14003680646419525,0.0035934331826865673,0.9019656777381897,0.5435398817062378,0.074463851749897,2.252347469329834,2.247182846069336,2.2472336292266846,2.2497329711914062,2.262127637863159,0.14465287327766418,0.05497177317738533,1.0,2.2722249031066895,2.289048671722412,2.3182408809661865,0.0,0.0,0.0,0.0,0.0,0.0,0.0,,,,,,,,,,,,,,,,,0.00025
46,15220,train,0.021250570192933083,0.10333719104528427,0.10573070496320724,0.0,0.006472875364124775,0.006472875364124775,0.0,3.4967005252838135,9.999999747378752e-05,0.029999999329447746,0.029999999329447746,0.029999999329447746,0.0010000000474974513,0.0010000000474974513,0.057595718652009964,0.008636713027954102,0.0,0.0,0.0,0.0,-1.730714201927185,-1.730714201927185,1.0,-1.730714201927185,0.0,-4.43732213973999,2.270874500274658,1.0,0.057595718652009964,1.0,0.0,0.0,0.057595718652009964,0.0,0.0,0.008636713027954102,0.0,0.29136329889297485,0.10772015899419785,0.06887313723564148,0.762514591217041,0.5588531494140625,0.0,0.0,0.0,0.0,0.0,0.0,0.0,0.0,1.0,0.0,0.09288280457258224,0.31722578406333923,0.3581638038158417,0.02347472496330738,0.0,0.10573070496320724,0.10333719104528427,0.10333719104528427,0.18729227781295776,0.11624220013618469,-4.442570200602347e-10,0.0,0.0,4.060685634613037,4.060685634613037,2.315532684326172,2.315532684326172,0.805926501750946,0.0,0.0,0.0,0.0,0.29136329889297485,0.13381358981132507,0.002614337718114257,0.8739151358604431,0.5588531494140625,0.07500000298023224,2.283644676208496,2.3243696689605713,2.315532684326172,2.232001304626465,2.270874500274658,0.14513994753360748,0.057151369750499725,1.0,2.259321451187134,2.293668746948242,2.2666125297546387,0.0,0.0,0.0,0.0,0.0,0.0,0.0,,,,,,,,,,,,,,,,,0.00025
46,15240,train,0.02579408511519432,0.1074899211525917,0.109458789229393,0.0,0.0068306829780340195,0.0068306829780340195,0.0,3.5497381687164307,9.999999747378752e-05,0.029999999329447746,0.029999999329447746,0.029999999329447746,0.0010000000474974513,0.0010000000474974513,0.056054163724184036,0.00035622715950012207,0.0,0.0,0.0,0.0,-1.736731767654419,-1.736731767654419,1.0,-1.736731767654419,0.0,-4.456186294555664,2.323613405227661,1.0,0.056054163724184036,1.0,0.0,0.0,0.056054163724184036,0.0,0.0,0.00035622715950012207,0.0,0.3003562390804291,0.10575731098651886,0.058547280728816986,0.6640467643737793,0.5658962726593018,0.0,0.0,0.0,0.0,0.0,0.0,0.0,0.0,1.0,0.0,0.09070735424757004,0.30783167481422424,0.35458436608314514,0.022064143791794777,0.0,0.109458789229393,0.1074899211525917,0.1074899211525917,0.19538243114948273,0.12735393643379211,-1.460506438011322e-10,0.0,0.0,4.088106632232666,4.088106632232666,2.307311773300171,2.307311773300171,0.8505651354789734,0.0,0.0,0.0,0.0,0.3003562390804291,0.13568317890167236,0.011395609937608242,0.9107910990715027,0.5658962726593018,0.08236826211214066,2.274580717086792,2.314648151397705,2.307311773300171,2.310875415802002,2.323613405227661,0.14245255291461945,0.05482366308569908,1.0,2.2541682720184326,2.331954002380371,2.3136658668518066,0.0,0.0,0.0,0.0,0.0,0.0,0.0,,,,,,,,,,,,,,,,,0.00025
46,15260,train,0.02939709462225437,0.11302772164344788,0.11483491212129593,0.0,0.00619078753516078,0.00619078753516078,0.0,3.5577645301818848,9.999999747378752e-05,0.029999999329447746,0.029999999329447746,0.029999999329447746,0.0010000000474974513,0.0010000000474974513,0.06301713734865189,0.013710230588912964,0.0,0.0,0.0,0.0,-1.7869306802749634,-1.7869306802749634,1.0,-1.7869306802749634,0.0,-4.546962261199951,2.206780433654785,1.0,0.06301713734865189,1.0,0.0,0.0,0.06301713734865189,0.0,0.0,0.013710230588912964,0.0,0.31371021270751953,0.09531871229410172,0.0728176012635231,0.7108467817306519,0.5833002328872681,0.0,0.0,0.0,0.0,0.0,0.0,0.0,0.0,1.0,0.0,0.08478256314992905,0.29310205578804016,0.3377127945423126,0.021661121398210526,0.0,0.11483491212129593,0.11302772164344788,0.11302772164344788,0.21014274656772614,0.15761703252792358,-2.2365005680757832e-10,0.0,0.0,4.17221736907959,4.17221736907959,2.2108702659606934,2.2108702659606934,0.9281250238418579,0.0,0.0,0.0,0.0,0.3137102425098419,0.12681451439857483,0.006111651659011841,0.8771597743034363,0.5833002328872681,0.0780637264251709,2.193019151687622,2.2160372734069824,2.2108702659606934,2.2164485454559326,2.206780433654785,0.13446155190467834,0.05139365419745445,1.0,2.185407876968384,2.210291862487793,2.213679790496826,0.0,0.0,0.0,0.0,0.0,0.0,0.0,,,,,,,,,,,,,,,,,0.00025
46,15280,train,0.03813127428293228,0.11837267130613327,0.1208074539899826,0.0,0.006453799083828926,0.006453799083828926,0.0,3.542081832885742,9.999999747378752e-05,0.029999999329447746,0.029999999329447746,0.029999999329447746,0.0010000000474974513,0.0010000000474974513,0.06505750864744186,0.016342073678970337,0.0,0.0,0.0,0.0,-1.750535249710083,-1.750535249710083,1.0,-1.750535249710083,0.0,-4.490167617797852,2.2420477867126465,1.0,0.06505750864744186,1.0,0.0,0.0,0.06505750864744186,0.0,0.0,0.016342073678970337,0.0,0.3163421154022217,0.10141158849000931,0.07128746807575226,0.7490448951721191,0.5877327919006348,0.0,0.0,0.0,0.0,0.0,0.0,0.0,0.0,1.0,0.0,0.0874749943614006,0.29722484946250916,0.34140849113464355,0.022101081907749176,0.0,0.1208074539899826,0.11837267130613327,0.11837267130613327,0.23301129043102264,0.1889040768146515,-6.401913443809804e-10,0.0,0.0,4.123560905456543,4.123560905456543,2.227733850479126,2.227733850479126,1.0195082426071167,0.0,0.0,0.0,0.0,0.3163420855998993,0.12444496899843216,0.014055603183805943,0.8945558667182922,0.5877327919006348,0.08348652720451355,2.223209857940674,2.2273504734039307,2.227733850479126,2.2388696670532227,2.2420477867126465,0.1451423615217209,0.05186989903450012,1.0,2.088017225265503,2.1988682746887207,2.203092575073242,0.0,0.0,0.0,0.0,0.0,0.0,0.0,,,,,,,,,,,,,,,,,0.00025
46,15300,train,0.02746950462460518,0.10912257432937622,0.11227544397115707,0.0,0.006778283044695854,0.006778283044695854,0.0,3.5042219161987305,9.999999747378752e-05,0.029999999329447746,0.029999999329447746,0.029999999329447746,0.0010000000474974513,0.0010000000474974513,0.06330323219299316,0.018985390663146973,0.0,0.0,0.0,0.0,-1.7457371950149536,-1.7457371950149536,1.0,-1.7457371950149536,0.0,-4.467889785766602,2.323636770248413,1.0,0.06330323219299316,1.0,0.0,0.0,0.06330323219299316,0.0,0.0,0.018985390663146973,0.0,0.281014621257782,0.08824106305837631,0.07930566370487213,0.6654161214828491,0.5603558421134949,0.0,0.0,0.0,0.0,0.0,0.0,0.0,0.0,1.0,0.0,0.0936005637049675,0.3101624846458435,0.35649076104164124,0.023266280069947243,0.0,0.11227544397115707,0.10912257432937622,0.10912257432937622,0.21831148862838745,0.1567244827747345,6.009369668547038e-10,0.0,0.0,4.190539360046387,4.190539836883545,2.315354108810425,2.315354108810425,0.9809463620185852,0.0,0.0,0.0,0.0,0.281014621257782,0.11524166166782379,0.010330546647310257,0.9072487354278564,0.5603558421134949,0.0430913008749485,2.288767099380493,2.322181463241577,2.315354108810425,2.2958829402923584,2.323636770248413,0.15182548761367798,0.05564830079674721,1.0,2.2478060722351074,2.233884572982788,2.1767630577087402,0.0,0.0,0.0,0.0,0.0,0.0,0.0,,,,,,,,,,,,,,,,,0.00025
46,15320,train,0.032310307025909424,0.11270187795162201,0.11558901518583298,0.0,0.0066091883927583694,0.0066091883927583694,0.0,3.526250123977661,9.999999747378752e-05,0.029999999329447746,0.029999999329447746,0.029999999329447746,0.0010000000474974513,0.0010000000474974513,0.05719127133488655,0.007173597812652588,0.0,0.0,0.0,0.0,-1.735410451889038,-1.735410451889038,1.0,-1.735410451889038,0.0,-4.470111846923828,2.271833896636963,1.0,0.05719127133488655,1.0,0.0,0.0,0.05719127133488655,0.0,0.0,0.007173597812652588,0.0,0.30717360973358154,0.1164807379245758,0.0607641339302063,0.7753070592880249,0.5691652297973633,0.0,0.0,0.0,0.0,0.0,0.0,0.0,0.0,1.0,0.0,0.08433713763952255,0.30664587020874023,0.34664973616600037,0.02238643541932106,0.0,0.11558901518583298,0.11270187795162201,0.11270187795162201,0.2001069039106369,0.1455800086259842,6.518186684845162e-11,0.0,0.0,4.100159645080566,4.100159645080566,2.2550947666168213,2.2550947666168213,0.8736130595207214,0.0,0.0,0.0,0.0,0.30717360973358154,0.14027641713619232,0.0065665412694215775,0.9306663870811462,0.5691652297973633,0.09587929397821426,2.2347545623779297,2.259547710418701,2.2550947666168213,2.260322093963623,2.271833896636963,0.14404593408107758,0.05275982245802879,1.0,2.224250078201294,2.2443695068359375,2.293334722518921,0.0,0.0,0.0,0.0,0.0,0.0,0.0,,,,,,,,,,,,,,,,,0.00025
46,15340,train,0.022111065685749054,0.10439711809158325,0.10606256872415543,0.0,0.006825346499681473,0.006825346499681473,0.0,3.493422269821167,9.999999747378752e-05,0.029999999329447746,0.029999999329447746,0.029999999329447746,0.0010000000474974513,0.0010000000474974513,0.06282845139503479,0.016288787126541138,0.0,0.0,0.0,0.0,-1.7355300188064575,-1.7355300188064575,1.0,-1.7355300188064575,0.0,-4.44667387008667,2.2760696411132812,1.0,0.06282845139503479,1.0,0.0,0.0,0.06282845139503479,0.0,0.0,0.016288787126541138,0.0,0.2837112247943878,0.10217881202697754,0.08085553348064423,0.6883958578109741,0.5528927445411682,0.0,0.0,0.0,0.0,0.0,0.0,0.0,0.0,1.0,0.0,0.09272261708974838,0.31249797344207764,0.34965401887893677,0.023230379447340965,0.0,0.10606256872415543,0.10439711809158325,0.10439711809158325,0.18897593021392822,0.13626541197299957,3.8585887957021114e-11,0.0,0.0,4.1231608390808105,4.1231608390808105,2.2820944786071777,2.2820944786071777,0.8331031799316406,0.0,0.0,0.0,0.0,0.2837112247943878,0.12976109981536865,0.003947052638977766,0.90125572681427,0.5528927445411682,0.0574754923582077,2.274442434310913,2.2848124504089355,2.2820944786071777,2.2499067783355713,2.2760696411132812,0.14322832226753235,0.05585121363401413,1.0,2.231701374053955,2.217611789703369,2.2477853298187256,0.0,0.0,0.0,0.0,0.0,0.0,0.0,,,,,,,,,,,,,,,,,0.00025
46,15360,train,0.03345790132880211,0.11286775022745132,0.11576906591653824,0.0,0.00596199044957757,0.00596199044957757,0.0,3.510833740234375,9.999999747378752e-05,0.029999999329447746,0.029999999329447746,0.029999999329447746,0.0010000000474974513,0.0010000000474974513,0.05737090855836868,0.01014786958694458,0.0,0.0,0.0,0.0,-1.719352126121521,-1.719352126121521,1.0,-1.719352126121521,0.0,-4.440899848937988,2.3060476779937744,1.0,0.05737090855836868,1.0,0.0,0.0,0.05737090855836868,0.0,0.0,0.01014786958694458,0.0,0.2898521423339844,0.10771398991346359,0.06893153488636017,0.6662106513977051,0.5560718178749084,0.0,0.0,0.0,0.0,0.0,0.0,0.0,0.0,1.0,0.0,0.09371486306190491,0.3103163540363312,0.3576717674732208,0.022918665781617165,0.0,0.11576906591653824,0.11286775022745132,0.11286775022745132,0.2016095519065857,0.13453958928585052,5.7001708908543947e-11,0.0,0.0,4.167573928833008,4.167573928833008,2.308168411254883,2.308168411254883,0.8970643877983093,0.0,0.0,0.0,0.0,0.2898521423339844,0.13537289202213287,0.013911377638578415,0.8682682514190674,0.5560718178749084,0.07221201062202454,2.299452543258667,2.3117587566375732,2.308168411254883,2.2890713214874268,2.3060476779937744,0.15277542173862457,0.05629076808691025,1.0,2.348848342895508,2.3505892753601074,2.2938570976257324,0.0,0.0,0.0,0.0,0.0,0.0,0.0,,,,,,,,,,,,,,,,,0.00025
46,15364,train_epoch,0.03031232032066066,0.11055618094023831,0.11332588138694535,0.0,0.006521833408066256,0.006521833408066256,0.0,3.520736757866637,9.999999747378752e-05,0.029999999329447746,0.029999999329447746,0.029999999329447746,0.0010000000474974513,0.0010000000474974513,0.060876313396199734,0.011146132103697269,0.0,0.0,0.0,0.0,-1.7254798373062454,-1.7254798373062454,1.0,-1.7254798373062454,0.0,-4.442142173915566,2.301583179456745,1.0,0.060876313396199734,1.0,0.0,0.0,0.060876313396199734,0.0,0.0,0.011146132103697269,0.0,0.2990722511699814,0.10680514656587276,0.07399683153468692,0.7258455360720971,0.5664400870571593,0.0,0.0,0.0,0.0,0.0,0.0,0.0,0.0,1.0,0.0,0.0899546431254841,0.3072285073959899,0.35304923855259035,0.022755138157772088,0.0,0.11332588138694535,0.11055618094023831,0.11055618094023831,0.2013112692508155,0.14004983355899056,-4.87230324023689e-12,0.0,0.0,4.103178291977523,4.103178303398772,2.2860983224686033,2.2860983224686033,0.8802552003703431,0.0,0.0,0.0,0.0,0.29907224653009884,0.13237311238211072,0.009290571820512303,0.9059469912223473,0.5664400870571593,0.07672770724012823,2.2635223515733274,2.2921729416190506,2.2860983224686033,2.277711263673748,2.301583179456745,0.14642295883801168,0.054875022614608984,1.0,2.2591742277145386,2.259217806205064,2.2595062341518743,0.0,0.0,0.0,0.0,0.0,0.0,0.0,,,,,,,,,,,,,,,,,0.00025
46,15364,val,,,,,,,,,,,,,,,,,,,,,,,,,,,,,,,,,,,,,,,,,,,,,,,,,,,,,,,,,,,,,,,,,,,,,,,,,,,,,,,,,,,,,,,,,,,,,,,,,,,16.184171380223454,677.5460575550526,26.029714895769654,12.050955411550161,15.282517231262482,24.142610971224542,11.658795283721373,16.157608934350915,25.984514920254835,11.991047657287872,17.766056889886254,28.95123098139072,12.965132928109384,16.184171380223454,26.029714895769654,12.050955411550161,0.00025
47,15380,train,0.027636205777525902,0.10943109542131424,0.1117149144411087,0.0,0.006390490103513002,0.006390490103513002,0.0,3.520822048187256,9.999999747378752e-05,0.029999999329447746,0.029999999329447746,0.029999999329447746,0.0010000000474974513,0.0010000000474974513,0.05458509176969528,0.003346651792526245,0.0,0.0,0.0,0.0,-1.7456601858139038,-1.7456601858139038,1.0,-1.7456601858139038,0.0,-4.477159023284912,2.286287546157837,1.0,0.05458509176969528,1.0,0.0,0.0,0.05458509176969528,0.0,0.0,0.003346651792526245,0.0,0.3033466637134552,0.1072150394320488,0.060839563608169556,0.7125729918479919,0.5697460770606995,0.0,0.0,0.0,0.0,0.0,0.0,0.0,0.0,1.0,0.0,0.08394817262887955,0.29582154750823975,0.3491677939891815,0.02253933995962143,0.0,0.1117149144411087,0.10943109542131424,0.10943109542131424,0.2108907848596573,0.1515088677406311,2.4049465197073516e-10,0.0,0.0,4.212295055389404,4.212295055389404,2.270582437515259,2.270582437515259,0.9367022514343262,0.0,0.0,0.0,0.0,0.3033466637134552,0.1342242956161499,0.011431657709181309,0.8965966105461121,0.5697460770606995,0.08264400064945221,2.251223564147949,2.2766075134277344,2.270582437515259,2.2891974449157715,2.286287546157837,0.14400365948677063,0.0529615581035614,1.0,2.4837372303009033,2.3290860652923584,2.303990364074707,0.0,0.0,0.0,0.0,0.0,0.0,0.0,,,,,,,,,,,,,,,,,0.00025
47,15400,train,0.023819131776690483,0.10650413483381271,0.10820426046848297,0.0,0.006263947580009699,0.006263947580009699,0.0,3.5201327800750732,9.999999747378752e-05,0.029999999329447746,0.029999999329447746,0.029999999329447746,0.0010000000474974513,0.0010000000474974513,0.05581377446651459,0.013749271631240845,0.0,0.0,0.0,0.0,-1.748922348022461,-1.748922348022461,1.0,-1.748922348022461,0.0,-4.4749555587768555,2.236295700073242,1.0,0.05581377446651459,1.0,0.0,0.0,0.05581377446651459,0.0,0.0,0.013749271631240845,0.0,0.2862507104873657,0.10206737369298935,0.03583797067403793,0.6987668871879578,0.5605030059814453,0.0,0.0,0.0,0.0,0.0,0.0,0.0,0.0,1.0,0.0,0.08873382210731506,0.310621052980423,0.3453528583049774,0.022517448291182518,0.0,0.10820426046848297,0.10650413483381271,0.10650413483381271,0.1991981565952301,0.1436498761177063,2.237277862970899e-10,0.0,0.0,4.113344669342041,4.113344669342041,2.242450714111328,2.242450714111328,0.8662712574005127,0.0,0.0,0.0,0.0,0.2862507402896881,0.12375148385763168,0.004540661815553904,0.8765432238578796,0.5605030059814453,0.05559130385518074,2.2111384868621826,2.2494866847991943,2.242450714111328,2.213888168334961,2.236295700073242,0.13948196172714233,0.05381832271814346,1.0,2.209158420562744,2.3082027435302734,2.273526906967163,0.0,0.0,0.0,0.0,0.0,0.0,0.0,,,,,,,,,,,,,,,,,0.00025
47,15420,train,0.03306223079562187,0.11168082803487778,0.11386347562074661,0.0,0.006517638452351093,0.006517638452351093,0.0,3.4953806400299072,9.999999747378752e-05,0.029999999329447746,0.029999999329447746,0.029999999329447746,0.0010000000474974513,0.0010000000474974513,0.06178658455610275,0.0009059011936187744,0.0,0.0,0.0,0.0,-1.6999841928482056,-1.6999841928482056,1.0,-1.6999841928482056,0.0,-4.41037654876709,2.3391027450561523,1.0,0.06178658455610275,1.0,0.0,0.0,0.06178658455610275,0.0,0.0,0.0009059011936187744,0.0,0.2990941107273102,0.09767470508813858,0.0884631797671318,0.7196425795555115,0.5716506242752075,0.0,0.0,0.0,0.0,0.0,0.0,0.0,0.0,1.0,0.0,0.09501269459724426,0.3178615868091583,0.353385329246521,0.0233132466673851,0.0,0.11386347562074661,0.11168082803487778,0.11168082803487778,0.2060021311044693,0.14722149074077606,-7.932029338908464e-11,0.0,0.0,4.041703224182129,4.041702747344971,2.2954940795898438,2.2954940795898438,0.8894975781440735,0.0,0.0,0.0,0.0,0.2990941107273102,0.1257832646369934,0.01502250786870718,0.9366954565048218,0.5716506242752075,0.0678308829665184,2.272880792617798,2.300557851791382,2.2954940795898438,2.3013105392456055,2.3391027450561523,0.14265060424804688,0.05439706891775131,1.0,2.1396186351776123,2.212965488433838,2.229203462600708,0.0,0.0,0.0,0.0,0.0,0.0,0.0,,,,,,,,,,,,,,,,,0.00025
47,15440,train,0.03511660918593407,0.11370188742876053,0.11625577509403229,0.0,0.007258018013089895,0.007258018013089895,0.0,3.506223201751709,9.999999747378752e-05,0.029999999329447746,0.029999999329447746,0.029999999329447746,0.0010000000474974513,0.0010000000474974513,0.06210712343454361,0.00872725248336792,0.0,0.0,0.0,0.0,-1.7079272270202637,-1.7079272270202637,1.0,-1.7079272270202637,0.0,-4.4028449058532715,2.4022319316864014,1.0,0.06210712343454361,1.0,0.0,0.0,0.06210712343454361,0.0,0.0,0.00872725248336792,0.0,0.3087272644042969,0.102888323366642,0.07481440901756287,0.6879359483718872,0.5777986645698547,0.0,0.0,0.0,0.0,0.0,0.0,0.0,0.0,1.0,0.0,0.09197628498077393,0.3147840201854706,0.3643978536128998,0.023278599604964256,0.0,0.11625577509403229,0.11370188742876053,0.11370188742876053,0.19883812963962555,0.12884704768657684,4.3090048890137567e-11,0.0,0.0,4.109238147735596,4.1092376708984375,2.366206407546997,2.366206407546997,0.8746399879455566,0.0,0.0,0.0,0.0,0.3087272644042969,0.12864439189434052,0.006385576445609331,0.869329035282135,0.5777986645698547,0.07729779928922653,2.328005313873291,2.378235101699829,2.366206407546997,2.3793647289276123,2.4022319316864014,0.14821991324424744,0.056802600622177124,1.0,2.2289140224456787,2.2372992038726807,2.2104010581970215,0.0,0.0,0.0,0.0,0.0,0.0,0.0,,,,,,,,,,,,,,,,,0.00025
47,15460,train,0.024459101259708405,0.10489464551210403,0.10694116353988647,0.0,0.0066515603102743626,0.0066515603102743626,0.0,3.5236423015594482,9.999999747378752e-05,0.029999999329447746,0.029999999329447746,0.029999999329447746,0.0010000000474974513,0.0010000000474974513,0.05739305168390274,0.01994815468788147,0.0,0.0,0.0,0.0,-1.7075504064559937,-1.7075504064559937,1.0,-1.7075504064559937,0.0,-4.413198471069336,2.4228947162628174,1.0,0.05739305168390274,1.0,0.0,0.0,0.05739305168390274,0.0,0.0,0.01994815468788147,0.0,0.2800518870353699,0.10525675863027573,0.07033045589923859,0.6812376976013184,0.5512266159057617,0.0,0.0,0.0,0.0,0.0,0.0,0.0,0.0,1.0,0.0,0.08334615081548691,0.3005291819572449,0.3627775013446808,0.022777505218982697,0.0,0.10694116353988647,0.10489464551210403,0.10489464551210403,0.1893763244152069,0.10775434225797653,-2.1132684491220743e-10,0.0,0.0,4.018554210662842,4.018554210662842,2.369824171066284,2.369824171066284,0.8067225217819214,0.0,0.0,0.0,0.0,0.2800518572330475,0.12823987007141113,0.014318308793008327,0.8898648023605347,0.5512266159057617,0.05778186768293381,2.3238816261291504,2.3801634311676025,2.369824171066284,2.4080045223236084,2.4228947162628174,0.14488127827644348,0.05573305860161781,1.0,2.2753260135650635,2.31776762008667,2.2747368812561035,0.0,0.0,0.0,0.0,0.0,0.0,0.0,,,,,,,,,,,,,,,,,0.00025
47,15480,train,0.03450869396328926,0.11546481400728226,0.11974740028381348,0.0,0.006019560620188713,0.006019560620188713,0.0,3.565089702606201,9.999999747378752e-05,0.029999999329447746,0.029999999329447746,0.029999999329447746,0.0010000000474974513,0.0010000000474974513,0.05858905613422394,0.017267614603042603,0.0,0.0,0.0,0.0,-1.7586426734924316,-1.7586426734924316,1.0,-1.7586426734924316,0.0,-4.494836807250977,2.1727042198181152,1.0,0.05858905613422394,1.0,0.0,0.0,0.05858905613422394,0.0,0.0,0.017267614603042603,0.0,0.28273239731788635,0.10310149937868118,0.06242671236395836,0.7583317756652832,0.5527759790420532,0.0,0.0,0.0,0.0,0.0,0.0,0.0,0.0,1.0,0.0,0.08387449383735657,0.2955184876918793,0.3406108319759369,0.021354489028453827,0.0,0.11974740028381348,0.11546481400728226,0.11546481400728226,0.23149126768112183,0.19040842354297638,-3.495771172534745e-10,0.0,0.0,4.208000659942627,4.208000659942627,2.1820712089538574,2.1820712089538574,1.0278451442718506,0.0,0.0,0.0,0.0,0.28273239731788635,0.13091696798801422,0.01612665131688118,0.9341548681259155,0.5527759790420532,0.06495098769664764,2.175358772277832,2.1813149452209473,2.1820712089538574,2.1500587463378906,2.1727042198181152,0.1495947539806366,0.05170757323503494,1.0,2.266385793685913,2.331003189086914,2.2598719596862793,0.0,0.0,0.0,0.0,0.0,0.0,0.0,,,,,,,,,,,,,,,,,0.00025
47,15500,train,0.031682971864938736,0.11192084848880768,0.1135794073343277,0.0,0.006955782417207956,0.006955782417207956,0.0,3.541135549545288,9.999999747378752e-05,0.029999999329447746,0.029999999329447746,0.029999999329447746,0.0010000000474974513,0.0010000000474974513,0.05923227220773697,0.005353391170501709,0.0,0.0,0.0,0.0,-1.7263522148132324,-1.7263522148132324,1.0,-1.7263522148132324,0.0,-4.45819091796875,2.326188087463379,1.0,0.05923227220773697,1.0,0.0,0.0,0.05923227220773697,0.0,0.0,0.005353391170501709,0.0,0.29464665055274963,0.1097177267074585,0.0431300550699234,0.80858314037323,0.5602065324783325,0.0,0.0,0.0,0.0,0.0,0.0,0.0,0.0,1.0,0.0,0.08882863074541092,0.3028569519519806,0.3559911251068115,0.02223154902458191,0.0,0.1135794073343277,0.11192084848880768,0.11192084848880768,0.20728673040866852,0.149587482213974,7.438234056467152e-11,0.0,0.0,4.218817710876465,4.218817710876465,2.326975107192993,2.326975107192993,0.9352010488510132,0.0,0.0,0.0,0.0,0.29464662075042725,0.13706359267234802,0.0067748092114925385,0.9159148931503296,0.5602065324783325,0.0820925310254097,2.299581527709961,2.3335766792297363,2.326975107192993,2.3131558895111084,2.326188087463379,0.1443018913269043,0.054123081266880035,1.0,2.4044997692108154,2.2861781120300293,2.2706286907196045,0.0,0.0,0.0,0.0,0.0,0.0,0.0,,,,,,,,,,,,,,,,,0.00025
47,15520,train,0.02973294071853161,0.10966227203607559,0.11230440437793732,0.0,0.006413432769477367,0.006413432769477367,0.0,3.547290563583374,9.999999747378752e-05,0.029999999329447746,0.029999999329447746,0.029999999329447746,0.0010000000474974513,0.0010000000474974513,0.0635843575000763,0.01022300124168396,0.0,0.0,0.0,0.0,-1.7168525457382202,-1.7168525457382202,1.0,-1.7168525457382202,0.0,-4.417755126953125,2.3491220474243164,1.0,0.0635843575000763,1.0,0.0,0.0,0.0635843575000763,0.0,0.0,0.01022300124168396,0.0,0.3102229833602905,0.09950309246778488,0.0940273329615593,0.6804916262626648,0.5814691781997681,0.0,0.0,0.0,0.0,0.0,0.0,0.0,0.0,1.0,0.0,0.0973314642906189,0.31631067395210266,0.3600105047225952,0.022280387580394745,0.0,0.11230440437793732,0.10966227203607559,0.10966227203607559,0.22013168036937714,0.16657856106758118,-4.5270934223573533e-10,0.0,0.0,4.122037410736084,4.122036933898926,2.330146312713623,2.330146312713623,0.9674291610717773,0.0,0.0,0.0,0.0,0.3102230131626129,0.1250520944595337,0.011639733798801899,0.9013476967811584,0.5814691781997681,0.07089461386203766,2.2953708171844482,2.340198516845703,2.330146312713623,2.309908628463745,2.3491220474243164,0.14837127923965454,0.055041730403900146,1.0,2.0690557956695557,2.1170616149902344,2.0566635131835938,0.0,0.0,0.0,0.0,0.0,0.0,0.0,,,,,,,,,,,,,,,,,0.00025
47,15540,train,0.014398409985005856,0.09579560160636902,0.09810496121644974,0.0,0.006189350970089436,0.006189350970089436,0.0,3.4990105628967285,9.999999747378752e-05,0.029999999329447746,0.029999999329447746,0.029999999329447746,0.0010000000474974513,0.0010000000474974513,0.061064280569553375,0.018104583024978638,0.0,0.0,0.0,0.0,-1.6938822269439697,-1.6938822269439697,1.0,-1.6938822269439697,0.0,-4.360036849975586,2.425391674041748,1.0,0.061064280569553375,1.0,0.0,0.0,0.061064280569553375,0.0,0.0,0.018104583024978638,0.0,0.2818954288959503,0.12064365297555923,0.07236655801534653,0.7343698740005493,0.5463768839836121,0.0,0.0,0.0,0.0,0.0,0.0,0.0,0.0,1.0,0.0,0.09003303200006485,0.2997164726257324,0.372012734413147,0.023559734225273132,0.0,0.09810496121644974,0.09579560160636902,0.09579560160636902,0.16897955536842346,0.08364147692918777,-3.140910032062294e-10,0.0,0.0,4.005562782287598,4.0055623054504395,2.412365198135376,2.412365198135376,0.7253707051277161,0.0,0.0,0.0,0.0,0.2818954288959503,0.1388755887746811,0.015926161780953407,0.9282635450363159,0.5463768839836121,0.07879902422428131,2.3714969158172607,2.420903444290161,2.412365198135376,2.3771610260009766,2.425391674041748,0.14909560978412628,0.05955546349287033,1.0,2.239309310913086,2.2476210594177246,2.2819509506225586,0.0,0.0,0.0,0.0,0.0,0.0,0.0,,,,,,,,,,,,,,,,,0.00025
47,15560,train,0.03261147812008858,0.11135423183441162,0.11487619578838348,0.0,0.007118786219507456,0.007118786219507456,0.0,3.5276906490325928,9.999999747378752e-05,0.029999999329447746,0.029999999329447746,0.029999999329447746,0.0010000000474974513,0.0010000000474974513,0.06286642700433731,0.013398051261901855,0.0,0.0,0.0,0.0,-1.706009864807129,-1.706009864807129,1.0,-1.706009864807129,0.0,-4.413816452026367,2.265192747116089,1.0,0.06286642700433731,1.0,0.0,0.0,0.06286642700433731,0.0,0.0,0.013398051261901855,0.0,0.2866019606590271,0.0957590714097023,0.08910951018333435,0.7630640864372253,0.5590782165527344,0.0,0.0,0.0,0.0,0.0,0.0,0.0,0.0,1.0,0.0,0.09076505154371262,0.31744584441185,0.35635247826576233,0.022610872983932495,0.0,0.11487619578838348,0.11135423183441162,0.11135423183441162,0.2042020559310913,0.14710724353790283,3.50279472094428e-10,0.0,0.0,4.1032795906066895,4.1032795906066895,2.290667772293091,2.290667772293091,0.8929902911186218,0.0,0.0,0.0,0.0,0.2866019606590271,0.1271275132894516,0.008442397229373455,0.9074001908302307,0.5590782165527344,0.06165748089551926,2.271611452102661,2.2965095043182373,2.290667772293091,2.231919527053833,2.265192747116089,0.15253275632858276,0.056662604212760925,1.0,2.2786436080932617,2.2687244415283203,2.2367324829101562,0.0,0.0,0.0,0.0,0.0,0.0,0.0,,,,,,,,,,,,,,,,,0.00025
47,15580,train,0.02121032029390335,0.10116565227508545,0.10414385050535202,0.0,0.006513134576380253,0.006513134576380253,0.0,3.523827314376831,9.999999747378752e-05,0.029999999329447746,0.029999999329447746,0.029999999329447746,0.0010000000474974513,0.0010000000474974513,0.0644059032201767,0.018512219190597534,0.0,0.0,0.0,0.0,-1.69024658203125,-1.69024658203125,1.0,-1.69024658203125,0.0,-4.374194622039795,2.366658926010132,1.0,0.0644059032201767,1.0,0.0,0.0,0.0644059032201767,0.0,0.0,0.018512219190597534,0.0,0.2814877927303314,0.09940133988857269,0.05473951995372772,0.7053437232971191,0.5542017817497253,0.0,0.0,0.0,0.0,0.0,0.0,0.0,0.0,1.0,0.0,0.09567760676145554,0.3247554302215576,0.36922845244407654,0.022955426946282387,0.0,0.10414385050535202,0.10116565227508545,0.10116565227508545,0.19538475573062897,0.11735554784536362,2.3383267544474506e-10,0.0,0.0,4.034568786621094,4.034568786621094,2.392185688018799,2.392185688018799,0.8404132723808289,0.0,0.0,0.0,0.0,0.2814877927303314,0.12558434903621674,0.002447206526994705,0.9115827679634094,0.5542017817497253,0.05556066334247589,2.3521883487701416,2.4030675888061523,2.392185688018799,2.3325812816619873,2.366658926010132,0.15134447813034058,0.058986663818359375,1.0,2.2254743576049805,2.2504656314849854,2.256377696990967,0.0,0.0,0.0,0.0,0.0,0.0,0.0,,,,,,,,,,,,,,,,,0.00025
47,15600,train,0.024902474135160446,0.10790473967790604,0.1107175424695015,0.0,0.006428087595850229,0.006428087595850229,0.0,3.504429817199707,9.999999747378752e-05,0.029999999329447746,0.029999999329447746,0.029999999329447746,0.0010000000474974513,0.0010000000474974513,0.05913658067584038,0.01107075810432434,0.0,0.0,0.0,0.0,-1.7626545429229736,-1.7626545429229736,1.0,-1.7626545429229736,0.0,-4.498635768890381,2.2531676292419434,1.0,0.05913658067584038,1.0,0.0,0.0,0.05913658067584038,0.0,0.0,0.01107075810432434,0.0,0.2889292240142822,0.11044134944677353,0.053233563899993896,0.7345731258392334,0.5574232339859009,0.0,0.0,0.0,0.0,0.0,0.0,0.0,0.0,1.0,0.0,0.08501195162534714,0.30595070123672485,0.33974897861480713,0.02298569306731224,0.0,0.1107175424695015,0.10790473967790604,0.10790473967790604,0.18794062733650208,0.136074036359787,7.113479943976486e-11,0.0,0.0,4.103789806365967,4.103789806365967,2.215946674346924,2.215946674346924,0.8261897563934326,0.0,0.0,0.0,0.0,0.2889292538166046,0.13146229088306427,0.0077560096979141235,0.9024325609207153,0.5574232339859009,0.06344975531101227,2.2115867137908936,2.216012716293335,2.215946674346924,2.2415175437927246,2.2531676292419434,0.1374276578426361,0.05271115154027939,1.0,2.3068037033081055,2.2399919033050537,2.2282166481018066,0.0,0.0,0.0,0.0,0.0,0.0,0.0,,,,,,,,,,,,,,,,,0.00025
47,15620,train,0.030315808951854706,0.11103317886590958,0.11368833482265472,0.0,0.006454847753047943,0.006454847753047943,0.0,3.513612747192383,9.999999747378752e-05,0.029999999329447746,0.029999999329447746,0.029999999329447746,0.0010000000474974513,0.0010000000474974513,0.06424950808286667,0.011100083589553833,0.0,0.0,0.0,0.0,-1.7345900535583496,-1.7345900535583496,1.0,-1.7345900535583496,0.0,-4.448988914489746,2.2181131839752197,1.0,0.06424950808286667,1.0,0.0,0.0,0.06424950808286667,0.0,0.0,0.011100083589553833,0.0,0.3111000955104828,0.12428069859743118,0.06645919382572174,0.8110101222991943,0.5704585909843445,0.0,0.0,0.0,0.0,0.0,0.0,0.0,0.0,1.0,0.0,0.09334899485111237,0.3044482469558716,0.34940770268440247,0.02287076786160469,0.0,0.11368833482265472,0.11103317886590958,0.11103317886590958,0.2141796350479126,0.16032080352306366,-2.946795585323514e-10,0.0,0.0,4.05579948425293,4.05579948425293,2.256986141204834,2.256986141204834,0.9203283190727234,0.0,0.0,0.0,0.0,0.3111000955104828,0.1436869502067566,0.010907826013863087,0.9326558709144592,0.5704585909843445,0.10021446645259857,2.255267858505249,2.257765054702759,2.256986141204834,2.183178663253784,2.2181131839752197,0.14728452265262604,0.05555933713912964,1.0,2.108593463897705,2.180656671524048,2.218311309814453,0.0,0.0,0.0,0.0,0.0,0.0,0.0,,,,,,,,,,,,,,,,,0.00025
47,15640,train,0.03241579607129097,0.1121126040816307,0.11468064785003662,0.0,0.007148718927055597,0.007148718927055597,0.0,3.5150346755981445,9.999999747378752e-05,0.029999999329447746,0.029999999329447746,0.029999999329447746,0.0010000000474974513,0.0010000000474974513,0.06033097952604294,0.0036064982414245605,0.0,0.0,0.0,0.0,-1.721047282218933,-1.721047282218933,1.0,-1.721047282218933,0.0,-4.436640739440918,2.2537074089050293,1.0,0.06033097952604294,1.0,0.0,0.0,0.06033097952604294,0.0,0.0,0.0036064982414245605,0.0,0.3036065101623535,0.10567546635866165,0.07014495134353638,0.7211605310440063,0.571255624294281,0.0,0.0,0.0,0.0,0.0,0.0,0.0,0.0,1.0,0.0,0.08815282583236694,0.31065288186073303,0.35609349608421326,0.02289791777729988,0.0,0.11468064785003662,0.1121126040816307,0.1121126040816307,0.20855920016765594,0.15467283129692078,1.6335026387093166e-10,0.0,0.0,4.093843936920166,4.093843936920166,2.2969226837158203,2.2969226837158203,0.9089436531066895,0.0,0.0,0.0,0.0,0.3036065101623535,0.13264405727386475,0.007993108592927456,0.8989890813827515,0.571255624294281,0.08005515486001968,2.279564142227173,2.3024814128875732,2.2969226837158203,2.2248194217681885,2.2537074089050293,0.14842505753040314,0.05554964020848274,1.0,2.274686813354492,2.257181167602539,2.261279582977295,0.0,0.0,0.0,0.0,0.0,0.0,0.0,,,,,,,,,,,,,,,,,0.00025
47,15660,train,0.027226710692048073,0.10802025347948074,0.11074364185333252,0.0,0.006204736884683371,0.006204736884683371,0.0,3.5273828506469727,9.999999747378752e-05,0.029999999329447746,0.029999999329447746,0.029999999329447746,0.0010000000474974513,0.0010000000474974513,0.06044716015458107,0.019546329975128174,0.0,0.0,0.0,0.0,-1.726019024848938,-1.726019024848938,1.0,-1.726019024848938,0.0,-4.422667026519775,2.382575750350952,1.0,0.06044716015458107,1.0,0.0,0.0,0.06044716015458107,0.0,0.0,0.019546329975128174,0.0,0.3195463716983795,0.10741685330867767,0.08140338957309723,0.7760331034660339,0.5856901407241821,0.0,0.0,0.0,0.0,0.0,0.0,0.0,0.0,1.0,0.0,0.096266970038414,0.3095109760761261,0.35904985666275024,0.022640952840447426,0.0,0.11074364185333252,0.10802025347948074,0.10802025347948074,0.20014908909797668,0.14020581543445587,2.749810101843053e-10,0.0,0.0,4.015620231628418,4.015620708465576,2.3412678241729736,2.3412678241729736,0.8533341288566589,0.0,0.0,0.0,0.0,0.31954634189605713,0.1315496265888214,0.008196499198675156,0.9263485074043274,0.5856901407241821,0.09053309261798859,2.300985097885132,2.3519554138183594,2.3412678241729736,2.341867446899414,2.382575750350952,0.14229002594947815,0.05473935231566429,1.0,2.1729578971862793,2.2064321041107178,2.1824283599853516,0.0,0.0,0.0,0.0,0.0,0.0,0.0,,,,,,,,,,,,,,,,,0.00025
47,15680,train,0.02417883276939392,0.10548140853643417,0.10771533846855164,0.0,0.006308940704911947,0.006308940704911947,0.0,3.547642946243286,9.999999747378752e-05,0.029999999329447746,0.029999999329447746,0.029999999329447746,0.0010000000474974513,0.0010000000474974513,0.05238780751824379,0.00799611210823059,0.0,0.0,0.0,0.0,-1.7241675853729248,-1.7241675853729248,1.0,-1.7241675853729248,0.0,-4.444547653198242,2.2800610065460205,1.0,0.05238780751824379,1.0,0.0,0.0,0.05238780751824379,0.0,0.0,0.00799611210823059,0.0,0.29200389981269836,0.10932548344135284,0.06775274872779846,0.7693157196044922,0.5574302077293396,0.0,0.0,0.0,0.0,0.0,0.0,0.0,0.0,1.0,0.0,0.09280860424041748,0.3159395754337311,0.3532557487487793,0.022028420120477676,0.0,0.10771533846855164,0.10548140853643417,0.10548140853643417,0.20401036739349365,0.14721359312534332,-3.426882944079779e-10,0.0,0.0,4.078004360198975,4.078004837036133,2.2835655212402344,2.2835655212402344,0.8832677006721497,0.0,0.0,0.0,0.0,0.29200389981269836,0.13639648258686066,0.006712698843330145,0.9211004376411438,0.5574302077293396,0.07162990421056747,2.2573647499084473,2.2890310287475586,2.2835655212402344,2.258922576904297,2.2800610065460205,0.14717403054237366,0.05584578961133957,1.0,2.2059779167175293,2.2640557289123535,2.266117572784424,0.0,0.0,0.0,0.0,0.0,0.0,0.0,,,,,,,,,,,,,,,,,0.00025
47,15698,train_epoch,0.030231816103001553,0.11045207904127544,0.11319582583661565,0.0,0.0065328959155337004,0.0065328959155337004,0.0,3.5249572328464716,9.999999747378752e-05,0.029999999329447746,0.029999999329447746,0.029999999329447746,0.0010000000474974513,0.0010000000474974513,0.06030682231227081,0.01033172484286531,0.0,0.0,0.0,0.0,-1.7246425273175725,-1.7246425273175725,1.0,-1.7246425273175725,0.0,-4.44055011743557,2.300746070410677,1.0,0.06030682231227081,1.0,0.0,0.0,0.06030682231227081,0.0,0.0,0.01033172484286531,0.0,0.2994842557849998,0.10698226464544228,0.07367927558764727,0.7354010347120776,0.5667679784540645,0.0,0.0,0.0,0.0,0.0,0.0,0.0,0.0,1.0,0.0,0.08846783820918934,0.3076385487160997,0.35277972624687376,0.022589839130506186,0.0,0.11319582583661565,0.11045207904127544,0.11045207904127544,0.20274415790677786,0.14317595713331313,-2.4634675557296207e-11,0.0,0.0,4.104689855775433,4.104689865769027,2.2855488475925196,2.2855488475925196,0.8865786612390758,0.0,0.0,0.0,0.0,0.2994842503420607,0.13261218931146723,0.00964550694386603,0.9075777992873848,0.5667679784540645,0.07772805045420181,2.263699092550906,2.291284529034963,2.2855488475925196,2.2776900908190334,2.300746070410677,0.14617183411906579,0.054534113224216564,1.0,2.2586350355319635,2.2578303978114787,2.258226503869017,0.0,0.0,0.0,0.0,0.0,0.0,0.0,,,,,,,,,,,,,,,,,0.00025
47,15698,val,,,,,,,,,,,,,,,,,,,,,,,,,,,,,,,,,,,,,,,,,,,,,,,,,,,,,,,,,,,,,,,,,,,,,,,,,,,,,,,,,,,,,,,,,,,,,,,,,,,16.223160576176,679.7585157789625,26.072178961087285,11.666186818131456,15.53521475491223,24.37769024005871,11.596026102701822,16.152303571099633,25.999877464127287,11.453724710790961,17.597137773359144,28.820853094711136,12.205257239642444,16.223160576176,26.072178961087285,11.666186818131456,0.00025
48,15700,train,0.030727237462997437,0.11109806597232819,0.1139848530292511,0.0,0.007053397595882416,0.007053397595882416,0.0,3.5539634227752686,9.999999747378752e-05,0.029999999329447746,0.029999999329447746,0.029999999329447746,0.0010000000474974513,0.0010000000474974513,0.05614989995956421,0.01557910442352295,0.0,0.0,0.0,0.0,-1.7301089763641357,-1.7301089763641357,1.0,-1.7301089763641357,0.0,-4.443606853485107,2.3788135051727295,1.0,0.05614989995956421,1.0,0.0,0.0,0.05614989995956421,0.0,0.0,0.01557910442352295,0.0,0.3155791163444519,0.1016099750995636,0.08944089710712433,0.7545592188835144,0.5817636251449585,0.0,0.0,0.0,0.0,0.0,0.0,0.0,0.0,1.0,0.0,0.0879557803273201,0.30349817872047424,0.3591426610946655,0.021924978122115135,0.0,0.1139848530292511,0.11109806597232819,0.11109806597232819,0.20880228281021118,0.13760611414909363,5.183551365917083e-10,0.0,0.0,4.1427001953125,4.1427001953125,2.3430004119873047,2.3430004119873047,0.9171638488769531,0.0,0.0,0.0,0.0,0.3155791163444519,0.1324835568666458,0.010356968268752098,0.9075989127159119,0.5817636251449585,0.09335172176361084,2.301926851272583,2.355806589126587,2.3430004119873047,2.3713276386260986,2.3788135051727295,0.14520785212516785,0.05360741540789604,1.0,2.4104268550872803,2.3447999954223633,2.317840576171875,0.0,0.0,0.0,0.0,0.0,0.0,0.0,,,,,,,,,,,,,,,,,0.00025
48,15720,train,0.030640387907624245,0.11160430312156677,0.11401790380477905,0.0,0.006263247691094875,0.006263247691094875,0.0,3.533771514892578,9.999999747378752e-05,0.029999999329447746,0.029999999329447746,0.029999999329447746,0.0010000000474974513,0.0010000000474974513,0.05968022346496582,0.0003288686275482178,0.0,0.0,0.0,0.0,-1.739479660987854,-1.739479660987854,1.0,-1.739479660987854,0.0,-4.470854759216309,2.27966570854187,1.0,0.05968022346496582,1.0,0.0,0.0,0.05968022346496582,0.0,0.0,0.0003288686275482178,0.0,0.29967114329338074,0.10640048235654831,0.08300050348043442,0.8132160902023315,0.5688614249229431,0.0,0.0,0.0,0.0,0.0,0.0,0.0,0.0,1.0,0.0,0.08708187937736511,0.29910582304000854,0.34691712260246277,0.02223852276802063,0.0,0.11401790380477905,0.11160430312156677,0.11160430312156677,0.2030191868543625,0.148198664188385,2.534729093284227e-10,0.0,0.0,4.079566955566406,4.079566955566406,2.2596237659454346,2.2596237659454346,0.8790873885154724,0.0,0.0,0.0,0.0,0.29967114329338074,0.1315208375453949,0.018467390909790993,0.9287419319152832,0.5688614249229431,0.07889093458652496,2.2584757804870605,2.2589962482452393,2.2596237659454346,2.2529196739196777,2.27966570854187,0.1459660679101944,0.05375782400369644,1.0,2.198024272918701,2.2461936473846436,2.2553138732910156,0.0,0.0,0.0,0.0,0.0,0.0,0.0,,,,,,,,,,,,,,,,,0.00025
48,15740,train,0.027196437120437622,0.10619460791349411,0.10975522547960281,0.0,0.006510565523058176,0.006510565523058176,0.0,3.5106489658355713,9.999999747378752e-05,0.029999999329447746,0.029999999329447746,0.029999999329447746,0.0010000000474974513,0.0010000000474974513,0.05330304801464081,0.008056968450546265,0.0,0.0,0.0,0.0,-1.6926159858703613,-1.6926159858703613,1.0,-1.6926159858703613,0.0,-4.390190601348877,2.3769938945770264,1.0,0.05330304801464081,1.0,0.0,0.0,0.05330304801464081,0.0,0.0,0.008056968450546265,0.0,0.30805695056915283,0.11768610030412674,0.06855127215385437,0.7370567321777344,0.5657259225845337,0.0,0.0,0.0,0.0,0.0,0.0,0.0,0.0,1.0,0.0,0.0868394747376442,0.3045259118080139,0.3597995638847351,0.02304929308593273,0.0,0.10975522547960281,0.10619460791349411,0.10619460791349411,0.18956410884857178,0.11782850325107574,4.5914813617820016e-10,0.0,0.0,4.123584747314453,4.123584747314453,2.3228421211242676,2.3228421211242676,0.833733320236206,0.0,0.0,0.0,0.0,0.3080569803714752,0.1454637199640274,0.008347604423761368,0.9200157523155212,0.5657259225845337,0.10130208730697632,2.310882329940796,2.32741641998291,2.3228421211242676,2.360168933868408,2.3769938945770264,0.14976979792118073,0.05490495637059212,1.0,2.4891719818115234,2.3633365631103516,2.3831095695495605,0.0,0.0,0.0,0.0,0.0,0.0,0.0,,,,,,,,,,,,,,,,,0.00025
48,15760,train,0.034458085894584656,0.11620845645666122,0.11920993775129318,0.0,0.006560391280800104,0.006560391280800104,0.0,3.550294876098633,9.999999747378752e-05,0.029999999329447746,0.029999999329447746,0.029999999329447746,0.0010000000474974513,0.0010000000474974513,0.06137624755501747,0.012633860111236572,0.0,0.0,0.0,0.0,-1.77030348777771,-1.77030348777771,1.0,-1.77030348777771,0.0,-4.529132843017578,2.2081398963928223,1.0,0.06137624755501747,1.0,0.0,0.0,0.06137624755501747,0.0,0.0,0.012633860111236572,0.0,0.3126338720321655,0.11893416941165924,0.055320121347904205,0.7390927076339722,0.5728877186775208,0.0,0.0,0.0,0.0,0.0,0.0,0.0,0.0,1.0,0.0,0.07641240209341049,0.2950587272644043,0.33486080169677734,0.02171332761645317,0.0,0.11920993775129318,0.11620845645666122,0.11620845645666122,0.21225084364414215,0.1676235944032669,-4.1001681216901176e-11,0.0,0.0,4.16690731048584,4.16690731048584,2.1766819953918457,2.1766819953918457,0.9385984539985657,0.0,0.0,0.0,0.0,0.3126338720321655,0.1412411332130432,0.00508478470146656,0.9285383820533752,0.5728877186775208,0.10111826658248901,2.1792778968811035,2.174583673477173,2.1766819953918457,2.2015819549560547,2.2081398963928223,0.14096207916736603,0.0510755330324173,1.0,2.1785786151885986,2.2529358863830566,2.2252895832061768,0.0,0.0,0.0,0.0,0.0,0.0,0.0,,,,,,,,,,,,,,,,,0.00025
48,15780,train,0.031963735818862915,0.11211368441581726,0.11493834108114243,0.0,0.006578253116458654,0.006578253116458654,0.0,3.53688907623291,9.999999747378752e-05,0.029999999329447746,0.029999999329447746,0.029999999329447746,0.0010000000474974513,0.0010000000474974513,0.0584929995238781,0.0029681622982025146,0.0,0.0,0.0,0.0,-1.7291686534881592,-1.7291686534881592,1.0,-1.7291686534881592,0.0,-4.428958892822266,2.2803914546966553,1.0,0.0584929995238781,1.0,0.0,0.0,0.0584929995238781,0.0,0.0,0.0029681622982025146,0.0,0.30296817421913147,0.10642897337675095,0.06491073966026306,0.7151039838790894,0.5721741318702698,0.0,0.0,0.0,0.0,0.0,0.0,0.0,0.0,1.0,0.0,0.09564194083213806,0.3156031668186188,0.3501003682613373,0.0222663301974535,0.0,0.11493834108114243,0.11211368441581726,0.11211368441581726,0.22593170404434204,0.17685942351818085,2.5578703044537576e-10,0.0,0.0,4.095770835876465,4.095770835876465,2.267611503601074,2.267611503601074,0.9859462976455688,0.0,0.0,0.0,0.0,0.30296817421913147,0.12947192788124084,0.011471542529761791,0.8875171542167664,0.5721741318702698,0.07478554546833038,2.2520997524261475,2.271050453186035,2.267611503601074,2.2574613094329834,2.2803914546966553,0.15073426067829132,0.0538603775203228,1.0,2.234841823577881,2.228806257247925,2.251668930053711,0.0,0.0,0.0,0.0,0.0,0.0,0.0,,,,,,,,,,,,,,,,,0.00025
48,15800,train,0.02594882622361183,0.10719025135040283,0.109296515583992,0.0,0.006340653169900179,0.006340653169900179,0.0,3.5041663646698,9.999999747378752e-05,0.029999999329447746,0.029999999329447746,0.029999999329447746,0.0010000000474974513,0.0010000000474974513,0.06662098318338394,0.015714406967163086,0.0,0.0,0.0,0.0,-1.7287282943725586,-1.7287282943725586,1.0,-1.7287282943725586,0.0,-4.450179100036621,2.361860752105713,1.0,0.06662098318338394,1.0,0.0,0.0,0.06662098318338394,0.0,0.0,0.015714406967163086,0.0,0.31571444869041443,0.10918446630239487,0.056449711322784424,0.781899094581604,0.5813548564910889,0.0,0.0,0.0,0.0,0.0,0.0,0.0,0.0,1.0,0.0,0.09412004053592682,0.306943416595459,0.3584951162338257,0.023297825828194618,0.0,0.109296515583992,0.10719025135040283,0.10719025135040283,0.19521699845790863,0.11873679608106613,-9.950503095101926e-12,0.0,0.0,4.0944952964782715,4.0944952964782715,2.347435474395752,2.347435474395752,0.8523277640342712,0.0,0.0,0.0,0.0,0.31571441888809204,0.13277342915534973,0.012642989866435528,0.9445858597755432,0.5813548564910889,0.08555454015731812,2.3218793869018555,2.3554623126983643,2.347435474395752,2.354926586151123,2.361860752105713,0.1428171545267105,0.055014707148075104,1.0,2.292884588241577,2.216491222381592,2.177363157272339,0.0,0.0,0.0,0.0,0.0,0.0,0.0,,,,,,,,,,,,,,,,,0.00025
48,15820,train,0.03120807744562626,0.11203353106975555,0.11532962322235107,0.0,0.006406410131603479,0.006406410131603479,0.0,3.531644582748413,9.999999747378752e-05,0.029999999329447746,0.029999999329447746,0.029999999329447746,0.0010000000474974513,0.0010000000474974513,0.05613172799348831,0.009365737438201904,0.0,0.0,0.0,0.0,-1.7417038679122925,-1.7417038679122925,1.0,-1.7417038679122925,0.0,-4.471353530883789,2.253941297531128,1.0,0.05613172799348831,1.0,0.0,0.0,0.05613172799348831,0.0,0.0,0.009365737438201904,0.0,0.30936574935913086,0.11643728613853455,0.074657142162323,0.770614504814148,0.5714088082313538,0.0,0.0,0.0,0.0,0.0,0.0,0.0,0.0,1.0,0.0,0.08323661983013153,0.30237478017807007,0.3437359035015106,0.022218436002731323,0.0,0.11532962322235107,0.11203353106975555,0.11203353106975555,0.19987104833126068,0.15167488157749176,-3.0694993768953793e-10,0.0,0.0,4.058243274688721,4.058243274688721,2.2226829528808594,2.2226829528808594,0.8636747002601624,0.0,0.0,0.0,0.0,0.30936574935913086,0.14059695601463318,0.012820701114833355,0.941794753074646,0.5714088082313538,0.10059743374586105,2.211130380630493,2.2241029739379883,2.2226829528808594,2.2498509883880615,2.253941297531128,0.14072974026203156,0.05142004415392876,1.0,2.2619142532348633,2.265718936920166,2.322035551071167,0.0,0.0,0.0,0.0,0.0,0.0,0.0,,,,,,,,,,,,,,,,,0.00025
48,15840,train,0.019128376618027687,0.09994897246360779,0.1022074967622757,0.0,0.005598296876996756,0.005598296876996756,0.0,3.4960556030273438,9.999999747378752e-05,0.029999999329447746,0.029999999329447746,0.029999999329447746,0.0010000000474974513,0.0010000000474974513,0.06669212132692337,0.0007384717464447021,0.0,0.0,0.0,0.0,-1.6974514722824097,-1.6974514722824097,1.0,-1.6974514722824097,0.0,-4.377310752868652,2.4671432971954346,1.0,0.06669212132692337,1.0,0.0,0.0,0.06669212132692337,0.0,0.0,0.0007384717464447021,0.0,0.29926154017448425,0.10043731331825256,0.10990744829177856,0.7192083597183228,0.5685824751853943,0.0,0.0,0.0,0.0,0.0,0.0,0.0,0.0,1.0,0.0,0.10056470334529877,0.294643372297287,0.37824028730392456,0.023815859109163284,0.0,0.1022074967622757,0.09994897246360779,0.09994897246360779,0.17776672542095184,0.08923834562301636,-8.004945595274648e-10,0.0,0.0,3.9998011589050293,3.9998011589050293,2.4721503257751465,2.4721503257751465,0.7648245692253113,0.0,0.0,0.0,0.0,0.29926154017448425,0.13154515624046326,0.020611269399523735,0.88573157787323,0.5685824751853943,0.07987132668495178,2.4175431728363037,2.4884462356567383,2.4721503257751465,2.434357166290283,2.4671432971954346,0.14924359321594238,0.05794249847531319,1.0,2.185239315032959,2.2477970123291016,2.249439239501953,0.0,0.0,0.0,0.0,0.0,0.0,0.0,,,,,,,,,,,,,,,,,0.00025
48,15860,train,0.03176268935203552,0.11104463040828705,0.11470232158899307,0.0,0.006394267547875643,0.006394267547875643,0.0,3.5153849124908447,9.999999747378752e-05,0.029999999329447746,0.029999999329447746,0.029999999329447746,0.0010000000474974513,0.0010000000474974513,0.058247409760951996,0.00021147727966308594,0.0,0.0,0.0,0.0,-1.7137372493743896,-1.7137372493743896,1.0,-1.7137372493743896,0.0,-4.420135974884033,2.2944068908691406,1.0,0.058247409760951996,1.0,0.0,0.0,0.058247409760951996,0.0,0.0,0.00021147727966308594,0.0,0.29978853464126587,0.09658994525671005,0.0941893458366394,0.700454831123352,0.5662845969200134,0.0,0.0,0.0,0.0,0.0,0.0,0.0,0.0,1.0,0.0,0.09326723963022232,0.3099776804447174,0.357304185628891,0.02274795062839985,0.0,0.11470232158899307,0.11104463040828705,0.11104463040828705,0.20642812550067902,0.15062545239925385,1.2774326041409267e-10,0.0,0.0,4.158000946044922,4.158000946044922,2.2997734546661377,2.2997734546661377,0.917173445224762,0.0,0.0,0.0,0.0,0.29978853464126587,0.13447439670562744,0.004860845860093832,0.9046922922134399,0.5662845969200134,0.08147978782653809,2.2965950965881348,2.300678253173828,2.2997734546661377,2.2887799739837646,2.2944068908691406,0.15037408471107483,0.054481539875268936,1.0,2.3313419818878174,2.3118813037872314,2.3213748931884766,0.0,0.0,0.0,0.0,0.0,0.0,0.0,,,,,,,,,,,,,,,,,0.00025
48,15880,train,0.02378471940755844,0.10628888010978699,0.10846725106239319,0.0,0.0064690872095525265,0.0064690872095525265,0.0,3.532482385635376,9.999999747378752e-05,0.029999999329447746,0.029999999329447746,0.029999999329447746,0.0010000000474974513,0.0010000000474974513,0.059483371675014496,0.007909119129180908,0.0,0.0,0.0,0.0,-1.7468721866607666,-1.7468721866607666,1.0,-1.7468721866607666,0.0,-4.480113983154297,2.2652626037597656,1.0,0.059483371675014496,1.0,0.0,0.0,0.059483371675014496,0.0,0.0,0.007909119129180908,0.0,0.29209089279174805,0.10315370559692383,0.07452806085348129,0.727803111076355,0.5622572898864746,0.0,0.0,0.0,0.0,0.0,0.0,0.0,0.0,1.0,0.0,0.08944344520568848,0.30738121271133423,0.3503616750240326,0.022372299805283546,0.0,0.10846725106239319,0.10628888010978699,0.10628888010978699,0.1933670938014984,0.1317988485097885,-3.075027454890744e-10,0.0,0.0,4.045236587524414,4.045236587524414,2.280968189239502,2.280968189239502,0.8291652798652649,0.0,0.0,0.0,0.0,0.29209089279174805,0.12951233983039856,0.01392022892832756,0.9026693105697632,0.5622572898864746,0.06853554397821426,2.2561817169189453,2.290093421936035,2.280968189239502,2.239671468734741,2.2652626037597656,0.14318524301052094,0.05538662150502205,1.0,2.2610511779785156,2.317504405975342,2.2444381713867188,0.0,0.0,0.0,0.0,0.0,0.0,0.0,,,,,,,,,,,,,,,,,0.00025
48,15900,train,0.021188173443078995,0.10357830673456192,0.1057589054107666,0.0,0.006178176961839199,0.006178176961839199,0.0,3.5253188610076904,9.999999747378752e-05,0.029999999329447746,0.029999999329447746,0.029999999329447746,0.0010000000474974513,0.0010000000474974513,0.05534824728965759,0.007914751768112183,0.0,0.0,0.0,0.0,-1.7357176542282104,-1.7357176542282104,1.0,-1.7357176542282104,0.0,-4.454380512237549,2.3037173748016357,1.0,0.05534824728965759,1.0,0.0,0.0,0.05534824728965759,0.0,0.0,0.007914751768112183,0.0,0.2920852601528168,0.10460355877876282,0.08006962388753891,0.709220290184021,0.5620793700218201,0.0,0.0,0.0,0.0,0.0,0.0,0.0,0.0,1.0,0.0,0.08413636684417725,0.3058762848377228,0.3443753123283386,0.022439932450652122,0.0,0.1057589054107666,0.10357830673456192,0.10357830673456192,0.18784207105636597,0.12994727492332458,-1.3462789216767135e-10,0.0,0.0,4.058749675750732,4.058749675750732,2.2413880825042725,2.2413880825042725,0.8092324137687683,0.0,0.0,0.0,0.0,0.2920852601528168,0.1295052468776703,0.011293359100818634,0.9242472648620605,0.5620793700218201,0.062346816062927246,2.232811212539673,2.2442433834075928,2.2413880825042725,2.2831900119781494,2.3037173748016357,0.13905945420265198,0.053762126713991165,1.0,2.2063634395599365,2.2356016635894775,2.274153470993042,0.0,0.0,0.0,0.0,0.0,0.0,0.0,,,,,,,,,,,,,,,,,0.00025
48,15920,train,0.03184765204787254,0.11252684146165848,0.11523894220590591,0.0,0.006666042376309633,0.006666042376309633,0.0,3.548013210296631,9.999999747378752e-05,0.029999999329447746,0.029999999329447746,0.029999999329447746,0.0010000000474974513,0.0010000000474974513,0.054437004029750824,0.0011387765407562256,0.0,0.0,0.0,0.0,-1.7389554977416992,-1.7389554977416992,1.0,-1.7389554977416992,0.0,-4.488816261291504,2.240895986557007,1.0,0.054437004029750824,1.0,0.0,0.0,0.054437004029750824,0.0,0.0,0.0011387765407562256,0.0,0.3011387884616852,0.11300702393054962,0.05836561322212219,0.749483048915863,0.5654324293136597,0.0,0.0,0.0,0.0,0.0,0.0,0.0,0.0,1.0,0.0,0.07551895081996918,0.3090578019618988,0.33667072653770447,0.02178790606558323,0.0,0.11523894220590591,0.11252684146165848,0.11252684146165848,0.20363345742225647,0.15913213789463043,3.368058262842588e-11,0.0,0.0,4.113834381103516,4.113834381103516,2.1747593879699707,2.1747593879699707,0.8861152529716492,0.0,0.0,0.0,0.0,0.3011387884616852,0.1378399133682251,0.0067443884909152985,0.958103597164154,0.5654324293136597,0.08684130758047104,2.163794755935669,2.1776111125946045,2.1747593879699707,2.230430841445923,2.240895986557007,0.14184562861919403,0.05086887627840042,1.0,2.299722194671631,2.26047682762146,2.264055013656616,0.0,0.0,0.0,0.0,0.0,0.0,0.0,,,,,,,,,,,,,,,,,0.00025
48,15940,train,0.026950683444738388,0.10778054594993591,0.11091145873069763,0.0,0.006311051081866026,0.006311051081866026,0.0,3.5179171562194824,9.999999747378752e-05,0.029999999329447746,0.029999999329447746,0.029999999329447746,0.0010000000474974513,0.0010000000474974513,0.05285055935382843,0.0036766529083251953,0.0,0.0,0.0,0.0,-1.726830005645752,-1.726830005645752,1.0,-1.726830005645752,0.0,-4.422701835632324,2.2797434329986572,1.0,0.05285055935382843,1.0,0.0,0.0,0.05285055935382843,0.0,0.0,0.0036766529083251953,0.0,0.29632338881492615,0.11387293040752411,0.0395805798470974,0.7295522689819336,0.5580781102180481,0.0,0.0,0.0,0.0,0.0,0.0,0.0,0.0,1.0,0.0,0.09018661081790924,0.31430160999298096,0.35474538803100586,0.02278808318078518,0.0,0.11091145873069763,0.10778054594993591,0.10778054594993591,0.2103695422410965,0.1514846682548523,1.8846223193147438e-10,0.0,0.0,4.103522300720215,4.103522777557373,2.292315721511841,2.292315721511841,0.9110744595527649,0.0,0.0,0.0,0.0,0.29632335901260376,0.14123964309692383,0.0021409904584288597,0.9256368279457092,0.5580781102180481,0.08874081075191498,2.2619783878326416,2.298835277557373,2.292315721511841,2.242997646331787,2.2797434329986572,0.1495167315006256,0.05510818958282471,1.0,2.2964401245117188,2.3411808013916016,2.318317174911499,0.0,0.0,0.0,0.0,0.0,0.0,0.0,,,,,,,,,,,,,,,,,0.00025
48,15960,train,0.022966664284467697,0.103493832051754,0.10658363997936249,0.0,0.0063424804247915745,0.0063424804247915745,0.0,3.4823946952819824,9.999999747378752e-05,0.029999999329447746,0.029999999329447746,0.029999999329447746,0.0010000000474974513,0.0010000000474974513,0.0610249787569046,0.01399540901184082,0.0,0.0,0.0,0.0,-1.7076239585876465,-1.7076239585876465,1.0,-1.7076239585876465,0.0,-4.411398887634277,2.3659675121307373,1.0,0.0610249787569046,1.0,0.0,0.0,0.0610249787569046,0.0,0.0,0.01399540901184082,0.0,0.3139954209327698,0.11059147119522095,0.07254733145236969,0.766983687877655,0.572668731212616,0.0,0.0,0.0,0.0,0.0,0.0,0.0,0.0,1.0,0.0,0.0891135111451149,0.2967212200164795,0.3663129508495331,0.023995215073227882,0.0,0.10658363997936249,0.103493832051754,0.103493832051754,0.17752914130687714,0.09726133942604065,-4.0385650379448634e-10,0.0,0.0,4.07796049118042,4.07796049118042,2.379491090774536,2.379491090774536,0.770975649356842,0.0,0.0,0.0,0.0,0.3139954209327698,0.14330118894577026,0.004243885632604361,0.9311627745628357,0.572668731212616,0.10542280226945877,2.336580514907837,2.394360303878784,2.379491090774536,2.343517303466797,2.3659675121307373,0.14816199243068695,0.05727078765630722,1.0,2.489434003829956,2.3445937633514404,2.2864410877227783,0.0,0.0,0.0,0.0,0.0,0.0,0.0,,,,,,,,,,,,,,,,,0.00025
48,15980,train,0.034783344715833664,0.11435505002737045,0.11744843423366547,0.0,0.0063374899327754974,0.0063374899327754974,0.0,3.51759672164917,9.999999747378752e-05,0.029999999329447746,0.029999999329447746,0.029999999329447746,0.0010000000474974513,0.0010000000474974513,0.06192629784345627,0.0011284947395324707,0.0,0.0,0.0,0.0,-1.7277722358703613,-1.7277722358703613,1.0,-1.7277722358703613,0.0,-4.442312240600586,2.3290586471557617,1.0,0.06192629784345627,1.0,0.0,0.0,0.06192629784345627,0.0,0.0,0.0011284947395324707,0.0,0.3011285066604614,0.10802360624074936,0.08764244616031647,0.7956674098968506,0.5683103203773499,0.0,0.0,0.0,0.0,0.0,0.0,0.0,0.0,1.0,0.0,0.09210623800754547,0.3110305666923523,0.34756165742874146,0.02267105132341385,0.0,0.11744843423366547,0.11435505002737045,0.11435505002737045,0.22724373638629913,0.172551229596138,2.4132523757103286e-10,0.0,0.0,4.073914527893066,4.073914527893066,2.266733407974243,2.266733407974243,0.9857621192932129,0.0,0.0,0.0,0.0,0.3011285066604614,0.1339806616306305,0.011229407973587513,0.9138001799583435,0.5683103203773499,0.08132659643888474,2.2404556274414062,2.2723400592803955,2.266733407974243,2.319028377532959,2.3290586471557617,0.1452416330575943,0.05267352983355522,1.0,2.114807605743408,2.196690082550049,2.2165184020996094,0.0,0.0,0.0,0.0,0.0,0.0,0.0,,,,,,,,,,,,,,,,,0.00025
48,16000,train,0.028135471045970917,0.10962752997875214,0.11178237199783325,0.0,0.006450530607253313,0.006450530607253313,0.0,3.541135549545288,9.999999747378752e-05,0.029999999329447746,0.029999999329447746,0.029999999329447746,0.0010000000474974513,0.0010000000474974513,0.057508792728185654,0.004147917032241821,0.0,0.0,0.0,0.0,-1.7409638166427612,-1.7409638166427612,1.0,-1.7409638166427612,0.0,-4.465087890625,2.312523126602173,1.0,0.057508792728185654,1.0,0.0,0.0,0.057508792728185654,0.0,0.0,0.004147917032241821,0.0,0.3041479289531708,0.10120641440153122,0.05248299986124039,0.7474531531333923,0.5732059478759766,0.0,0.0,0.0,0.0,0.0,0.0,0.0,0.0,1.0,0.0,0.07576079666614532,0.3025760352611542,0.34599778056144714,0.021977797150611877,0.0,0.11178237199783325,0.10962752997875214,0.10962752997875214,0.19717292487621307,0.1357823759317398,-4.30286750674469e-10,0.0,0.0,4.100718975067139,4.100718975067139,2.249966621398926,2.249966621398926,0.8605702519416809,0.0,0.0,0.0,0.0,0.3041479289531708,0.13040722906589508,0.013734941370785236,0.9264281988143921,0.5732059478759766,0.08023897558450699,2.2233946323394775,2.258737802505493,2.249966621398926,2.300687313079834,2.312523126602173,0.1379937082529068,0.05162283033132553,1.0,2.315934896469116,2.280761480331421,2.289914608001709,0.0,0.0,0.0,0.0,0.0,0.0,0.0,,,,,,,,,,,,,,,,,0.00025
48,16020,train,0.02910817228257656,0.10875492542982101,0.11194953322410583,0.0,0.0068285162560641766,0.0068285162560641766,0.0,3.5276408195495605,9.999999747378752e-05,0.029999999329447746,0.029999999329447746,0.029999999329447746,0.0010000000474974513,0.0010000000474974513,0.05574434995651245,0.000835806131362915,0.0,0.0,0.0,0.0,-1.7108478546142578,-1.7108478546142578,1.0,-1.7108478546142578,0.0,-4.4171552658081055,2.3109400272369385,1.0,0.05574434995651245,1.0,0.0,0.0,0.05574434995651245,0.0,0.0,0.000835806131362915,0.0,0.29916420578956604,0.11991560459136963,0.07014713436365128,0.7800642251968384,0.5599576234817505,0.0,0.0,0.0,0.0,0.0,0.0,0.0,0.0,1.0,0.0,0.08726482093334198,0.312140554189682,0.3560318350791931,0.022555990144610405,0.0,0.11194953322410583,0.10875492542982101,0.10875492542982101,0.21113699674606323,0.15230228006839752,-1.0663436106339574e-10,0.0,0.0,4.078751087188721,4.078751087188721,2.2939984798431396,2.2939984798431396,0.9158483147621155,0.0,0.0,0.0,0.0,0.29916420578956604,0.14348532259464264,0.005465424153953791,0.919776201248169,0.5599576234817505,0.09134498238563538,2.2676708698272705,2.300309896469116,2.2939984798431396,2.2767844200134277,2.3109400272369385,0.15419581532478333,0.05520278960466385,1.0,2.2560925483703613,2.30525279045105,2.267181873321533,0.0,0.0,0.0,0.0,0.0,0.0,0.0,,,,,,,,,,,,,,,,,0.00025
48,16032,train_epoch,0.030182902698410664,0.1102871007905035,0.11305686559327348,0.0,0.006512878029077442,0.006512878029077442,0.0,3.5250773829614332,9.999999747378752e-05,0.029999999329447746,0.029999999329447746,0.029999999329447746,0.0010000000474974513,0.0010000000474974513,0.060039147879638356,0.010944227704744854,0.0,0.0,0.0,0.0,-1.722240853809311,-1.722240853809311,1.0,-1.722240853809311,0.0,-4.436094214102465,2.3014813283246434,1.0,0.060039147879638356,1.0,0.0,0.0,0.060039147879638356,0.0,0.0,0.010944227704744854,0.0,0.2991411733234714,0.10743448191774106,0.07510870023669597,0.733659266354795,0.5660230760088938,0.0,0.0,0.0,0.0,0.0,0.0,0.0,0.0,1.0,0.0,0.08845462830748387,0.3083462779393453,0.3530029733023958,0.02260205811056905,0.0,0.11305686559327348,0.1102871007905035,0.1102871007905035,0.20286791405813423,0.14362526667153763,-1.5126246740574532e-11,0.0,0.0,4.104152456728998,4.10415245958431,2.28782244499572,2.28782244499572,0.8871814255229014,0.0,0.0,0.0,0.0,0.29914116975433097,0.13327042000022477,0.0096823420364432,0.9092048397678101,0.5660230760088938,0.07899986332405114,2.2664696520674013,2.2935265866582264,2.28782244499572,2.2787344013145585,2.3014813283246434,0.14692891058986057,0.05453838528451806,1.0,2.254470380480418,2.255403874163142,2.2557667772213144,0.0,0.0,0.0,0.0,0.0,0.0,0.0,,,,,,,,,,,,,,,,,0.00025
48,16032,val,,,,,,,,,,,,,,,,,,,,,,,,,,,,,,,,,,,,,,,,,,,,,,,,,,,,,,,,,,,,,,,,,,,,,,,,,,,,,,,,,,,,,,,,,,,,,,,,,,,16.17094995739224,678.7191028766804,26.05223796292135,11.305011873846656,15.385515990557971,24.313092847561297,10.849444595543114,16.260532800141757,26.092479054900906,11.47798524890934,17.6249014579498,28.811807738673057,12.11917749181524,16.17094995739224,26.05223796292135,11.305011873846656,0.00025
49,16040,train,0.028085926547646523,0.11060336977243423,0.11344028264284134,0.0,0.00671599805355072,0.00671599805355072,0.0,3.5447452068328857,9.999999747378752e-05,0.029999999329447746,0.029999999329447746,0.029999999329447746,0.0010000000474974513,0.0010000000474974513,0.053223103284835815,0.005471020936965942,0.0,0.0,0.0,0.0,-1.7636690139770508,-1.7636690139770508,1.0,-1.7636690139770508,0.0,-4.505679130554199,2.2100608348846436,1.0,0.053223103284835815,1.0,0.0,0.0,0.053223103284835815,0.0,0.0,0.005471020936965942,0.0,0.3054710328578949,0.10446127504110336,0.08088941127061844,0.7418627738952637,0.5746126174926758,0.0,0.0,0.0,0.0,0.0,0.0,0.0,0.0,1.0,0.0,0.07342375069856644,0.3002977669239044,0.33914217352867126,0.02182624489068985,0.0,0.11344028264284134,0.11060336977243423,0.11060336977243423,0.1935826539993286,0.14611941576004028,2.1288537599417623e-10,0.0,0.0,4.147146701812744,4.147146701812744,2.2022716999053955,2.2022716999053955,0.8525165319442749,0.0,0.0,0.0,0.0,0.3054710328578949,0.13004158437252045,0.01313726045191288,0.9216061234474182,0.5746126174926758,0.07950367778539658,2.186696767807007,2.204594135284424,2.2022716999053955,2.1983163356781006,2.2100608348846436,0.14043168723583221,0.05184713378548622,1.0,2.274186134338379,2.234309673309326,2.218519687652588,0.0,0.0,0.0,0.0,0.0,0.0,0.0,,,,,,,,,,,,,,,,,0.00025
49,16060,train,0.02704499289393425,0.10702282935380936,0.11000492423772812,0.0,0.005621993448585272,0.005621993448585272,0.0,3.5568854808807373,9.999999747378752e-05,0.029999999329447746,0.029999999329447746,0.029999999329447746,0.0010000000474974513,0.0010000000474974513,0.06040813773870468,0.00870475172996521,0.0,0.0,0.0,0.0,-1.7095381021499634,-1.7095381021499634,1.0,-1.7095381021499634,0.0,-4.424525260925293,2.2996039390563965,1.0,0.06040813773870468,1.0,0.0,0.0,0.06040813773870468,0.0,0.0,0.00870475172996521,0.0,0.3087047338485718,0.12095502018928528,0.04566515237092972,0.7455028295516968,0.5668107867240906,0.0,0.0,0.0,0.0,0.0,0.0,0.0,0.0,1.0,0.0,0.09419835358858109,0.30887699127197266,0.36120912432670593,0.021909210830926895,0.0,0.11000492423772812,0.10702282935380936,0.10702282935380936,0.1841312050819397,0.11432196944952011,-7.802127000022807e-11,0.0,0.0,4.083497524261475,4.083497524261475,2.333069324493408,2.333069324493408,0.8042584657669067,0.0,0.0,0.0,0.0,0.30870476365089417,0.14576935768127441,0.0032452880404889584,0.9167227149009705,0.5668107867240906,0.10392157733440399,2.2935543060302734,2.341869354248047,2.333069324493408,2.2776951789855957,2.2996039390563965,0.14952267706394196,0.055728621780872345,1.0,2.310810089111328,2.2937536239624023,2.2950477600097656,0.0,0.0,0.0,0.0,0.0,0.0,0.0,,,,,,,,,,,,,,,,,0.00025
49,16080,train,0.03460410237312317,0.1144590675830841,0.11656969785690308,0.0,0.006375461351126432,0.006375461351126432,0.0,3.524366855621338,9.999999747378752e-05,0.029999999329447746,0.029999999329447746,0.029999999329447746,0.0010000000474974513,0.0010000000474974513,0.06222289800643921,0.00529325008392334,0.0,0.0,0.0,0.0,-1.7296688556671143,-1.7296688556671143,1.0,-1.7296688556671143,0.0,-4.44770622253418,2.25701642036438,1.0,0.06222289800643921,1.0,0.0,0.0,0.06222289800643921,0.0,0.0,0.00529325008392334,0.0,0.2947067618370056,0.10040084272623062,0.06626970320940018,0.7504491806030273,0.5646303296089172,0.0,0.0,0.0,0.0,0.0,0.0,0.0,0.0,1.0,0.0,0.08760644495487213,0.30577975511550903,0.3511144518852234,0.022483449429273605,0.0,0.11656969785690308,0.1144590675830841,0.1144590675830841,0.20409393310546875,0.14785833656787872,-1.6675043290614866e-11,0.0,0.0,4.1195549964904785,4.1195549964904785,2.275587558746338,2.275587558746338,0.8986720442771912,0.0,0.0,0.0,0.0,0.2947067618370056,0.13027529418468475,0.008698340505361557,0.9157682061195374,0.5646303296089172,0.07107843458652496,2.2510416507720947,2.282565116882324,2.275587558746338,2.24049711227417,2.25701642036438,0.1416243463754654,0.05250899866223335,1.0,2.2465405464172363,2.277827739715576,2.3071391582489014,0.0,0.0,0.0,0.0,0.0,0.0,0.0,,,,,,,,,,,,,,,,,0.00025
49,16100,train,0.019681401550769806,0.10182920098304749,0.1042579934000969,0.0,0.005777525249868631,0.005777525249868631,0.0,3.5140414237976074,9.999999747378752e-05,0.029999999329447746,0.029999999329447746,0.029999999329447746,0.0010000000474974513,0.0010000000474974513,0.05777651444077492,0.008258640766143799,0.0,0.0,0.0,0.0,-1.7265028953552246,-1.7265028953552246,1.0,-1.7265028953552246,0.0,-4.438586235046387,2.2578442096710205,1.0,0.05777651444077492,1.0,0.0,0.0,0.05777651444077492,0.0,0.0,0.008258640766143799,0.0,0.29174137115478516,0.11469673365354538,0.08538170903921127,0.7430881857872009,0.5556252002716064,0.0,0.0,0.0,0.0,0.0,0.0,0.0,0.0,1.0,0.0,0.09285469353199005,0.3160187005996704,0.3549869656562805,0.022992078214883804,0.0,0.1042579934000969,0.10182920098304749,0.10182920098304749,0.18773216009140015,0.1257666051387787,1.259425341793019e-10,0.0,0.0,4.027740001678467,4.027740001678467,2.2971529960632324,2.2971529960632324,0.8036362528800964,0.0,0.0,0.0,0.0,0.29174137115478516,0.13950327038764954,0.014214485883712769,0.9370785355567932,0.5556252002716064,0.07997855544090271,2.2519290447235107,2.308302164077759,2.2971529960632324,2.220048666000366,2.2578442096710205,0.14276549220085144,0.05571424216032028,1.0,2.2497522830963135,2.3078293800354004,2.2838730812072754,0.0,0.0,0.0,0.0,0.0,0.0,0.0,,,,,,,,,,,,,,,,,0.00025
49,16120,train,0.028775690123438835,0.10692252218723297,0.10947389900684357,0.0,0.007448127958923578,0.007448127958923578,0.0,3.493989944458008,9.999999747378752e-05,0.029999999329447746,0.029999999329447746,0.029999999329447746,0.0010000000474974513,0.0010000000474974513,0.05978873744606972,0.026625335216522217,0.0,0.0,0.0,0.0,-1.6783478260040283,-1.6783478260040283,1.0,-1.6783478260040283,0.0,-4.3753204345703125,2.339404344558716,1.0,0.05978873744606972,1.0,0.0,0.0,0.05978873744606972,0.0,0.0,0.026625335216522217,0.0,0.27337467670440674,0.10415592044591904,0.06851689517498016,0.6932370662689209,0.5408177971839905,0.0,0.0,0.0,0.0,0.0,0.0,0.0,0.0,1.0,0.0,0.08400926738977432,0.31175702810287476,0.361660897731781,0.02339741960167885,0.0,0.10947389900684357,0.10692252218723297,0.10692252218723297,0.19059717655181885,0.125182643532753,-7.417236269624539e-10,0.0,0.0,4.126716136932373,4.126716136932373,2.3411269187927246,2.3411269187927246,0.843493640422821,0.0,0.0,0.0,0.0,0.27337467670440674,0.13260194659233093,0.0024947274941951036,0.9042847156524658,0.5408177971839905,0.05727635324001312,2.324110746383667,2.345708131790161,2.3411269187927246,2.3028578758239746,2.339404344558716,0.15373818576335907,0.057997748255729675,1.0,2.4419212341308594,2.4107117652893066,2.4009766578674316,0.0,0.0,0.0,0.0,0.0,0.0,0.0,,,,,,,,,,,,,,,,,0.00025
49,16140,train,0.025400256738066673,0.10761972516775131,0.10888680815696716,0.0,0.005679471418261528,0.005679471418261528,0.0,3.5147457122802734,9.999999747378752e-05,0.029999999329447746,0.029999999329447746,0.029999999329447746,0.0010000000474974513,0.0010000000474974513,0.05840040743350983,0.002787292003631592,0.0,0.0,0.0,0.0,-1.7429980039596558,-1.7429980039596558,1.0,-1.7429980039596558,0.0,-4.454035758972168,2.351956605911255,1.0,0.05840040743350983,1.0,0.0,0.0,0.05840040743350983,0.0,0.0,0.002787292003631592,0.0,0.3027873635292053,0.09856125712394714,0.0778413936495781,0.7495414614677429,0.5763365626335144,0.0,0.0,0.0,0.0,0.0,0.0,0.0,0.0,1.0,0.0,0.09293368458747864,0.3054390549659729,0.35021018981933594,0.022759705781936646,0.0,0.10888680815696716,0.10761972516775131,0.10761972516775131,0.20030365884304047,0.1417333334684372,1.9390397620888677e-10,0.0,0.0,4.076763153076172,4.076763153076172,2.295982837677002,2.295982837677002,0.8748665452003479,0.0,0.0,0.0,0.0,0.30278730392456055,0.12343893945217133,0.009047954343259335,0.9124554395675659,0.5763365626335144,0.06692709028720856,2.274367332458496,2.3004326820373535,2.295982837677002,2.3426554203033447,2.351956605911255,0.1393364667892456,0.05290055274963379,1.0,2.17055606842041,2.190464735031128,2.2092795372009277,0.0,0.0,0.0,0.0,0.0,0.0,0.0,,,,,,,,,,,,,,,,,0.00025
49,16160,train,0.04205961152911186,0.12184780091047287,0.12415896356105804,0.0,0.006266035605221987,0.006266035605221987,0.0,3.5647621154785156,9.999999747378752e-05,0.029999999329447746,0.029999999329447746,0.029999999329447746,0.0010000000474974513,0.0010000000474974513,0.06659790873527527,0.021077722311019897,0.0,0.0,0.0,0.0,-1.7542020082473755,-1.7542020082473755,1.0,-1.7542020082473755,0.0,-4.48797607421875,2.2349936962127686,1.0,0.06659790873527527,1.0,0.0,0.0,0.06659790873527527,0.0,0.0,0.021077722311019897,0.0,0.32107776403427124,0.09689961373806,0.08913151919841766,0.757956862449646,0.5929412841796875,0.0,0.0,0.0,0.0,0.0,0.0,0.0,0.0,1.0,0.0,0.08575917780399323,0.29961496591567993,0.3444496989250183,0.021441848948597908,0.0,0.12415896356105804,0.12184780091047287,0.12184780091047287,0.22879445552825928,0.1867361217737198,1.5160402100367065e-10,0.0,0.0,4.182231903076172,4.182231903076172,2.2434654235839844,2.2434654235839844,1.015190601348877,0.0,0.0,0.0,0.0,0.32107773423194885,0.1218419075012207,0.028780201449990273,0.8955650329589844,0.5929412841796875,0.07869179546833038,2.2267560958862305,2.2475032806396484,2.2434654235839844,2.216575860977173,2.2349936962127686,0.1410742551088333,0.05169839411973953,1.0,2.1605052947998047,2.123835325241089,2.188048839569092,0.0,0.0,0.0,0.0,0.0,0.0,0.0,,,,,,,,,,,,,,,,,0.00025
49,16180,train,0.04066366329789162,0.11729855835437775,0.12103644758462906,0.0,0.007006507366895676,0.007006507366895676,0.0,3.546889543533325,9.999999747378752e-05,0.029999999329447746,0.029999999329447746,0.029999999329447746,0.0010000000474974513,0.0010000000474974513,0.05954974144697189,0.0054547786712646484,0.0,0.0,0.0,0.0,-1.6912012100219727,-1.6912012100219727,1.0,-1.6912012100219727,0.0,-4.391883373260498,2.361708879470825,1.0,0.05954974144697189,1.0,0.0,0.0,0.05954974144697189,0.0,0.0,0.0054547786712646484,0.0,0.3054547905921936,0.10240556299686432,0.06994517892599106,0.7301812171936035,0.5742506384849548,0.0,0.0,0.0,0.0,0.0,0.0,0.0,0.0,1.0,0.0,0.08630578219890594,0.3073801100254059,0.3610452115535736,0.022102249786257744,0.0,0.12103644758462906,0.11729855835437775,0.11729855835437775,0.2029762715101242,0.13978004455566406,2.7353086462511556e-10,0.0,0.0,4.060821056365967,4.060821533203125,2.3181421756744385,2.3181421756744385,0.8670808672904968,0.0,0.0,0.0,0.0,0.3054547905921936,0.13060669600963593,0.01682279258966446,0.9044264554977417,0.5742506384849548,0.08108150213956833,2.300217866897583,2.32521653175354,2.3181421756744385,2.3316659927368164,2.361708879470825,0.15070639550685883,0.05465288832783699,1.0,2.334242582321167,2.3136610984802246,2.3096232414245605,0.0,0.0,0.0,0.0,0.0,0.0,0.0,,,,,,,,,,,,,,,,,0.00025
49,16200,train,0.034064751118421555,0.11255596578121185,0.1157347708940506,0.0,0.007140545640140772,0.007140545640140772,0.0,3.548164129257202,9.999999747378752e-05,0.029999999329447746,0.029999999329447746,0.029999999329447746,0.0010000000474974513,0.0010000000474974513,0.06039848551154137,0.024653494358062744,0.0,0.0,0.0,0.0,-1.7048709392547607,-1.7048709392547607,1.0,-1.7048709392547607,0.0,-4.408254146575928,2.1900746822357178,1.0,0.06039848551154137,1.0,0.0,0.0,0.06039848551154137,0.0,0.0,0.024653494358062744,0.0,0.2753465473651886,0.11412064731121063,0.06681261956691742,0.7018022537231445,0.5368135571479797,0.0,0.0,0.0,0.0,0.0,0.0,0.0,0.0,1.0,0.0,0.08213421702384949,0.31361088156700134,0.3498615026473999,0.022056767717003822,0.0,0.1157347708940506,0.11255596578121185,0.11255596578121185,0.20338629186153412,0.14803554117679596,-1.76036588084294e-10,0.0,0.0,4.1542792320251465,4.1542792320251465,2.2266793251037598,2.2266793251037598,0.902214527130127,0.0,0.0,0.0,0.0,0.2753465175628662,0.1413029134273529,0.009181106463074684,0.9271692037582397,0.5368135571479797,0.07152267545461655,2.2178444862365723,2.2291672229766846,2.2266793251037598,2.157647132873535,2.1900746822357178,0.15300163626670837,0.055644143372774124,1.0,2.316840887069702,2.251697063446045,2.3331639766693115,0.0,0.0,0.0,0.0,0.0,0.0,0.0,,,,,,,,,,,,,,,,,0.00025
49,16220,train,0.03456129506230354,0.11497680842876434,0.11807089298963547,0.0,0.00630574394017458,0.00630574394017458,0.0,3.5752155780792236,9.999999747378752e-05,0.029999999329447746,0.029999999329447746,0.029999999329447746,0.0010000000474974513,0.0010000000474974513,0.06511970609426498,0.0007295310497283936,0.0,0.0,0.0,0.0,-1.7440372705459595,-1.7440372705459595,1.0,-1.7440372705459595,0.0,-4.473475933074951,2.2316842079162598,1.0,0.06511970609426498,1.0,0.0,0.0,0.06511970609426498,0.0,0.0,0.0007295310497283936,0.0,0.30072954297065735,0.09769438207149506,0.06508001685142517,0.6811622381210327,0.5759483575820923,0.0,0.0,0.0,0.0,0.0,0.0,0.0,0.0,1.0,0.0,0.09083826094865799,0.309261679649353,0.3444536030292511,0.02129971981048584,0.0,0.11807089298963547,0.11497680842876434,0.11497680842876434,0.2251105010509491,0.1857309192419052,-2.6487576021416714e-10,0.0,0.0,4.211832523345947,4.211832523345947,2.2296249866485596,2.2296249866485596,1.0087642669677734,0.0,0.0,0.0,0.0,0.30072954297065735,0.12059208005666733,0.018742742016911507,0.8796749711036682,0.5759483575820923,0.06034007668495178,2.2168304920196533,2.231198310852051,2.2296249866485596,2.1965582370758057,2.2316842079162598,0.14606471359729767,0.05304846167564392,1.0,2.246373176574707,2.137084722518921,2.1079070568084717,0.0,0.0,0.0,0.0,0.0,0.0,0.0,,,,,,,,,,,,,,,,,0.00025
49,16240,train,0.028865989297628403,0.11225083470344543,0.11445749551057816,0.0,0.006097367033362389,0.006097367033362389,0.0,3.5450313091278076,9.999999747378752e-05,0.029999999329447746,0.029999999329447746,0.029999999329447746,0.0010000000474974513,0.0010000000474974513,0.060768842697143555,0.0009495317935943604,0.0,0.0,0.0,0.0,-1.7812579870224,-1.7812579870224,1.0,-1.7812579870224,0.0,-4.55104398727417,2.189549207687378,1.0,0.060768842697143555,1.0,0.0,0.0,0.060768842697143555,0.0,0.0,0.0009495317935943604,0.0,0.3009495735168457,0.11043152958154678,0.08780881017446518,0.7675079703330994,0.5678473711013794,0.0,0.0,0.0,0.0,0.0,0.0,0.0,0.0,1.0,0.0,0.07899268716573715,0.29550302028656006,0.3345777094364166,0.02185078151524067,0.0,0.11445749551057816,0.11225083470344543,0.11225083470344543,0.19023141264915466,0.141019806265831,2.964320733322978e-10,0.0,0.0,4.127640724182129,4.127640724182129,2.1850311756134033,2.1850311756134033,0.8342360854148865,0.0,0.0,0.0,0.0,0.3009495437145233,0.13394223153591156,0.020859694108366966,0.9442915916442871,0.5678473711013794,0.07852328568696976,2.176427125930786,2.184671640396118,2.1850311756134033,2.19120192527771,2.189549207687378,0.13383106887340546,0.050355300307273865,1.0,2.235032558441162,2.2828731536865234,2.2552571296691895,0.0,0.0,0.0,0.0,0.0,0.0,0.0,,,,,,,,,,,,,,,,,0.00025
49,16260,train,0.0285370871424675,0.10797335207462311,0.11097116023302078,0.0,0.006387077737599611,0.006387077737599611,0.0,3.51955246925354,9.999999747378752e-05,0.029999999329447746,0.029999999329447746,0.029999999329447746,0.0010000000474974513,0.0010000000474974513,0.05104554444551468,0.0003376305103302002,0.0,0.0,0.0,0.0,-1.703757643699646,-1.703757643699646,1.0,-1.703757643699646,0.0,-4.404763221740723,2.310304880142212,1.0,0.05104554444551468,1.0,0.0,0.0,0.05104554444551468,0.0,0.0,0.0003376305103302002,0.0,0.29966235160827637,0.10155818611383438,0.07362100481987,0.7059396505355835,0.5680260062217712,0.0,0.0,0.0,0.0,0.0,0.0,0.0,0.0,1.0,0.0,0.08448026329278946,0.3161255717277527,0.3525165319442749,0.022716984152793884,0.0,0.11097116023302078,0.10797335207462311,0.10797335207462311,0.19954437017440796,0.14038507640361786,7.853837025173505e-11,0.0,0.0,4.041733741760254,4.041733741760254,2.276160955429077,2.276160955429077,0.8518730998039246,0.0,0.0,0.0,0.0,0.29966238141059875,0.13242346048355103,0.0051154159009456635,0.9169970154762268,0.5680260062217712,0.07922794669866562,2.254915952682495,2.2830398082733154,2.276160955429077,2.292483329772949,2.310304880142212,0.14711713790893555,0.05371340736746788,1.0,2.3135504722595215,2.299011468887329,2.351114273071289,0.0,0.0,0.0,0.0,0.0,0.0,0.0,,,,,,,,,,,,,,,,,0.00025
49,16280,train,0.02403532713651657,0.10613662004470825,0.10925022512674332,0.0,0.006264249328523874,0.006264249328523874,0.0,3.5288848876953125,9.999999747378752e-05,0.029999999329447746,0.029999999329447746,0.029999999329447746,0.0010000000474974513,0.0010000000474974513,0.057509586215019226,0.0013643205165863037,0.0,0.0,0.0,0.0,-1.7425172328948975,-1.7425172328948975,1.0,-1.7425172328948975,0.0,-4.46013069152832,2.2920453548431396,1.0,0.057509586215019226,1.0,0.0,0.0,0.057509586215019226,0.0,0.0,0.0013643205165863037,0.0,0.30136433243751526,0.11161166429519653,0.06998943537473679,0.7292956709861755,0.566806435585022,0.0,0.0,0.0,0.0,0.0,0.0,0.0,0.0,1.0,0.0,0.08809410780668259,0.3062257766723633,0.3501506447792053,0.022626856341958046,0.0,0.10925022512674332,0.10613662004470825,0.10613662004470825,0.19793273508548737,0.1313290297985077,-1.3865197184825817e-11,0.0,0.0,4.091968059539795,4.091968059539795,2.281526565551758,2.281526565551758,0.8657960891723633,0.0,0.0,0.0,0.0,0.30136433243751526,0.13526126742362976,0.011569714173674583,0.9107765555381775,0.566806435585022,0.07988664507865906,2.2577223777770996,2.2851459980010986,2.281526565551758,2.267457962036133,2.2920453548431396,0.14627867937088013,0.05447116121649742,1.0,2.3046374320983887,2.3030011653900146,2.229529857635498,0.0,0.0,0.0,0.0,0.0,0.0,0.0,,,,,,,,,,,,,,,,,0.00025
49,16300,train,0.04486546292901039,0.12248185276985168,0.12479963153600693,0.0,0.00704880291596055,0.00704880291596055,0.0,3.5280978679656982,9.999999747378752e-05,0.029999999329447746,0.029999999329447746,0.029999999329447746,0.0010000000474974513,0.0010000000474974513,0.0588691420853138,0.017872750759124756,0.0,0.0,0.0,0.0,-1.7202887535095215,-1.7202887535095215,1.0,-1.7202887535095215,0.0,-4.4515886306762695,2.3064846992492676,1.0,0.0588691420853138,1.0,0.0,0.0,0.0588691420853138,0.0,0.0,0.017872750759124756,0.0,0.3178727626800537,0.11436966061592102,0.09445764124393463,0.7863194942474365,0.5796204805374146,0.0,0.0,0.0,0.0,0.0,0.0,0.0,0.0,1.0,0.0,0.08565568923950195,0.30647915601730347,0.3493717908859253,0.02254534140229225,0.0,0.12479963153600693,0.12248185276985168,0.12248185276985168,0.20482012629508972,0.15376222133636475,-5.852998641309171e-10,0.0,0.0,4.10726261138916,4.10726261138916,2.283601999282837,2.283601999282837,0.898240327835083,0.0,0.0,0.0,0.0,0.3178727626800537,0.13907665014266968,0.012492834590375423,0.9210575222969055,0.5796204805374146,0.10209865868091583,2.262159585952759,2.2853918075561523,2.283601999282837,2.2752132415771484,2.3064846992492676,0.14520075917243958,0.05307891592383385,1.0,2.144869804382324,2.220364809036255,2.190890312194824,0.0,0.0,0.0,0.0,0.0,0.0,0.0,,,,,,,,,,,,,,,,,0.00025
49,16320,train,0.023487690836191177,0.10341440886259079,0.10558564960956573,0.0,0.006161661818623543,0.006161661818623543,0.0,3.5119028091430664,9.999999747378752e-05,0.029999999329447746,0.029999999329447746,0.029999999329447746,0.0010000000474974513,0.0010000000474974513,0.06234658882021904,0.000405043363571167,0.0,0.0,0.0,0.0,-1.6940439939498901,-1.6940439939498901,1.0,-1.6940439939498901,0.0,-4.373693466186523,2.4238431453704834,1.0,0.06234658882021904,1.0,0.0,0.0,0.06234658882021904,0.0,0.0,0.000405043363571167,0.0,0.2995949685573578,0.10710475593805313,0.08050698041915894,0.779681384563446,0.5671331286430359,0.0,0.0,0.0,0.0,0.0,0.0,0.0,0.0,1.0,0.0,0.09764905273914337,0.3133881092071533,0.37195736169815063,0.023252813145518303,0.0,0.10558564960956573,0.10341440886259079,0.10341440886259079,0.19307628273963928,0.1161176785826683,-1.798697024657514e-10,0.0,0.0,4.050058841705322,4.050058841705322,2.420750379562378,2.420750379562378,0.8296840786933899,0.0,0.0,0.0,0.0,0.2995949685573578,0.13356342911720276,0.015300311148166656,0.9764332175254822,0.5671331286430359,0.0796721875667572,2.395150661468506,2.4293503761291504,2.420750379562378,2.4013609886169434,2.4238431453704834,0.14819598197937012,0.05671561136841774,1.0,2.2607650756835938,2.2524397373199463,2.2547526359558105,0.0,0.0,0.0,0.0,0.0,0.0,0.0,,,,,,,,,,,,,,,,,0.00025
49,16340,train,0.031994376331567764,0.11294817179441452,0.1151207685470581,0.0,0.006382197607308626,0.006382197607308626,0.0,3.536041498184204,9.999999747378752e-05,0.029999999329447746,0.029999999329447746,0.029999999329447746,0.0010000000474974513,0.0010000000474974513,0.06084419786930084,0.007394641637802124,0.0,0.0,0.0,0.0,-1.743187665939331,-1.743187665939331,1.0,-1.743187665939331,0.0,-4.475133419036865,2.2449936866760254,1.0,0.06084419786930084,1.0,0.0,0.0,0.06084419786930084,0.0,0.0,0.007394641637802124,0.0,0.29260537028312683,0.1028750091791153,0.05080193281173706,0.7019001841545105,0.563877284526825,0.0,0.0,0.0,0.0,0.0,0.0,0.0,0.0,1.0,0.0,0.08167362958192825,0.3049560785293579,0.3432842493057251,0.022180091589689255,0.0,0.1151207685470581,0.11294817179441452,0.11294817179441452,0.21533764898777008,0.1730249971151352,1.023992626802972e-10,0.0,0.0,4.1650166511535645,4.1650166511535645,2.218651294708252,2.218651294708252,0.9495787620544434,0.0,0.0,0.0,0.0,0.29260537028312683,0.12726356089115143,0.004095486830919981,0.9120917320251465,0.563877284526825,0.06236213445663452,2.2066378593444824,2.220994710922241,2.218651294708252,2.215721845626831,2.2449936866760254,0.14350581169128418,0.0521981343626976,1.0,2.1768126487731934,2.2046689987182617,2.2138545513153076,0.0,0.0,0.0,0.0,0.0,0.0,0.0,,,,,,,,,,,,,,,,,0.00025
49,16360,train,0.021684082224965096,0.10389484465122223,0.10550925880670547,0.0,0.006803015246987343,0.006803015246987343,0.0,3.5145022869110107,9.999999747378752e-05,0.029999999329447746,0.029999999329447746,0.029999999329447746,0.0010000000474974513,0.0010000000474974513,0.060095880180597305,0.004723668098449707,0.0,0.0,0.0,0.0,-1.7322163581848145,-1.7322163581848145,1.0,-1.7322163581848145,0.0,-4.439188480377197,2.320371150970459,1.0,0.060095880180597305,1.0,0.0,0.0,0.060095880180597305,0.0,0.0,0.004723668098449707,0.0,0.30472370982170105,0.10005059838294983,0.07426213473081589,0.725225567817688,0.577019214630127,0.0,0.0,0.0,0.0,0.0,0.0,0.0,0.0,1.0,0.0,0.08975446224212646,0.31350451707839966,0.35483524203300476,0.022842736914753914,0.0,0.10550925880670547,0.10389484465122223,0.10389484465122223,0.2095680683851242,0.14845280349254608,-4.89793428037899e-10,0.0,0.0,4.080965518951416,4.080965518951416,2.310176134109497,2.310176134109497,0.9112868309020996,0.0,0.0,0.0,0.0,0.30472368001937866,0.12532003223896027,0.01371882762759924,0.8795239925384521,0.577019214630127,0.07406556606292725,2.2849836349487305,2.319340467453003,2.310176134109497,2.3075242042541504,2.320371150970459,0.14529182016849518,0.05492899566888809,1.0,2.2487611770629883,2.2293472290039062,2.2157740592956543,0.0,0.0,0.0,0.0,0.0,0.0,0.0,,,,,,,,,,,,,,,,,0.00025
49,16366,train_epoch,0.03027972503715825,0.11030860133692176,0.11302446995577413,0.0,0.006526883271896464,0.006526883271896464,0.0,3.5313187030974977,9.999999747378752e-05,0.029999999329447746,0.029999999329447746,0.029999999329447746,0.0010000000474974513,0.0010000000474974513,0.05954031304952627,0.011433442017275416,0.0,0.0,0.0,0.0,-1.720894746437758,-1.720894746437758,1.0,-1.720894746437758,0.0,-4.433471729655466,2.3009253626098176,1.0,0.05954031304952627,1.0,0.0,0.0,0.05954031304952627,0.0,0.0,0.011433442017275416,0.0,0.29863645029282143,0.1080208183405642,0.07421322126766879,0.7380309217347356,0.5650234729230047,0.0,0.0,0.0,0.0,0.0,0.0,0.0,0.0,1.0,0.0,0.08740041077047765,0.30883026560266574,0.352748639212397,0.022452073333461484,0.0,0.11302446995577413,0.11030860133692176,0.11030860133692176,0.20358000129104376,0.14536876057436365,3.0109977252718143e-12,0.0,0.0,4.104581987072608,4.104581992069404,2.2868353178401195,2.2868353178401195,0.8906018719701709,0.0,0.0,0.0,0.0,0.29863644467142525,0.13392831791125373,0.009613507116195316,0.9115990789350635,0.5650234729230047,0.07955550766009056,2.265256942389254,2.292383485211584,2.2868353178401195,2.2783041992587245,2.3009253626098176,0.14676797572902578,0.05434932158200327,1.0,2.2526891431408727,2.254011367609401,2.254649307913409,0.0,0.0,0.0,0.0,0.0,0.0,0.0,,,,,,,,,,,,,,,,,0.00025
49,16366,val,,,,,,,,,,,,,,,,,,,,,,,,,,,,,,,,,,,,,,,,,,,,,,,,,,,,,,,,,,,,,,,,,,,,,,,,,,,,,,,,,,,,,,,,,,,,,,,,,,,16.078232443010485,673.5496343664221,25.952834804052177,11.94262443576847,15.182062823493201,24.044740439437916,11.735977546588794,16.004191540383005,25.918047437360187,11.553163085971867,17.69572910532221,28.893892927672468,12.734063797168904,16.078232443010485,25.952834804052177,11.94262443576847,0.00025
49,16366,test,,,,,,,,,,,,,,,,,,,,,,,,,,,,,,,,,,,,,,,,,,,,,,,,,,,,,,,,,,,,,,,,,,,,,,,,,,,,,,,,,,,,,,,,,,,,,,,,,,,15.701543206567163,608.5790658899256,24.669395328826475,11.144985319257856,14.87739763603554,22.988026651816494,11.25993300773002,15.615345405028746,24.671458732049363,10.843710358078415,17.213934163789492,27.22181569608465,11.402963320414225,15.701543206567163,24.669395328826475,11.144985319257856,0.00025
50,16380,train,0.03504812717437744,0.1159234344959259,0.1189388856291771,0.0,0.006269937381148338,0.006269937381148338,0.0,3.543382167816162,9.999999747378752e-05,0.029999999329447746,0.029999999329447746,0.029999999329447746,0.0010000000474974513,0.0010000000474974513,0.06537279486656189,0.017103910446166992,0.0,0.0,0.0,0.0,-1.7548000812530518,-1.7548000812530518,1.0,-1.7548000812530518,0.0,-4.501675605773926,2.2305350303649902,1.0,0.06537279486656189,1.0,0.0,0.0,0.06537279486656189,0.0,0.0,0.017103910446166992,0.0,0.31710392236709595,0.10047917813062668,0.11296705901622772,0.7635528445243835,0.5850623250007629,0.0,0.0,0.0,0.0,0.0,0.0,0.0,0.0,1.0,0.0,0.09093856811523438,0.3067220449447632,0.3475949466228485,0.022076498717069626,0.0,0.1189388856291771,0.1159234344959259,0.1159234344959259,0.22789661586284637,0.17891240119934082,2.412663402395765e-10,0.0,0.0,4.144737243652344,4.144737243652344,2.2577853202819824,2.2577853202819824,1.0018327236175537,0.0,0.0,0.0,0.0,0.31710392236709595,0.1296311616897583,0.023743007332086563,0.9366869926452637,0.5850623250007629,0.09042586386203766,2.2347800731658936,2.2642574310302734,2.2577853202819824,2.2097175121307373,2.2305350303649902,0.15077048540115356,0.0536210797727108,1.0,2.184096574783325,2.240574836730957,2.1788768768310547,0.0,0.0,0.0,0.0,0.0,0.0,0.0,,,,,,,,,,,,,,,,,0.00025
50,16400,train,0.026637505739927292,0.10603371262550354,0.1098874881863594,0.0,0.006061578169465065,0.006061578169465065,0.0,3.5308403968811035,9.999999747378752e-05,0.029999999329447746,0.029999999329447746,0.029999999329447746,0.0010000000474974513,0.0010000000474974513,0.054694660007953644,0.034042298793792725,0.0,0.0,0.0,0.0,-1.6999562978744507,-1.6999562978744507,1.0,-1.6999562978744507,0.0,-4.393637657165527,2.208190441131592,1.0,0.054694660007953644,1.0,0.0,0.0,0.054694660007953644,0.0,0.0,0.034042298793792725,0.0,0.26595771312713623,0.11220038682222366,0.04693262279033661,0.6870076060295105,0.5278586745262146,0.0,0.0,0.0,0.0,0.0,0.0,0.0,0.0,1.0,0.0,0.0861036404967308,0.3078814744949341,0.3504922389984131,0.022370653226971626,0.0,0.1098874881863594,0.10603371262550354,0.10603371262550354,0.21414804458618164,0.17274443805217743,-1.6998065455187117e-10,0.0,0.0,4.072988033294678,4.072988033294678,2.2346510887145996,2.2346510887145996,0.9202520251274109,0.0,0.0,0.0,0.0,0.26595771312713623,0.13938458263874054,0.002884657122194767,0.8900927305221558,0.5278586745262146,0.060753680765628815,2.230510711669922,2.2342116832733154,2.2346510887145996,2.1580872535705566,2.208190441131592,0.1623743325471878,0.05659889057278633,1.0,2.286069869995117,2.376452684402466,2.369035482406616,0.0,0.0,0.0,0.0,0.0,0.0,0.0,,,,,,,,,,,,,,,,,0.00025
50,16420,train,0.030021479353308678,0.10940197110176086,0.11225290596485138,0.0,0.006826946046203375,0.006826946046203375,0.0,3.500854253768921,9.999999747378752e-05,0.029999999329447746,0.029999999329447746,0.029999999329447746,0.0010000000474974513,0.0010000000474974513,0.05721038579940796,0.010257750749588013,0.0,0.0,0.0,0.0,-1.707557201385498,-1.707557201385498,1.0,-1.707557201385498,0.0,-4.404492378234863,2.321117401123047,1.0,0.05721038579940796,1.0,0.0,0.0,0.05721038579940796,0.0,0.0,0.010257750749588013,0.0,0.28974229097366333,0.10751325637102127,0.06527712196111679,0.6828927397727966,0.5577874183654785,0.0,0.0,0.0,0.0,0.0,0.0,0.0,0.0,1.0,0.0,0.08556265383958817,0.3214319944381714,0.3517833650112152,0.02316923812031746,0.0,0.11225290596485138,0.10940197110176086,0.10940197110176086,0.20862947404384613,0.14456649124622345,2.0034283954029064e-10,0.0,0.0,4.090753078460693,4.090753078460693,2.2824409008026123,2.2824409008026123,0.9046745300292969,0.0,0.0,0.0,0.0,0.28974226117134094,0.13209639489650726,0.0049655563198029995,0.8687533140182495,0.5577874183654785,0.0662837028503418,2.2652885913848877,2.2875466346740723,2.2824409008026123,2.299217462539673,2.321117401123047,0.14828908443450928,0.05415002629160881,1.0,2.2899088859558105,2.281829357147217,2.2916758060455322,0.0,0.0,0.0,0.0,0.0,0.0,0.0,,,,,,,,,,,,,,,,,0.00025
50,16440,train,0.02985602617263794,0.10902771353721619,0.11168929934501648,0.0,0.006724955979734659,0.006724955979734659,0.0,3.5049993991851807,9.999999747378752e-05,0.029999999329447746,0.029999999329447746,0.029999999329447746,0.0010000000474974513,0.0010000000474974513,0.05557168275117874,0.016255944967269897,0.0,0.0,0.0,0.0,-1.702226996421814,-1.702226996421814,1.0,-1.702226996421814,0.0,-4.416888236999512,2.336977005004883,1.0,0.05557168275117874,1.0,0.0,0.0,0.05557168275117874,0.0,0.0,0.016255944967269897,0.0,0.28374406695365906,0.09928873181343079,0.07981595396995544,0.6838855147361755,0.5550827383995056,0.0,0.0,0.0,0.0,0.0,0.0,0.0,0.0,1.0,0.0,0.08161571621894836,0.31475964188575745,0.35087451338768005,0.023124564439058304,0.0,0.11168929934501648,0.10902771353721619,0.10902771353721619,0.19563177227973938,0.14489147067070007,-3.328163855620403e-10,0.0,0.0,4.090517520904541,4.090517520904541,2.2724201679229736,2.2724201679229736,0.8537277579307556,0.0,0.0,0.0,0.0,0.28374406695365906,0.12843050062656403,0.005718763452023268,0.9079216718673706,0.5550827383995056,0.06037071347236633,2.2400548458099365,2.2818188667297363,2.2724201679229736,2.3227951526641846,2.336977005004883,0.14559103548526764,0.054161738604307175,1.0,2.2637271881103516,2.201484203338623,2.2670209407806396,0.0,0.0,0.0,0.0,0.0,0.0,0.0,,,,,,,,,,,,,,,,,0.00025
50,16460,train,0.0426408015191555,0.11998546123504639,0.1220187097787857,0.0,0.006331480573862791,0.006331480573862791,0.0,3.498020648956299,9.999999747378752e-05,0.029999999329447746,0.029999999329447746,0.029999999329447746,0.0010000000474974513,0.0010000000474974513,0.06218663975596428,0.012633144855499268,0.0,0.0,0.0,0.0,-1.7060493230819702,-1.7060493230819702,1.0,-1.7060493230819702,0.0,-4.439332962036133,2.2641446590423584,1.0,0.06218663975596428,1.0,0.0,0.0,0.06218663975596428,0.0,0.0,0.012633144855499268,0.0,0.2873668670654297,0.10973246395587921,0.060183897614479065,0.7410595417022705,0.5568702220916748,0.0,0.0,0.0,0.0,0.0,0.0,0.0,0.0,1.0,0.0,0.086113840341568,0.3086296617984772,0.3481033146381378,0.023170974105596542,0.0,0.1220187097787857,0.11998546123504639,0.11998546123504639,0.18900524079799652,0.13870064914226532,-5.632324606708039e-10,0.0,0.0,4.05841064453125,4.05841064453125,2.2594361305236816,2.2594361305236816,0.8219301104545593,0.0,0.0,0.0,0.0,0.2873668670654297,0.13093316555023193,0.010542219504714012,0.9221490025520325,0.5568702220916748,0.06850490719079971,2.236693859100342,2.2632815837860107,2.2594361305236816,2.226757526397705,2.2641446590423584,0.14031945168972015,0.05397258326411247,1.0,2.0879123210906982,2.177704334259033,2.2280592918395996,0.0,0.0,0.0,0.0,0.0,0.0,0.0,,,,,,,,,,,,,,,,,0.00025
50,16480,train,0.030988309532403946,0.11393233388662338,0.11555679887533188,0.0,0.00659191096201539,0.00659191096201539,0.0,3.5378353595733643,9.999999747378752e-05,0.029999999329447746,0.029999999329447746,0.029999999329447746,0.0010000000474974513,0.0010000000474974513,0.06541180610656738,0.005055129528045654,0.0,0.0,0.0,0.0,-1.7779567241668701,-1.7779567241668701,1.0,-1.7779567241668701,0.0,-4.531966209411621,2.2154526710510254,1.0,0.06541180610656738,1.0,0.0,0.0,0.06541180610656738,0.0,0.0,0.005055129528045654,0.0,0.305055171251297,0.09869793057441711,0.05982876941561699,0.7029454708099365,0.5791467428207397,0.0,0.0,0.0,0.0,0.0,0.0,0.0,0.0,1.0,0.0,0.0788947120308876,0.29021143913269043,0.3392482101917267,0.022051917389035225,0.0,0.11555679887533188,0.11393233388662338,0.11393233388662338,0.23261651396751404,0.19594022631645203,4.996525970746291e-10,0.0,0.0,4.182541370391846,4.182541370391846,2.2164831161499023,2.2164831161499023,1.0351712703704834,0.0,0.0,0.0,0.0,0.3050551414489746,0.12130643427371979,0.00395232206210494,0.8813720345497131,0.5791467428207397,0.06654412299394608,2.1896817684173584,2.2220075130462646,2.2164831161499023,2.2099335193634033,2.2154526710510254,0.13848675787448883,0.05131683498620987,1.0,2.1340203285217285,2.174217700958252,2.131828784942627,0.0,0.0,0.0,0.0,0.0,0.0,0.0,,,,,,,,,,,,,,,,,0.00025
50,16500,train,0.04729707911610603,0.12546633183956146,0.127565398812294,0.0,0.007355947978794575,0.007355947978794575,0.0,3.538254976272583,9.999999747378752e-05,0.029999999329447746,0.029999999329447746,0.029999999329447746,0.0010000000474974513,0.0010000000474974513,0.05889516696333885,0.001695871353149414,0.0,0.0,0.0,0.0,-1.7386239767074585,-1.7386239767074585,1.0,-1.7386239767074585,0.0,-4.471316337585449,2.2294342517852783,1.0,0.05889516696333885,1.0,0.0,0.0,0.05889516696333885,0.0,0.0,0.001695871353149414,0.0,0.30169588327407837,0.094632588326931,0.08773083984851837,0.7328087091445923,0.5742619633674622,0.0,0.0,0.0,0.0,0.0,0.0,0.0,0.0,1.0,0.0,0.0791967362165451,0.3032964766025543,0.3432859182357788,0.022092372179031372,0.0,0.127565398812294,0.12546633183956146,0.12546633183956146,0.23312465846538544,0.18813811242580414,-3.047848085024896e-11,0.0,0.0,4.179995059967041,4.179995059967041,2.2317543029785156,2.2317543029785156,1.0320971012115479,0.0,0.0,0.0,0.0,0.30169588327407837,0.125565305352211,0.013898836448788643,0.9340141415596008,0.5742619633674622,0.0717371329665184,2.215435266494751,2.2354564666748047,2.2317543029785156,2.2174367904663086,2.2294342517852783,0.14563116431236267,0.051737282425165176,1.0,2.218552589416504,2.223264217376709,2.205265998840332,0.0,0.0,0.0,0.0,0.0,0.0,0.0,,,,,,,,,,,,,,,,,0.00025
50,16520,train,0.02878076583147049,0.10779966413974762,0.11086392402648926,0.0,0.0066055720672011375,0.0066055720672011375,0.0,3.480833053588867,9.999999747378752e-05,0.029999999329447746,0.029999999329447746,0.029999999329447746,0.0010000000474974513,0.0010000000474974513,0.0629042536020279,0.0010083913803100586,0.0,0.0,0.0,0.0,-1.6966972351074219,-1.6966972351074219,1.0,-1.6966972351074219,0.0,-4.398850917816162,2.3608500957489014,1.0,0.0629042536020279,1.0,0.0,0.0,0.0629042536020279,0.0,0.0,0.0010083913803100586,0.0,0.2989916205406189,0.10475480556488037,0.08462248742580414,0.7539469599723816,0.5691913962364197,0.0,0.0,0.0,0.0,0.0,0.0,0.0,0.0,1.0,0.0,0.08907300978899002,0.3172421157360077,0.3566758334636688,0.023752063512802124,0.0,0.11086392402648926,0.10779966413974762,0.10779966413974762,0.2037356197834015,0.13370658457279205,-1.4559226046984008e-10,0.0,0.0,4.082941055297852,4.082940578460693,2.3338584899902344,2.3338584899902344,0.8947752118110657,0.0,0.0,0.0,0.0,0.2989916205406189,0.12910030782222748,0.009410877712070942,0.9102041721343994,0.5691913962364197,0.07193627953529358,2.314894199371338,2.337435007095337,2.3338584899902344,2.343167304992676,2.3608500957489014,0.1509159803390503,0.055943798273801804,1.0,2.185675621032715,2.2497010231018066,2.241107702255249,0.0,0.0,0.0,0.0,0.0,0.0,0.0,,,,,,,,,,,,,,,,,0.00025
50,16540,train,0.031542837619781494,0.11177266389131546,0.11363456398248672,0.0,0.0062880017794668674,0.0062880017794668674,0.0,3.503526449203491,9.999999747378752e-05,0.029999999329447746,0.029999999329447746,0.029999999329447746,0.0010000000474974513,0.0010000000474974513,0.07586462050676346,0.037151873111724854,0.0,0.0,0.0,0.0,-1.726812481880188,-1.726812481880188,1.0,-1.726812481880188,0.0,-4.433527946472168,2.3695719242095947,1.0,0.07586462050676346,1.0,0.0,0.0,0.07586462050676346,0.0,0.0,0.037151873111724854,0.0,0.3371519148349762,0.10186606645584106,0.11412632465362549,0.7380335330963135,0.6016076803207397,0.0,0.0,0.0,0.0,0.0,0.0,0.0,0.0,1.0,0.0,0.09276819974184036,0.30025267601013184,0.35537105798721313,0.023108605295419693,0.0,0.11363456398248672,0.11177266389131546,0.11177266389131546,0.22879692912101746,0.16531425714492798,1.4433382267142747e-10,0.0,0.0,4.1585164070129395,4.1585164070129395,2.333627462387085,2.333627462387085,1.0110924243927002,0.0,0.0,0.0,0.0,0.3371518850326538,0.12833495438098907,0.02536739781498909,0.9449771046638489,0.6016076803207397,0.10896140336990356,2.310575485229492,2.339773178100586,2.333627462387085,2.3725810050964355,2.3695719242095947,0.1432984620332718,0.05246732383966446,1.0,2.1746749877929688,2.216874122619629,2.2265260219573975,0.0,0.0,0.0,0.0,0.0,0.0,0.0,,,,,,,,,,,,,,,,,0.00025
50,16560,train,0.02963262051343918,0.10961996763944626,0.11214916408061981,0.0,0.006313216406852007,0.006313216406852007,0.0,3.5098986625671387,9.999999747378752e-05,0.029999999329447746,0.029999999329447746,0.029999999329447746,0.0010000000474974513,0.0010000000474974513,0.062214210629463196,0.0013345777988433838,0.0,0.0,0.0,0.0,-1.717018485069275,-1.717018485069275,1.0,-1.717018485069275,0.0,-4.415574550628662,2.3447742462158203,1.0,0.062214210629463196,1.0,0.0,0.0,0.062214210629463196,0.0,0.0,0.0013345777988433838,0.0,0.30133458971977234,0.10071705281734467,0.055298201739788055,0.7142442464828491,0.5719425082206726,0.0,0.0,0.0,0.0,0.0,0.0,0.0,0.0,1.0,0.0,0.08709187805652618,0.3119537830352783,0.35575395822525024,0.022979477420449257,0.0,0.11214916408061981,0.10961996763944626,0.10961996763944626,0.2055986374616623,0.15177616477012634,-4.502601624878366e-10,0.0,0.0,4.137517929077148,4.137517929077148,2.3173136711120605,2.3173136711120605,0.9116718173027039,0.0,0.0,0.0,0.0,0.30133458971977234,0.1282796859741211,0.012387091293931007,0.9334529042243958,0.5719425082206726,0.07532169669866562,2.286137819290161,2.327606678009033,2.3173136711120605,2.3210363388061523,2.3447742462158203,0.14724776148796082,0.053581010550260544,1.0,2.2872371673583984,2.217559337615967,2.213102340698242,0.0,0.0,0.0,0.0,0.0,0.0,0.0,,,,,,,,,,,,,,,,,0.00025
50,16580,train,0.027853021398186684,0.10838167369365692,0.11096619814634323,0.0,0.0066775004379451275,0.0066775004379451275,0.0,3.502852201461792,9.999999747378752e-05,0.029999999329447746,0.029999999329447746,0.029999999329447746,0.0010000000474974513,0.0010000000474974513,0.05729616433382034,0.004450023174285889,0.0,0.0,0.0,0.0,-1.722237467765808,-1.722237467765808,1.0,-1.722237467765808,0.0,-4.43154239654541,2.2802956104278564,1.0,0.05729616433382034,1.0,0.0,0.0,0.05729616433382034,0.0,0.0,0.004450023174285889,0.0,0.29554998874664307,0.1129210814833641,0.07813569158315659,0.7425154447555542,0.5582772493362427,0.0,0.0,0.0,0.0,0.0,0.0,0.0,0.0,1.0,0.0,0.08281815052032471,0.31304094195365906,0.3540745675563812,0.02321089617908001,0.0,0.11096619814634323,0.10838167369365692,0.10838167369365692,0.19940540194511414,0.14033032953739166,3.2861541265916117e-10,0.0,0.0,4.114862442016602,4.114862442016602,2.291581630706787,2.291581630706787,0.872433602809906,0.0,0.0,0.0,0.0,0.29554998874664307,0.13947612047195435,0.005459354724735022,0.9268811345100403,0.5582772493362427,0.08013174682855606,2.2575619220733643,2.299015522003174,2.291581630706787,2.253909111022949,2.2802956104278564,0.14340758323669434,0.05474269762635231,1.0,2.273751974105835,2.256230354309082,2.2449049949645996,0.0,0.0,0.0,0.0,0.0,0.0,0.0,,,,,,,,,,,,,,,,,0.00025
50,16600,train,0.02390505000948906,0.10222917795181274,0.10444625467061996,0.0,0.005802643019706011,0.005802643019706011,0.0,3.494494676589966,9.999999747378752e-05,0.029999999329447746,0.029999999329447746,0.029999999329447746,0.0010000000474974513,0.0010000000474974513,0.06447622179985046,0.004641175270080566,0.0,0.0,0.0,0.0,-1.6634337902069092,-1.6634337902069092,1.0,-1.6634337902069092,0.0,-4.320156574249268,2.548588275909424,1.0,0.06447622179985046,1.0,0.0,0.0,0.06447622179985046,0.0,0.0,0.004641175270080566,0.0,0.30464115738868713,0.1091751903295517,0.0648832693696022,0.7151226997375488,0.5695995092391968,0.0,0.0,0.0,0.0,0.0,0.0,0.0,0.0,1.0,0.0,0.09659162163734436,0.29808592796325684,0.377536803483963,0.023753078654408455,0.0,0.10444625467061996,0.10222917795181274,0.10222917795181274,0.18231475353240967,0.09457731992006302,1.6525486534746392e-10,0.0,0.0,3.9815926551818848,3.981592893600464,2.4723706245422363,2.4723706245422363,0.7849674224853516,0.0,0.0,0.0,0.0,0.3046411871910095,0.1357930302619934,0.007638034410774708,0.9136039018630981,0.5695995092391968,0.08394608646631241,2.421184539794922,2.487119436264038,2.4723706245422363,2.522932529449463,2.548588275909424,0.1507001519203186,0.056717295199632645,1.0,2.2658138275146484,2.2869186401367188,2.3149404525756836,0.0,0.0,0.0,0.0,0.0,0.0,0.0,,,,,,,,,,,,,,,,,0.00025
50,16620,train,0.03718902915716171,0.11406496912240982,0.11741335690021515,0.0,0.007376587484031916,0.007376587484031916,0.0,3.529418706893921,9.999999747378752e-05,0.029999999329447746,0.029999999329447746,0.029999999329447746,0.0010000000474974513,0.0010000000474974513,0.062332119792699814,0.0001157224178314209,0.0,0.0,0.0,0.0,-1.6832549571990967,-1.6832549571990967,1.0,-1.6832549571990967,0.0,-4.368775367736816,2.35042142868042,1.0,0.062332119792699814,1.0,0.0,0.0,0.062332119792699814,0.0,0.0,0.0001157224178314209,0.0,0.3001157343387604,0.10690294206142426,0.07732988893985748,0.7270261645317078,0.5666521787643433,0.0,0.0,0.0,0.0,0.0,0.0,0.0,0.0,1.0,0.0,0.08938618004322052,0.3205944895744324,0.36388593912124634,0.022792886942625046,0.0,0.11741335690021515,0.11406496912240982,0.11406496912240982,0.22030726075172424,0.14295203983783722,-1.477475433664388e-11,0.0,0.0,4.05199670791626,4.051996231079102,2.3513195514678955,2.3513195514678955,0.9545970559120178,0.0,0.0,0.0,0.0,0.3001157343387604,0.13468711078166962,0.012386934831738472,0.901531457901001,0.5666521787643433,0.08247549831867218,2.3144092559814453,2.3639721870422363,2.3513195514678955,2.3050339221954346,2.35042142868042,0.15977850556373596,0.05605084076523781,1.0,2.2799336910247803,2.2579588890075684,2.260544538497925,0.0,0.0,0.0,0.0,0.0,0.0,0.0,,,,,,,,,,,,,,,,,0.00025
50,16640,train,0.029127350077033043,0.10989461094141006,0.1133321225643158,0.0,0.006466688588261604,0.006466688588261604,0.0,3.5364632606506348,9.999999747378752e-05,0.029999999329447746,0.029999999329447746,0.029999999329447746,0.0010000000474974513,0.0010000000474974513,0.05773177742958069,0.0011819899082183838,0.0,0.0,0.0,0.0,-1.7340041399002075,-1.7340041399002075,1.0,-1.7340041399002075,0.0,-4.466822624206543,2.191354990005493,1.0,0.05773177742958069,1.0,0.0,0.0,0.05773177742958069,0.0,0.0,0.0011819899082183838,0.0,0.30118200182914734,0.11517104506492615,0.08881343901157379,0.8299147486686707,0.5631659030914307,0.0,0.0,0.0,0.0,0.0,0.0,0.0,0.0,1.0,0.0,0.08647124469280243,0.31610897183418274,0.34901732206344604,0.022262301295995712,0.0,0.1133321225643158,0.10989461094141006,0.10989461094141006,0.20933519303798676,0.1553906351327896,2.0599815256372445e-11,0.0,0.0,4.155501842498779,4.155501842498779,2.24479079246521,2.24479079246521,0.9250121116638184,0.0,0.0,0.0,0.0,0.30118200182914734,0.14174354076385498,0.00940657127648592,0.9500026702880859,0.5631659030914307,0.09574142843484879,2.224701166152954,2.2482755184173584,2.24479079246521,2.1779415607452393,2.191354990005493,0.15048184990882874,0.05398043617606163,1.0,2.3757219314575195,2.3039205074310303,2.2802093029022217,0.0,0.0,0.0,0.0,0.0,0.0,0.0,,,,,,,,,,,,,,,,,0.00025
50,16660,train,0.0354938730597496,0.11487230658531189,0.11780713498592377,0.0,0.006492129527032375,0.006492129527032375,0.0,3.5422868728637695,9.999999747378752e-05,0.029999999329447746,0.029999999329447746,0.029999999329447746,0.0010000000474974513,0.0010000000474974513,0.05737694352865219,0.0052429139614105225,0.0,0.0,0.0,0.0,-1.7258580923080444,-1.7258580923080444,1.0,-1.7258580923080444,0.0,-4.446435928344727,2.2133750915527344,1.0,0.05737694352865219,1.0,0.0,0.0,0.05737694352865219,0.0,0.0,0.0052429139614105225,0.0,0.29475709795951843,0.10823053121566772,0.07281377911567688,0.7706791758537292,0.5626435279846191,0.0,0.0,0.0,0.0,0.0,0.0,0.0,0.0,1.0,0.0,0.07961136847734451,0.3108334243297577,0.33949995040893555,0.021887272596359253,0.0,0.11780713498592377,0.11487230658531189,0.11487230658531189,0.2129158079624176,0.1764746606349945,1.9840289133821187e-10,0.0,0.0,4.140779972076416,4.140779972076416,2.185225486755371,2.185225486755371,0.9295977354049683,0.0,0.0,0.0,0.0,0.29475709795951843,0.13301615417003632,0.002430128864943981,0.9075690507888794,0.5626435279846191,0.07337623089551926,2.1718125343322754,2.1874561309814453,2.185225486755371,2.1847081184387207,2.2133750915527344,0.15034301578998566,0.051487989723682404,1.0,2.3090577125549316,2.2654519081115723,2.263396739959717,0.0,0.0,0.0,0.0,0.0,0.0,0.0,,,,,,,,,,,,,,,,,0.00025
50,16680,train,0.03416594862937927,0.11443426460027695,0.116728276014328,0.0,0.0069432808086276054,0.0069432808086276054,0.0,3.5146749019622803,9.999999747378752e-05,0.029999999329447746,0.029999999329447746,0.029999999329447746,0.0010000000474974513,0.0010000000474974513,0.05926932394504547,0.005250513553619385,0.0,0.0,0.0,0.0,-1.7373043298721313,-1.7373043298721313,1.0,-1.7373043298721313,0.0,-4.476364612579346,2.25343918800354,1.0,0.05926932394504547,1.0,0.0,0.0,0.05926932394504547,0.0,0.0,0.005250513553619385,0.0,0.30525052547454834,0.10240915417671204,0.08315746486186981,0.7028419971466064,0.5743688344955444,0.0,0.0,0.0,0.0,0.0,0.0,0.0,0.0,1.0,0.0,0.07687178254127502,0.30752435326576233,0.3345910906791687,0.022327372804284096,0.0,0.116728276014328,0.11443426460027695,0.11443426460027695,0.20838205516338348,0.1613958328962326,-2.4786231400675263e-10,0.0,0.0,4.20490026473999,4.20490026473999,2.1834747791290283,2.1834747791290283,0.9349528551101685,0.0,0.0,0.0,0.0,0.30525052547454834,0.12968949973583221,0.01378241553902626,0.9313843250274658,0.5743688344955444,0.07565870881080627,2.174862861633301,2.1849493980407715,2.1834747791290283,2.2542035579681396,2.25343918800354,0.13660497963428497,0.05031547695398331,1.0,2.3831403255462646,2.2861850261688232,2.319542646408081,0.0,0.0,0.0,0.0,0.0,0.0,0.0,,,,,,,,,,,,,,,,,0.00025
50,16700,train,0.019834481179714203,0.09961633384227753,0.10336535423994064,0.0,0.00596000999212265,0.00596000999212265,0.0,3.5094032287597656,9.999999747378752e-05,0.029999999329447746,0.029999999329447746,0.029999999329447746,0.0010000000474974513,0.0010000000474974513,0.05517013370990753,0.024318993091583252,0.0,0.0,0.0,0.0,-1.684402585029602,-1.684402585029602,1.0,-1.684402585029602,0.0,-4.361429214477539,2.32918119430542,1.0,0.05517013370990753,1.0,0.0,0.0,0.05517013370990753,0.0,0.0,0.024318993091583252,0.0,0.2756810486316681,0.11816845834255219,0.06862317025661469,0.7358720302581787,0.5340717434883118,0.0,0.0,0.0,0.0,0.0,0.0,0.0,0.0,1.0,0.0,0.07982934266328812,0.3055824339389801,0.3654273748397827,0.023161500692367554,0.0,0.10336535423994064,0.09961633384227753,0.09961633384227753,0.17421390116214752,0.0969313383102417,-1.5426510069360688e-10,0.0,0.0,4.02193021774292,4.02193021774292,2.344635009765625,2.344635009765625,0.7419816851615906,0.0,0.0,0.0,0.0,0.2756810188293457,0.14571338891983032,0.006753460504114628,0.8981771469116211,0.5340717434883118,0.07809437066316605,2.3075902462005615,2.3532707691192627,2.344635009765625,2.3042078018188477,2.32918119430542,0.15006478130817413,0.0566277801990509,1.0,2.4189915657043457,2.359740734100342,2.369475841522217,0.0,0.0,0.0,0.0,0.0,0.0,0.0,,,,,,,,,,,,,,,,,0.00025
50,16700,train_epoch,0.03021695440590471,0.11016281729865217,0.11290122173771173,0.0,0.006529608415160886,0.006529608415160886,0.0,3.5141557447924585,9.999999747378752e-05,0.029999999329447746,0.029999999329447746,0.029999999329447746,0.0010000000474974513,0.0010000000474974513,0.0591438055529209,0.010894241357991795,0.0,0.0,0.0,0.0,-1.719057532841574,-1.719057532841574,1.0,-1.719057532841574,0.0,-4.430147452268772,2.3001282993191015,1.0,0.0591438055529209,1.0,0.0,0.0,0.0591438055529209,0.0,0.0,0.010894241357991795,0.0,0.29897064845005195,0.1075860607677591,0.07507860696244383,0.742864965857146,0.5656270943358986,0.0,0.0,0.0,0.0,0.0,0.0,0.0,0.0,1.0,0.0,0.08605753523325492,0.3090821296690467,0.3525317674446963,0.02283939981308883,0.0,0.11290122173771173,0.11016281729865217,0.11016281729865217,0.2045144040784436,0.14699825270848718,2.1524721610690588e-11,0.0,0.0,4.106687403010751,4.106687398013954,2.2866867281005767,2.2866867281005767,0.8952946630780568,0.0,0.0,0.0,0.0,0.29897064568396814,0.1336556819161612,0.010244678238875227,0.9138690850691881,0.5656270943358986,0.07960086741936422,2.264567143188979,2.292294213157928,2.2866867281005767,2.2784179834548586,2.3001282993191015,0.14666433592220982,0.05421339381419256,1.0,2.2486005314809834,2.2491478170463424,2.249411835641918,0.0,0.0,0.0,0.0,0.0,0.0,0.0,,,,,,,,,,,,,,,,,0.00025
50,16700,val,,,,,,,,,,,,,,,,,,,,,,,,,,,,,,,,,,,,,,,,,,,,,,,,,,,,,,,,,,,,,,,,,,,,,,,,,,,,,,,,,,,,,,,,,,,,,,,,,,,16.541936938827103,691.5862426757812,26.29802735331647,12.193931760014715,15.85284406644804,24.645063981252,12.062892724801829,16.50601731549512,26.252478063553184,12.052072258682939,17.85996826274975,28.931138748238023,12.787745192244246,16.541936938827103,26.29802735331647,12.193931760014715,0.00025
51,16720,train,0.026743005961179733,0.10719919204711914,0.10987162590026855,0.0,0.006624858360737562,0.006624858360737562,0.0,3.513462781906128,9.999999747378752e-05,0.029999999329447746,0.029999999329447746,0.029999999329447746,0.0010000000474974513,0.0010000000474974513,0.05695793405175209,0.006545007228851318,0.0,0.0,0.0,0.0,-1.7174018621444702,-1.7174018621444702,1.0,-1.7174018621444702,0.0,-4.422180652618408,2.3497705459594727,1.0,0.05695793405175209,1.0,0.0,0.0,0.05695793405175209,0.0,0.0,0.006545007228851318,0.0,0.3065450191497803,0.11269739270210266,0.08044987916946411,0.7910327315330505,0.5689869523048401,0.0,0.0,0.0,0.0,0.0,0.0,0.0,0.0,1.0,0.0,0.08586987107992172,0.3051103949546814,0.35905689001083374,0.022891012951731682,0.0,0.10987162590026855,0.10719919204711914,0.10719919204711914,0.19322505593299866,0.1250501275062561,2.00924540894043e-10,0.0,0.0,4.112475395202637,4.112475872039795,2.3350465297698975,2.3350465297698975,0.8567445874214172,0.0,0.0,0.0,0.0,0.3065450191497803,0.13927611708641052,0.009442870505154133,0.9207088947296143,0.5689869523048401,0.09080883115530014,2.2986819744110107,2.34415864944458,2.3350465297698975,2.3309881687164307,2.3497705459594727,0.14629778265953064,0.055454321205616,1.0,2.272831678390503,2.247145652770996,2.2209150791168213,0.0,0.0,0.0,0.0,0.0,0.0,0.0,,,,,,,,,,,,,,,,,0.00025
51,16740,train,0.021238498389720917,0.10137773305177689,0.10516409575939178,0.0,0.00686397822573781,0.00686397822573781,0.0,3.5299508571624756,9.999999747378752e-05,0.029999999329447746,0.029999999329447746,0.029999999329447746,0.0010000000474974513,0.0010000000474974513,0.056390974670648575,0.02005782723426819,0.0,0.0,0.0,0.0,-1.696790337562561,-1.696790337562561,1.0,-1.696790337562561,0.0,-4.373244285583496,2.3606066703796387,1.0,0.056390974670648575,1.0,0.0,0.0,0.056390974670648575,0.0,0.0,0.02005782723426819,0.0,0.27994218468666077,0.099816232919693,0.07726194709539413,0.703450083732605,0.5500933527946472,0.0,0.0,0.0,0.0,0.0,0.0,0.0,0.0,1.0,0.0,0.09085099399089813,0.3220307230949402,0.36735254526138306,0.022790513932704926,0.0,0.10516409575939178,0.10137773305177689,0.10137773305177689,0.2029060572385788,0.13641402125358582,5.037089634285508e-10,0.0,0.0,4.126966953277588,4.126966953277588,2.3651580810546875,2.3651580810546875,0.8980059623718262,0.0,0.0,0.0,0.0,0.27994218468666077,0.12984620034694672,0.0110143031924963,0.9049367308616638,0.5500933527946472,0.05836397409439087,2.331639289855957,2.3741259574890137,2.3651580810546875,2.3226919174194336,2.3606066703796387,0.15807653963565826,0.05830930545926094,1.0,2.206002950668335,2.2313575744628906,2.196084499359131,0.0,0.0,0.0,0.0,0.0,0.0,0.0,,,,,,,,,,,,,,,,,0.00025
51,16760,train,0.022629644721746445,0.10263052582740784,0.10530603677034378,0.0,0.005798059515655041,0.005798059515655041,0.0,3.502923011779785,9.999999747378752e-05,0.029999999329447746,0.029999999329447746,0.029999999329447746,0.0010000000474974513,0.0010000000474974513,0.050099290907382965,0.01343885064125061,0.0,0.0,0.0,0.0,-1.694164514541626,-1.694164514541626,1.0,-1.694164514541626,0.0,-4.388499736785889,2.4020304679870605,1.0,0.050099290907382965,1.0,0.0,0.0,0.050099290907382965,0.0,0.0,0.01343885064125061,0.0,0.28656116127967834,0.10103621333837509,0.08572879433631897,0.7461414337158203,0.5555789470672607,0.0,0.0,0.0,0.0,0.0,0.0,0.0,0.0,1.0,0.0,0.09018227458000183,0.3029717206954956,0.36722761392593384,0.023343630135059357,0.0,0.10530603677034378,0.10263052582740784,0.10263052582740784,0.17680931091308594,0.09795361012220383,2.5442525863894616e-10,0.0,0.0,3.9708337783813477,3.970834255218506,2.38934063911438,2.38934063911438,0.7466848492622375,0.0,0.0,0.0,0.0,0.28656116127967834,0.13195274770259857,0.010625729337334633,0.9185421466827393,0.5555789470672607,0.06787684559822083,2.339185953140259,2.403852701187134,2.38934063911438,2.382659912109375,2.4020304679870605,0.14499522745609283,0.055753495544195175,1.0,2.282132625579834,2.3121867179870605,2.2808704376220703,0.0,0.0,0.0,0.0,0.0,0.0,0.0,,,,,,,,,,,,,,,,,0.00025
51,16780,train,0.020211074501276016,0.10042367875576019,0.10338573902845383,0.0,0.005527140572667122,0.005527140572667122,0.0,3.487943172454834,9.999999747378752e-05,0.029999999329447746,0.029999999329447746,0.029999999329447746,0.0010000000474974513,0.0010000000474974513,0.05652625486254692,0.009636908769607544,0.0,0.0,0.0,0.0,-1.6911754608154297,-1.6911754608154297,1.0,-1.6911754608154297,0.0,-4.365265369415283,2.351637840270996,1.0,0.05652625486254692,1.0,0.0,0.0,0.05652625486254692,0.0,0.0,0.009636908769607544,0.0,0.2903631031513214,0.10382334142923355,0.0807056725025177,0.6923806071281433,0.5587810277938843,0.0,0.0,0.0,0.0,0.0,0.0,0.0,0.0,1.0,0.0,0.09233008325099945,0.31207311153411865,0.36119356751441956,0.023727474734187126,0.0,0.10338573902845383,0.10042367875576019,0.10042367875576019,0.18372763693332672,0.11634393781423569,-1.0411047718372757e-10,0.0,0.0,4.032198429107666,4.032198429107666,2.3526477813720703,2.3526477813720703,0.7896064519882202,0.0,0.0,0.0,0.0,0.2903631031513214,0.1315387487411499,0.003908337559551001,0.923349916934967,0.5587810277938843,0.06461397558450699,2.319005250930786,2.3608312606811523,2.3526477813720703,2.3088886737823486,2.351637840270996,0.14909565448760986,0.05741870775818825,1.0,2.3309178352355957,2.2786507606506348,2.2664523124694824,0.0,0.0,0.0,0.0,0.0,0.0,0.0,,,,,,,,,,,,,,,,,0.00025
51,16800,train,0.021166058257222176,0.10278575867414474,0.10487667471170425,0.0,0.005794435273855925,0.005794435273855925,0.0,3.510657787322998,9.999999747378752e-05,0.029999999329447746,0.029999999329447746,0.029999999329447746,0.0010000000474974513,0.0010000000474974513,0.05536250025033951,0.0009175240993499756,0.0,0.0,0.0,0.0,-1.7196036577224731,-1.7196036577224731,1.0,-1.7196036577224731,0.0,-4.418494701385498,2.319089651107788,1.0,0.05536250025033951,1.0,0.0,0.0,0.05536250025033951,0.0,0.0,0.0009175240993499756,0.0,0.299082487821579,0.1123913899064064,0.07743210345506668,0.7308111190795898,0.5641784071922302,0.0,0.0,0.0,0.0,0.0,0.0,0.0,0.0,1.0,0.0,0.08501861244440079,0.3050200045108795,0.3539063036441803,0.023012753576040268,0.0,0.10487667471170425,0.10278575867414474,0.10278575867414474,0.18257635831832886,0.12276815623044968,6.144971337329608e-11,0.0,0.0,4.063526153564453,4.063526153564453,2.3046875,2.3046875,0.7906634211540222,0.0,0.0,0.0,0.0,0.299082487821579,0.13689672946929932,0.006955836433917284,0.9335008859634399,0.5641784071922302,0.0809129923582077,2.28702712059021,2.3089044094085693,2.3046875,2.3064260482788086,2.319089651107788,0.1430753767490387,0.054673533886671066,1.0,2.347543239593506,2.312845230102539,2.305753469467163,0.0,0.0,0.0,0.0,0.0,0.0,0.0,,,,,,,,,,,,,,,,,0.00025
51,16820,train,0.028099127113819122,0.10638262331485748,0.10927068442106247,0.0,0.007148998323827982,0.007148998323827982,0.0,3.5267398357391357,9.999999747378752e-05,0.029999999329447746,0.029999999329447746,0.029999999329447746,0.0010000000474974513,0.0010000000474974513,0.06265132874250412,0.012629836797714233,0.0,0.0,0.0,0.0,-1.679667592048645,-1.679667592048645,1.0,-1.679667592048645,0.0,-4.366754055023193,2.376760959625244,1.0,0.06265132874250412,1.0,0.0,0.0,0.06265132874250412,0.0,0.0,0.012629836797714233,0.0,0.2873701751232147,0.10956466943025589,0.07710234075784683,0.7551373243331909,0.5536167621612549,0.0,0.0,0.0,0.0,0.0,0.0,0.0,0.0,1.0,0.0,0.09580181539058685,0.32660385966300964,0.3713163137435913,0.02308604121208191,0.0,0.10927068442106247,0.10638262331485748,0.10638262331485748,0.20446234941482544,0.13748984038829803,-6.254606277344976e-10,0.0,0.0,4.050383567810059,4.050383567810059,2.402754545211792,2.402754545211792,0.888867199420929,0.0,0.0,0.0,0.0,0.2873701751232147,0.13520647585391998,0.014542444609105587,0.9466259479522705,0.5536167621612549,0.06904105842113495,2.3525116443634033,2.4157516956329346,2.402754545211792,2.3265912532806396,2.376760959625244,0.15429483354091644,0.058660540729761124,1.0,2.1188302040100098,2.1758065223693848,2.1933584213256836,0.0,0.0,0.0,0.0,0.0,0.0,0.0,,,,,,,,,,,,,,,,,0.00025
51,16840,train,0.025432392954826355,0.10750263929367065,0.11041581630706787,0.0,0.0065470002591609955,0.0065470002591609955,0.0,3.548579454421997,9.999999747378752e-05,0.029999999329447746,0.029999999329447746,0.029999999329447746,0.0010000000474974513,0.0010000000474974513,0.05654614046216011,0.005234181880950928,0.0,0.0,0.0,0.0,-1.7461076974868774,-1.7461076974868774,1.0,-1.7461076974868774,0.0,-4.472017288208008,2.1944541931152344,1.0,0.05654614046216011,1.0,0.0,0.0,0.05654614046216011,0.0,0.0,0.005234181880950928,0.0,0.294765830039978,0.10635179281234741,0.08791463822126389,0.7038053870201111,0.5623182058334351,0.0,0.0,0.0,0.0,0.0,0.0,0.0,0.0,1.0,0.0,0.08278468251228333,0.30724382400512695,0.34148550033569336,0.021961886435747147,0.0,0.11041581630706787,0.10750263929367065,0.10750263929367065,0.209354430437088,0.16903606057167053,1.710894342865643e-10,0.0,0.0,4.1446213722229,4.144621849060059,2.19604754447937,2.19604754447937,0.9184502959251404,0.0,0.0,0.0,0.0,0.294765830039978,0.13332268595695496,0.006207340396940708,0.9245918989181519,0.5623182058334351,0.07487745583057404,2.188610076904297,2.1976089477539062,2.19604754447937,2.164017915725708,2.1944541931152344,0.14779162406921387,0.05313652381300926,1.0,2.223322629928589,2.265291929244995,2.235523223876953,0.0,0.0,0.0,0.0,0.0,0.0,0.0,,,,,,,,,,,,,,,,,0.00025
51,16860,train,0.02217908762395382,0.10215392708778381,0.10551020503044128,0.0,0.006619391497224569,0.006619391497224569,0.0,3.5279173851013184,9.999999747378752e-05,0.029999999329447746,0.029999999329447746,0.029999999329447746,0.0010000000474974513,0.0010000000474974513,0.05691321939229965,0.035924822092056274,0.0,0.0,0.0,0.0,-1.6953516006469727,-1.6953516006469727,1.0,-1.6953516006469727,0.0,-4.385149002075195,2.3825061321258545,1.0,0.05691321939229965,1.0,0.0,0.0,0.05691321939229965,0.0,0.0,0.035924822092056274,0.0,0.26407524943351746,0.09503202885389328,0.07689937949180603,0.7070843577384949,0.5355517268180847,0.0,0.0,0.0,0.0,0.0,0.0,0.0,0.0,1.0,0.0,0.08498311787843704,0.307729572057724,0.3639361262321472,0.022797008976340294,0.0,0.10551020503044128,0.10215392708778381,0.10215392708778381,0.1817883402109146,0.10090672969818115,-4.0059222605748346e-10,0.0,0.0,3.961073637008667,3.961073637008667,2.3658149242401123,2.3658149242401123,0.7673372030258179,0.0,0.0,0.0,0.0,0.2640751898288727,0.12574134767055511,0.006854896899312735,0.8618087768554688,0.5355517268180847,0.045419733971357346,2.339895009994507,2.374464273452759,2.3658149242401123,2.3515312671661377,2.3825061321258545,0.1506277173757553,0.05645018815994263,1.0,2.3329215049743652,2.348686456680298,2.3277318477630615,0.0,0.0,0.0,0.0,0.0,0.0,0.0,,,,,,,,,,,,,,,,,0.00025
51,16880,train,0.04083016514778137,0.12143324315547943,0.12421346455812454,0.0,0.006299514789134264,0.006299514789134264,0.0,3.5643789768218994,9.999999747378752e-05,0.029999999329447746,0.029999999329447746,0.029999999329447746,0.0010000000474974513,0.0010000000474974513,0.0609392374753952,0.0004749298095703125,0.0,0.0,0.0,0.0,-1.7675434350967407,-1.7675434350967407,1.0,-1.7675434350967407,0.0,-4.521854400634766,2.1450839042663574,1.0,0.0609392374753952,1.0,0.0,0.0,0.0609392374753952,0.0,0.0,0.0004749298095703125,0.0,0.30047494173049927,0.0960126593708992,0.10107901692390442,0.6975475549697876,0.5726821422576904,0.0,0.0,0.0,0.0,0.0,0.0,0.0,0.0,1.0,0.0,0.07679715007543564,0.2933351993560791,0.3300088346004486,0.021349014714360237,0.0,0.12421346455812454,0.12143324315547943,0.12143324315547943,0.23651760816574097,0.19789394736289978,5.255337276466321e-10,0.0,0.0,4.143256187438965,4.143256187438965,2.148556709289551,2.148556709289551,1.0363737344741821,0.0,0.0,0.0,0.0,0.30047494173049927,0.12590548396110535,0.009693941101431847,0.8874065279960632,0.5726821422576904,0.06933211535215378,2.1412746906280518,2.148209810256958,2.148556709289551,2.151951789855957,2.1450839042663574,0.14375004172325134,0.049687258899211884,1.0,2.2482004165649414,2.246800184249878,2.2145252227783203,0.0,0.0,0.0,0.0,0.0,0.0,0.0,,,,,,,,,,,,,,,,,0.00025
51,16900,train,0.031785160303115845,0.11460205912590027,0.11690597981214523,0.0,0.0058165802620351315,0.0058165802620351315,0.0,3.5366361141204834,9.999999747378752e-05,0.029999999329447746,0.029999999329447746,0.029999999329447746,0.0010000000474974513,0.0010000000474974513,0.059254709631204605,0.021103084087371826,0.0,0.0,0.0,0.0,-1.7801103591918945,-1.7801103591918945,1.0,-1.7801103591918945,0.0,-4.551633834838867,2.2338461875915527,1.0,0.059254709631204605,1.0,0.0,0.0,0.059254709631204605,0.0,0.0,0.021103084087371826,0.0,0.3211030960083008,0.10352189093828201,0.1012735366821289,0.7458218336105347,0.5871729850769043,0.0,0.0,0.0,0.0,0.0,0.0,0.0,0.0,1.0,0.0,0.07606443762779236,0.28891611099243164,0.33029982447624207,0.021945873275399208,0.0,0.11690597981214523,0.11460205912590027,0.11460205912590027,0.19867806136608124,0.154483824968338,2.2850739356261585e-10,0.0,0.0,4.149110794067383,4.149110794067383,2.1620113849639893,2.1620113849639893,0.8768375515937805,0.0,0.0,0.0,0.0,0.3211030960083008,0.13096116483211517,0.012440680526196957,0.8908286094665527,0.5871729850769043,0.0956035628914833,2.156376838684082,2.1607840061187744,2.1620113849639893,2.245354652404785,2.2338461875915527,0.1344662606716156,0.04835156351327896,1.0,2.2137160301208496,2.2586007118225098,2.2284393310546875,0.0,0.0,0.0,0.0,0.0,0.0,0.0,,,,,,,,,,,,,,,,,0.00025
51,16920,train,0.024960437789559364,0.1057950034737587,0.10831385105848312,0.0,0.00610282551497221,0.00610282551497221,0.0,3.504368543624878,9.999999747378752e-05,0.029999999329447746,0.029999999329447746,0.029999999329447746,0.0010000000474974513,0.0010000000474974513,0.057209305465221405,0.012284904718399048,0.0,0.0,0.0,0.0,-1.7183390855789185,-1.7183390855789185,1.0,-1.7183390855789185,0.0,-4.407408714294434,2.3973231315612793,1.0,0.057209305465221405,1.0,0.0,0.0,0.057209305465221405,0.0,0.0,0.012284904718399048,0.0,0.2877151072025299,0.10229359567165375,0.10025067627429962,0.7704798579216003,0.5591173768043518,0.0,0.0,0.0,0.0,0.0,0.0,0.0,0.0,1.0,0.0,0.08391764014959335,0.3089386820793152,0.34842920303344727,0.023107169196009636,0.0,0.10831385105848312,0.1057950034737587,0.1057950034737587,0.18880705535411835,0.11703268438577652,-1.3702503021129075e-10,0.0,0.0,4.017368316650391,4.017368316650391,2.2766454219818115,2.2766454219818115,0.8101575970649719,0.0,0.0,0.0,0.0,0.2877151072025299,0.1285632997751236,0.008491603657603264,0.8982818722724915,0.5591173768043518,0.06459865719079971,2.2524123191833496,2.2822017669677734,2.2766454219818115,2.3843936920166016,2.3973231315612793,0.1400798112154007,0.05190210044384003,1.0,2.217921257019043,2.2709264755249023,2.2884864807128906,0.0,0.0,0.0,0.0,0.0,0.0,0.0,,,,,,,,,,,,,,,,,0.00025
51,16940,train,0.018365798518061638,0.10107923299074173,0.10337086021900177,0.0,0.006124277599155903,0.006124277599155903,0.0,3.5354795455932617,9.999999747378752e-05,0.029999999329447746,0.029999999329447746,0.029999999329447746,0.0010000000474974513,0.0010000000474974513,0.056731823831796646,0.0040513575077056885,0.0,0.0,0.0,0.0,-1.733094573020935,-1.733094573020935,1.0,-1.733094573020935,0.0,-4.457205772399902,2.2669544219970703,1.0,0.056731823831796646,1.0,0.0,0.0,0.056731823831796646,0.0,0.0,0.0040513575077056885,0.0,0.30405136942863464,0.1175212487578392,0.06748346239328384,0.7700979709625244,0.5641016364097595,0.0,0.0,0.0,0.0,0.0,0.0,0.0,0.0,1.0,0.0,0.08076409995555878,0.30679774284362793,0.346596360206604,0.02236323058605194,0.0,0.10337086021900177,0.10107923299074173,0.10107923299074173,0.1818813681602478,0.12210792303085327,3.565775105740521e-11,0.0,0.0,4.10274600982666,4.10274600982666,2.25504469871521,2.25504469871521,0.7896299362182617,0.0,0.0,0.0,0.0,0.30405136942863464,0.14297287166118622,0.001105624483898282,0.959418773651123,0.5641016364097595,0.09365809708833694,2.2411603927612305,2.2613532543182373,2.25504469871521,2.253196954727173,2.2669544219970703,0.13978038728237152,0.05375859513878822,1.0,2.365687608718872,2.2518253326416016,2.226386547088623,0.0,0.0,0.0,0.0,0.0,0.0,0.0,,,,,,,,,,,,,,,,,0.00025
51,16960,train,0.023276902735233307,0.10285244882106781,0.10490018129348755,0.0,0.00592418760061264,0.00592418760061264,0.0,3.495312452316284,9.999999747378752e-05,0.029999999329447746,0.029999999329447746,0.029999999329447746,0.0010000000474974513,0.0010000000474974513,0.05763272941112518,0.0052117109298706055,0.0,0.0,0.0,0.0,-1.6857614517211914,-1.6857614517211914,1.0,-1.6857614517211914,0.0,-4.374316692352295,2.403972864151001,1.0,0.05763272941112518,1.0,0.0,0.0,0.05763272941112518,0.0,0.0,0.0052117109298706055,0.0,0.29478833079338074,0.11351047456264496,0.04584788531064987,0.7406421899795532,0.5600503087043762,0.0,0.0,0.0,0.0,0.0,0.0,0.0,0.0,1.0,0.0,0.08477436006069183,0.303470253944397,0.36374762654304504,0.023534387350082397,0.0,0.10490018129348755,0.10285244882106781,0.10285244882106781,0.17635208368301392,0.09146721661090851,-3.446782026461648e-10,0.0,0.0,4.050544738769531,4.050544738769531,2.372464418411255,2.372464418411255,0.7561423182487488,0.0,0.0,0.0,0.0,0.29478830099105835,0.13720270991325378,0.005865680519491434,0.9240256547927856,0.5600503087043762,0.07950367778539658,2.3500115871429443,2.378246784210205,2.372464418411255,2.398918390274048,2.403972864151001,0.1412530541419983,0.05379590392112732,1.0,2.3841240406036377,2.3790442943573,2.3862969875335693,0.0,0.0,0.0,0.0,0.0,0.0,0.0,,,,,,,,,,,,,,,,,0.00025
51,16980,train,0.02782248891890049,0.1092786118388176,0.11150897294282913,0.0,0.0065007517114281654,0.0065007517114281654,0.0,3.5378215312957764,9.999999747378752e-05,0.029999999329447746,0.029999999329447746,0.029999999329447746,0.0010000000474974513,0.0010000000474974513,0.0555291622877121,0.009742140769958496,0.0,0.0,0.0,0.0,-1.7395334243774414,-1.7395334243774414,1.0,-1.7395334243774414,0.0,-4.459842681884766,2.2591209411621094,1.0,0.0555291622877121,1.0,0.0,0.0,0.0555291622877121,0.0,0.0,0.009742140769958496,0.0,0.30974218249320984,0.11009316146373749,0.057675279676914215,0.7556254863739014,0.5743834376335144,0.0,0.0,0.0,0.0,0.0,0.0,0.0,0.0,1.0,0.0,0.08930495381355286,0.3104160726070404,0.3484532833099365,0.022358667105436325,0.0,0.11150897294282913,0.1092786118388176,0.1092786118388176,0.22107265889644623,0.17377711832523346,1.0630097496688862e-10,0.0,0.0,4.102327823638916,4.102327823638916,2.259082794189453,2.259082794189453,0.9645481109619141,0.0,0.0,0.0,0.0,0.30974215269088745,0.13581669330596924,0.012385230511426926,0.911112368106842,0.5743834376335144,0.08898591250181198,2.237055778503418,2.2630012035369873,2.259082794189453,2.229689121246338,2.2591209411621094,0.1488962024450302,0.054202668368816376,1.0,2.134971857070923,2.240568161010742,2.2085297107696533,0.0,0.0,0.0,0.0,0.0,0.0,0.0,,,,,,,,,,,,,,,,,0.00025
51,17000,train,0.02159665711224079,0.1022784486413002,0.10428503900766373,0.0,0.005943348631262779,0.005943348631262779,0.0,3.5144619941711426,9.999999747378752e-05,0.029999999329447746,0.029999999329447746,0.029999999329447746,0.0010000000474974513,0.0010000000474974513,0.062493011355400085,0.00022876262664794922,0.0,0.0,0.0,0.0,-1.7021878957748413,-1.7021878957748413,1.0,-1.7021878957748413,0.0,-4.399411678314209,2.391885995864868,1.0,0.062493011355400085,1.0,0.0,0.0,0.062493011355400085,0.0,0.0,0.00022876262664794922,0.0,0.3002288043498993,0.10817082226276398,0.07702293992042542,0.7468631267547607,0.5673414468765259,0.0,0.0,0.0,0.0,0.0,0.0,0.0,0.0,1.0,0.0,0.10093478858470917,0.3138905167579651,0.36559849977493286,0.02323455549776554,0.0,0.10428503900766373,0.1022784486413002,0.1022784486413002,0.20318368077278137,0.12497822195291519,-3.0324984190421844e-10,0.0,0.0,4.079614162445068,4.079614162445068,2.3955395221710205,2.3955395221710205,0.8844494223594666,0.0,0.0,0.0,0.0,0.3002287745475769,0.1338140070438385,0.01378747820854187,0.9078389406204224,0.5673414468765259,0.08167892694473267,2.363063097000122,2.4029791355133057,2.3955395221710205,2.3712122440338135,2.391885995864868,0.14651784300804138,0.05637596920132637,1.0,2.225278377532959,2.2635693550109863,2.268043041229248,0.0,0.0,0.0,0.0,0.0,0.0,0.0,,,,,,,,,,,,,,,,,0.00025
51,17020,train,0.014904867857694626,0.09636372327804565,0.09825747460126877,0.0,0.00629724794998765,0.00629724794998765,0.0,3.516875743865967,9.999999747378752e-05,0.029999999329447746,0.029999999329447746,0.029999999329447746,0.0010000000474974513,0.0010000000474974513,0.05987822636961937,0.002364933490753174,0.0,0.0,0.0,0.0,-1.6952201128005981,-1.6952201128005981,1.0,-1.6952201128005981,0.0,-4.372735977172852,2.499728202819824,1.0,0.05987822636961937,1.0,0.0,0.0,0.05987822636961937,0.0,0.0,0.002364933490753174,0.0,0.2976350486278534,0.11151821166276932,0.07202083617448807,0.7182158827781677,0.5633105039596558,0.0,0.0,0.0,0.0,0.0,0.0,0.0,0.0,1.0,0.0,0.09250881522893906,0.3047005236148834,0.37496867775917053,0.023396434262394905,0.0,0.09825747460126877,0.09636372327804565,0.09636372327804565,0.18206366896629333,0.09589674323797226,2.1194968002902215e-10,0.0,0.0,4.057591915130615,4.057591915130615,2.4726717472076416,2.4726717472076416,0.7888417840003967,0.0,0.0,0.0,0.0,0.2976350784301758,0.13637405633926392,0.015437107533216476,0.9032043814659119,0.5633105039596558,0.0821538046002388,2.4200210571289062,2.4885165691375732,2.4726717472076416,2.4755170345306396,2.499728202819824,0.14688940346240997,0.05823741480708122,1.0,2.306520938873291,2.2423534393310547,2.2174434661865234,0.0,0.0,0.0,0.0,0.0,0.0,0.0,,,,,,,,,,,,,,,,,0.00025
51,17034,train_epoch,0.030041894526917957,0.10997467003985793,0.11270413291222321,0.0,0.006529387910599391,0.006529387910599391,0.0,3.5307445269144937,9.999999747378752e-05,0.029999999329447746,0.029999999329447746,0.029999999329447746,0.0010000000474974513,0.0010000000474974513,0.05864399369292987,0.01173453952024083,0.0,0.0,0.0,0.0,-1.7182156511409554,-1.7182156511409554,1.0,-1.7182156511409554,0.0,-4.42856064670814,2.300106077850936,1.0,0.05864399369292987,1.0,0.0,0.0,0.05864399369292987,0.0,0.0,0.01173453952024083,0.0,0.2990174230165824,0.10795313858254227,0.07567615579523726,0.7453054717914787,0.5653059086399878,0.0,0.0,0.0,0.0,0.0,0.0,0.0,0.0,1.0,0.0,0.08563609126799121,0.3099206942998007,0.3525184795349658,0.022519172604257117,0.0,0.11270413291222321,0.10997467003985793,0.10997467003985793,0.20446642755926725,0.14701916339868557,-3.077305535609215e-12,0.0,0.0,4.112245811673695,4.11224581738432,2.2870828205953817,2.2870828205953817,0.896257724055273,0.0,0.0,0.0,0.0,0.2990174184659284,0.13420927488875245,0.009931301341871703,0.9157359680372797,0.5653059086399878,0.08057231624460148,2.265003837511211,2.2925965336268535,2.2870828205953817,2.2787562201836864,2.300106077850936,0.1467035297683613,0.05404236259128519,1.0,2.2494216971768592,2.2481407126980626,2.248207776132458,0.0,0.0,0.0,0.0,0.0,0.0,0.0,,,,,,,,,,,,,,,,,0.00025
51,17034,val,,,,,,,,,,,,,,,,,,,,,,,,,,,,,,,,,,,,,,,,,,,,,,,,,,,,,,,,,,,,,,,,,,,,,,,,,,,,,,,,,,,,,,,,,,,,,,,,,,,16.266389253977184,678.6953043894724,26.051781213373346,11.854350700034752,15.348843931077838,24.231668494287597,11.14669909777942,16.284142580118264,26.046199013934192,11.802994139559635,17.64789207132013,28.729824989409664,12.804234633574614,16.266389253977184,26.051781213373346,11.854350700034752,0.00025
52,17040,train,0.023134499788284302,0.10411170870065689,0.10772594064474106,0.0,0.006586284376680851,0.006586284376680851,0.0,3.528315305709839,9.999999747378752e-05,0.029999999329447746,0.029999999329447746,0.029999999329447746,0.0010000000474974513,0.0010000000474974513,0.05532170087099075,0.00441405177116394,0.0,0.0,0.0,0.0,-1.7188760042190552,-1.7188760042190552,1.0,-1.7188760042190552,0.0,-4.423172950744629,2.323228597640991,1.0,0.05532170087099075,1.0,0.0,0.0,0.05532170087099075,0.0,0.0,0.00441405177116394,0.0,0.2955859899520874,0.09868168085813522,0.07719989120960236,0.7310923337936401,0.5678334832191467,0.0,0.0,0.0,0.0,0.0,0.0,0.0,0.0,1.0,0.0,0.0841374546289444,0.3175196349620819,0.3534047305583954,0.022813869640231133,0.0,0.10772594064474106,0.10411170870065689,0.10411170870065689,0.20648328959941864,0.14995981752872467,3.3218885975294654e-10,0.0,0.0,4.1203436851501465,4.1203436851501465,2.3052186965942383,2.3052186965942383,0.90326988697052,0.0,0.0,0.0,0.0,0.295585960149765,0.12569878995418549,0.008915124461054802,0.9131165146827698,0.5678334832191467,0.06308211386203766,2.2726545333862305,2.3155055046081543,2.3052186965942383,2.300391435623169,2.323228597640991,0.1500047892332077,0.05490586906671524,1.0,2.335674524307251,2.2474365234375,2.206329107284546,0.0,0.0,0.0,0.0,0.0,0.0,0.0,,,,,,,,,,,,,,,,,0.00025
52,17060,train,0.04688971862196922,0.12478256970643997,0.1277020275592804,0.0,0.006784123834222555,0.006784123834222555,0.0,3.5596585273742676,9.999999747378752e-05,0.029999999329447746,0.029999999329447746,0.029999999329447746,0.0010000000474974513,0.0010000000474974513,0.05814933776855469,0.0014667510986328125,0.0,0.0,0.0,0.0,-1.734205961227417,-1.734205961227417,1.0,-1.734205961227417,0.0,-4.4857330322265625,2.247401714324951,1.0,0.05814933776855469,1.0,0.0,0.0,0.05814933776855469,0.0,0.0,0.0014667510986328125,0.0,0.29853326082229614,0.10156865417957306,0.0796612948179245,0.7477473020553589,0.5719278454780579,0.0,0.0,0.0,0.0,0.0,0.0,0.0,0.0,1.0,0.0,0.08480745553970337,0.30904650688171387,0.34426701068878174,0.02178221568465233,0.0,0.1277020275592804,0.12478256970643997,0.12478256970643997,0.23610669374465942,0.19121138751506805,-2.8541457391950686e-11,0.0,0.0,4.205516338348389,4.205516338348389,2.227344036102295,2.227344036102295,1.048529028892517,0.0,0.0,0.0,0.0,0.29853326082229614,0.12411963939666748,0.01105182059109211,0.9006056785583496,0.5719278454780579,0.06551777571439743,2.2163898944854736,2.227618455886841,2.227344036102295,2.2218854427337646,2.247401714324951,0.14833679795265198,0.05193990841507912,1.0,2.0468456745147705,2.1025619506835938,2.0866668224334717,0.0,0.0,0.0,0.0,0.0,0.0,0.0,,,,,,,,,,,,,,,,,0.00025
52,17080,train,0.023042140528559685,0.1045970469713211,0.10631481558084488,0.0,0.006500586401671171,0.006500586401671171,0.0,3.5071396827697754,9.999999747378752e-05,0.029999999329447746,0.029999999329447746,0.029999999329447746,0.0010000000474974513,0.0010000000474974513,0.059304725378751755,0.00826004147529602,0.0,0.0,0.0,0.0,-1.7238526344299316,-1.7238526344299316,1.0,-1.7238526344299316,0.0,-4.433133125305176,2.364274263381958,1.0,0.059304725378751755,1.0,0.0,0.0,0.059304725378751755,0.0,0.0,0.00826004147529602,0.0,0.2917400002479553,0.0993356704711914,0.0820142924785614,0.7112517356872559,0.5642527937889099,0.0,0.0,0.0,0.0,0.0,0.0,0.0,0.0,1.0,0.0,0.08686117827892303,0.30505624413490295,0.3583495318889618,0.02309577912092209,0.0,0.10631481558084488,0.1045970469713211,0.1045970469713211,0.19799622893333435,0.1229616329073906,1.07126023329851e-10,0.0,0.0,4.062617778778076,4.062617778778076,2.3494863510131836,2.3494863510131836,0.8604072332382202,0.0,0.0,0.0,0.0,0.29173997044563293,0.1259704977273941,0.008448166772723198,0.8797624707221985,0.5642527937889099,0.06291360408067703,2.3137271404266357,2.3597657680511475,2.3494863510131836,2.3444721698760986,2.364274263381958,0.14132502675056458,0.05439202859997749,1.0,2.1654529571533203,2.2262332439422607,2.2205891609191895,0.0,0.0,0.0,0.0,0.0,0.0,0.0,,,,,,,,,,,,,,,,,0.00025
52,17100,train,0.019700314849615097,0.10227900743484497,0.10431191325187683,0.0,0.006022833753377199,0.006022833753377199,0.0,3.5252697467803955,9.999999747378752e-05,0.029999999329447746,0.029999999329447746,0.029999999329447746,0.0010000000474974513,0.0010000000474974513,0.05873895063996315,0.007054120302200317,0.0,0.0,0.0,0.0,-1.7340013980865479,-1.7340013980865479,1.0,-1.7340013980865479,0.0,-4.443326950073242,2.257420778274536,1.0,0.05873895063996315,1.0,0.0,0.0,0.05873895063996315,0.0,0.0,0.007054120302200317,0.0,0.3070541322231293,0.11193153262138367,0.08080552518367767,0.744566798210144,0.5708813667297363,0.0,0.0,0.0,0.0,0.0,0.0,0.0,0.0,1.0,0.0,0.08454272150993347,0.30785274505615234,0.346181184053421,0.022442074492573738,0.0,0.10431191325187683,0.10227900743484497,0.10227900743484497,0.18662407994270325,0.13491855561733246,-3.364856171472752e-10,0.0,0.0,4.0907793045043945,4.0907793045043945,2.2444710731506348,2.2444710731506348,0.8124696016311646,0.0,0.0,0.0,0.0,0.3070541322231293,0.13709111511707306,0.003447412746027112,0.9273771047592163,0.5708813667297363,0.08751532435417175,2.2420151233673096,2.246150493621826,2.2444710731506348,2.2490367889404297,2.257420778274536,0.14071504771709442,0.05347482115030289,1.0,2.2050704956054688,2.1891250610351562,2.2277450561523438,0.0,0.0,0.0,0.0,0.0,0.0,0.0,,,,,,,,,,,,,,,,,0.00025
52,17120,train,0.03316314518451691,0.11234308779239655,0.1153576597571373,0.0,0.006920987274497747,0.006920987274497747,0.0,3.547203540802002,9.999999747378752e-05,0.029999999329447746,0.029999999329447746,0.029999999329447746,0.0010000000474974513,0.0010000000474974513,0.05751161277294159,0.024851471185684204,0.0,0.0,0.0,0.0,-1.714936375617981,-1.714936375617981,1.0,-1.714936375617981,0.0,-4.418874740600586,2.2533986568450928,1.0,0.05751161277294159,1.0,0.0,0.0,0.05751161277294159,0.0,0.0,0.024851471185684204,0.0,0.27514857053756714,0.10126066207885742,0.06327646225690842,0.7049018740653992,0.5468088984489441,0.0,0.0,0.0,0.0,0.0,0.0,0.0,0.0,1.0,0.0,0.08203841745853424,0.3225027024745941,0.344009131193161,0.021904703229665756,0.0,0.1153576597571373,0.11234308779239655,0.11234308779239655,0.20758649706840515,0.1631820648908615,7.568086435316701e-11,0.0,0.0,4.140131950378418,4.140131950378418,2.2123730182647705,2.2123730182647705,0.9170715808868408,0.0,0.0,0.0,0.0,0.27514854073524475,0.12644630670547485,0.011880993843078613,0.8539487719535828,0.5468088984489441,0.04780944064259529,2.209717273712158,2.2125678062438965,2.2123730182647705,2.238987922668457,2.2533986568450928,0.14833790063858032,0.053107284009456635,1.0,2.20125412940979,2.13979172706604,2.1853160858154297,0.0,0.0,0.0,0.0,0.0,0.0,0.0,,,,,,,,,,,,,,,,,0.00025
52,17140,train,0.03309726342558861,0.11477698385715485,0.1166272759437561,0.0,0.006413213908672333,0.006413213908672333,0.0,3.536512851715088,9.999999747378752e-05,0.029999999329447746,0.029999999329447746,0.029999999329447746,0.0010000000474974513,0.0010000000474974513,0.05852397158741951,0.013851821422576904,0.0,0.0,0.0,0.0,-1.7603933811187744,-1.7603933811187744,1.0,-1.7603933811187744,0.0,-4.500403881072998,2.1889870166778564,1.0,0.05852397158741951,1.0,0.0,0.0,0.05852397158741951,0.0,0.0,0.013851821422576904,0.0,0.31385183334350586,0.11971568316221237,0.0627422034740448,0.7416197061538696,0.57310950756073,0.0,0.0,0.0,0.0,0.0,0.0,0.0,0.0,1.0,0.0,0.0757531076669693,0.2955351173877716,0.33504268527030945,0.021923918277025223,0.0,0.1166272759437561,0.11477698385715485,0.11477698385715485,0.2018338441848755,0.15831580758094788,-1.3730662440369912e-10,0.0,0.0,4.15946102142334,4.15946102142334,2.183014392852783,2.183014392852783,0.8967295289039612,0.0,0.0,0.0,0.0,0.31385183334350586,0.14276672899723053,0.006650540977716446,0.9119725227355957,0.57310950756073,0.10450368374586105,2.174825668334961,2.1826703548431396,2.183014392852783,2.1712331771850586,2.1889870166778564,0.1361846923828125,0.0502643920481205,1.0,2.2362375259399414,2.2169556617736816,2.246149778366089,0.0,0.0,0.0,0.0,0.0,0.0,0.0,,,,,,,,,,,,,,,,,0.00025
52,17160,train,0.028009118512272835,0.10669206827878952,0.10936480015516281,0.0,0.006939329672604799,0.006939329672604799,0.0,3.498218059539795,9.999999747378752e-05,0.029999999329447746,0.029999999329447746,0.029999999329447746,0.0010000000474974513,0.0010000000474974513,0.06806627660989761,0.016589969396591187,0.0,0.0,0.0,0.0,-1.6866428852081299,-1.6866428852081299,1.0,-1.6866428852081299,0.0,-4.372549533843994,2.3550164699554443,1.0,0.06806627660989761,1.0,0.0,0.0,0.06806627660989761,0.0,0.0,0.016589969396591187,0.0,0.28341004252433777,0.10410147160291672,0.0742877647280693,0.7383723258972168,0.5551738739013672,0.0,0.0,0.0,0.0,0.0,0.0,0.0,0.0,1.0,0.0,0.09058122336864471,0.3244495689868927,0.3667861223220825,0.02354903519153595,0.0,0.10936480015516281,0.10669206827878952,0.10669206827878952,0.2134087085723877,0.14723408222198486,8.015856034493396e-11,0.0,0.0,4.168635368347168,4.168635368347168,2.365882158279419,2.365882158279419,0.9511246681213379,0.0,0.0,0.0,0.0,0.28341004252433777,0.1273469477891922,0.012021013535559177,0.880782425403595,0.5551738739013672,0.05689338594675064,2.3280179500579834,2.3758623600006104,2.365882158279419,2.325965404510498,2.3550164699554443,0.1535421907901764,0.05621165782213211,1.0,2.2739453315734863,2.2136878967285156,2.2054953575134277,0.0,0.0,0.0,0.0,0.0,0.0,0.0,,,,,,,,,,,,,,,,,0.00025
52,17180,train,0.03959865868091583,0.11960820108652115,0.12202931195497513,0.0,0.005967166740447283,0.005967166740447283,0.0,3.5110673904418945,9.999999747378752e-05,0.029999999329447746,0.029999999329447746,0.029999999329447746,0.0010000000474974513,0.0010000000474974513,0.06761375069618225,0.030767858028411865,0.0,0.0,0.0,0.0,-1.7507317066192627,-1.7507317066192627,1.0,-1.7507317066192627,0.0,-4.477971076965332,2.242140054702759,1.0,0.06761375069618225,1.0,0.0,0.0,0.06761375069618225,0.0,0.0,0.030767858028411865,0.0,0.3307678699493408,0.09300422668457031,0.1295459270477295,0.732077956199646,0.6014139652252197,0.0,0.0,0.0,0.0,0.0,0.0,0.0,0.0,1.0,0.0,0.09082656353712082,0.2967180013656616,0.34828221797943115,0.02282804250717163,0.0,0.12202931195497513,0.11960820108652115,0.11960820108652115,0.24534544348716736,0.21198080480098724,-2.1049580134491208e-10,0.0,0.0,4.252501964569092,4.252501964569092,2.2704601287841797,2.2704601287841797,1.1105629205703735,0.0,0.0,0.0,0.0,0.3307678699493408,0.12080841511487961,0.017171500250697136,0.9402629137039185,0.6014139652252197,0.0901501253247261,2.2538537979125977,2.2749788761138916,2.2704601287841797,2.233588695526123,2.242140054702759,0.14764460921287537,0.052982937544584274,1.0,2.1165077686309814,2.083559989929199,2.089686155319214,0.0,0.0,0.0,0.0,0.0,0.0,0.0,,,,,,,,,,,,,,,,,0.00025
52,17200,train,0.020300816744565964,0.10085208714008331,0.10475252568721771,0.0,0.006706057116389275,0.006706057116389275,0.0,3.5115699768066406,9.999999747378752e-05,0.029999999329447746,0.029999999329447746,0.029999999329447746,0.0010000000474974513,0.0010000000474974513,0.05439412593841553,0.01628991961479187,0.0,0.0,0.0,0.0,-1.7020801305770874,-1.7020801305770874,1.0,-1.7020801305770874,0.0,-4.388297080993652,2.337177038192749,1.0,0.05439412593841553,1.0,0.0,0.0,0.05439412593841553,0.0,0.0,0.01628991961479187,0.0,0.2837101221084595,0.10263843834400177,0.07920336723327637,0.7244648933410645,0.5545554161071777,0.0,0.0,0.0,0.0,0.0,0.0,0.0,0.0,1.0,0.0,0.0876079797744751,0.3213309049606323,0.35614725947380066,0.022904831916093826,0.0,0.10475252568721771,0.10085208714008331,0.10085208714008331,0.20296664535999298,0.1379854381084442,-6.053715861931153e-11,0.0,0.0,4.09998083114624,4.09998083114624,2.3123779296875,2.3123779296875,0.8877637982368469,0.0,0.0,0.0,0.0,0.2837100923061371,0.12864206731319427,0.011803227476775646,0.8974520564079285,0.5545554161071777,0.05932904779911041,2.2883801460266113,2.3161044120788574,2.3123779296875,2.3131041526794434,2.337177038192749,0.14969640970230103,0.05512533709406853,1.0,2.389596462249756,2.300790309906006,2.3414113521575928,0.0,0.0,0.0,0.0,0.0,0.0,0.0,,,,,,,,,,,,,,,,,0.00025
52,17220,train,0.030150864273309708,0.11035166680812836,0.11309808492660522,0.0,0.006974540185183287,0.006974540185183287,0.0,3.5177249908447266,9.999999747378752e-05,0.029999999329447746,0.029999999329447746,0.029999999329447746,0.0010000000474974513,0.0010000000474974513,0.05797053128480911,0.005665391683578491,0.0,0.0,0.0,0.0,-1.724084496498108,-1.724084496498108,1.0,-1.724084496498108,0.0,-4.44429874420166,2.2461719512939453,1.0,0.05797053128480911,1.0,0.0,0.0,0.05797053128480911,0.0,0.0,0.005665391683578491,0.0,0.30566540360450745,0.09694050997495651,0.09083680808544159,0.7327154874801636,0.5749290585517883,0.0,0.0,0.0,0.0,0.0,0.0,0.0,0.0,1.0,0.0,0.09033504128456116,0.31716668605804443,0.35387712717056274,0.02278917282819748,0.0,0.11309808492660522,0.11035166680812836,0.11035166680812836,0.20805305242538452,0.16012448072433472,-2.916477129244477e-11,0.0,0.0,4.130584239959717,4.130584239959717,2.2844293117523193,2.2844293117523193,0.9202330708503723,0.0,0.0,0.0,0.0,0.30566540360450745,0.1289837509393692,0.005620334763079882,0.8902028799057007,0.5749290585517883,0.07391238212585449,2.2434778213500977,2.2982661724090576,2.2844293117523193,2.215924024581909,2.2461719512939453,0.14840741455554962,0.05594855174422264,1.0,2.2324764728546143,2.210451602935791,2.181342840194702,0.0,0.0,0.0,0.0,0.0,0.0,0.0,,,,,,,,,,,,,,,,,0.00025
52,17240,train,0.030524004250764847,0.11115821450948715,0.11284221708774567,0.0,0.005971640348434448,0.005971640348434448,0.0,3.5034873485565186,9.999999747378752e-05,0.029999999329447746,0.029999999329447746,0.029999999329447746,0.0010000000474974513,0.0010000000474974513,0.05574905872344971,0.010803461074829102,0.0,0.0,0.0,0.0,-1.7299784421920776,-1.7299784421920776,1.0,-1.7299784421920776,0.0,-4.439329624176025,2.2852284908294678,1.0,0.05574905872344971,1.0,0.0,0.0,0.05574905872344971,0.0,0.0,0.010803461074829102,0.0,0.31080347299575806,0.11479818820953369,0.07977411150932312,0.7645418047904968,0.5753090381622314,0.0,0.0,0.0,0.0,0.0,0.0,0.0,0.0,1.0,0.0,0.08338762819766998,0.3029996454715729,0.346420019865036,0.02293381281197071,0.0,0.11284221708774567,0.11115821450948715,0.11115821450948715,0.1893368512392044,0.13432233035564423,2.0344709250608162e-10,0.0,0.0,4.086205959320068,4.08620548248291,2.2638766765594482,2.2638766765594482,0.8286132216453552,0.0,0.0,0.0,0.0,0.31080347299575806,0.13613161444664001,0.0031776404939591885,0.9319158792495728,0.5753090381622314,0.09431679546833038,2.237854480743408,2.2680647373199463,2.2638766765594482,2.252790927886963,2.2852284908294678,0.1392280012369156,0.05254876986145973,1.0,2.1877758502960205,2.231431484222412,2.2644410133361816,0.0,0.0,0.0,0.0,0.0,0.0,0.0,,,,,,,,,,,,,,,,,0.00025
52,17260,train,0.03547614440321922,0.11406751722097397,0.11694123595952988,0.0,0.007244335487484932,0.007244335487484932,0.0,3.5183074474334717,9.999999747378752e-05,0.029999999329447746,0.029999999329447746,0.029999999329447746,0.0010000000474974513,0.0010000000474974513,0.06733565032482147,0.013070613145828247,0.0,0.0,0.0,0.0,-1.7104864120483398,-1.7104864120483398,1.0,-1.7104864120483398,0.0,-4.415508270263672,2.310587167739868,1.0,0.06733565032482147,1.0,0.0,0.0,0.06733565032482147,0.0,0.0,0.013070613145828247,0.0,0.3130706548690796,0.10403504967689514,0.06799133121967316,0.7483733892440796,0.5807126760482788,0.0,0.0,0.0,0.0,0.0,0.0,0.0,0.0,1.0,0.0,0.08849695324897766,0.3166491389274597,0.3560083508491516,0.022871702909469604,0.0,0.11694123595952988,0.11406751722097397,0.11406751722097397,0.23064571619033813,0.17052783071994781,-6.849382172546825e-11,0.0,0.0,4.185943603515625,4.185943603515625,2.306764841079712,2.306764841079712,1.024446964263916,0.0,0.0,0.0,0.0,0.3130706250667572,0.13072362542152405,0.0033058582339435816,0.9288597106933594,0.5807126760482788,0.08707108348608017,2.2743537425994873,2.317617416381836,2.306764841079712,2.2905685901641846,2.310587167739868,0.15196563303470612,0.0539717860519886,1.0,2.2690882682800293,2.2145183086395264,2.184187889099121,0.0,0.0,0.0,0.0,0.0,0.0,0.0,,,,,,,,,,,,,,,,,0.00025
52,17280,train,0.038474228233098984,0.11473134160041809,0.11796794831752777,0.0,0.006518697831779718,0.006518697831779718,0.0,3.4801130294799805,9.999999747378752e-05,0.029999999329447746,0.029999999329447746,0.029999999329447746,0.0010000000474974513,0.0010000000474974513,0.0554792620241642,0.007046937942504883,0.0,0.0,0.0,0.0,-1.6742801666259766,-1.6742801666259766,1.0,-1.6742801666259766,0.0,-4.366244792938232,2.387794256210327,1.0,0.0554792620241642,1.0,0.0,0.0,0.0554792620241642,0.0,0.0,0.007046937942504883,0.0,0.30704694986343384,0.12228505313396454,0.05726403743028641,0.8173421621322632,0.5622127056121826,0.0,0.0,0.0,0.0,0.0,0.0,0.0,0.0,1.0,0.0,0.08653069287538528,0.3100481927394867,0.3674286901950836,0.02401713654398918,0.0,0.11796794831752777,0.11473134160041809,0.11473134160041809,0.18520106375217438,0.1153797060251236,8.074974716665295e-11,0.0,0.0,4.121250152587891,4.121250152587891,2.3858284950256348,2.3858284950256348,0.8144310712814331,0.0,0.0,0.0,0.0,0.30704694986343384,0.150249645113945,0.0057809967547655106,0.9396183490753174,0.5622127056121826,0.1124080941081047,2.346045970916748,2.397273540496826,2.3858284950256348,2.359100103378296,2.387794256210327,0.14662718772888184,0.05491119995713234,1.0,2.3459978103637695,2.374701976776123,2.361241579055786,0.0,0.0,0.0,0.0,0.0,0.0,0.0,,,,,,,,,,,,,,,,,0.00025
52,17300,train,0.028676077723503113,0.11191803961992264,0.11430713534355164,0.0,0.006475773174315691,0.006475773174315691,0.0,3.554478883743286,9.999999747378752e-05,0.029999999329447746,0.029999999329447746,0.029999999329447746,0.0010000000474974513,0.0010000000474974513,0.058680690824985504,0.011549264192581177,0.0,0.0,0.0,0.0,-1.7787225246429443,-1.7787225246429443,1.0,-1.7787225246429443,0.0,-4.540218830108643,2.1566483974456787,1.0,0.058680690824985504,1.0,0.0,0.0,0.058680690824985504,0.0,0.0,0.011549264192581177,0.0,0.28845077753067017,0.11297649890184402,0.07465454190969467,0.7741205096244812,0.5555722117424011,0.0,0.0,0.0,0.0,0.0,0.0,0.0,0.0,1.0,0.0,0.0751645490527153,0.3026316165924072,0.3331068754196167,0.02169910818338394,0.0,0.11430713534355164,0.11191803961992264,0.11191803961992264,0.20646454393863678,0.16775231063365936,-3.316335053793473e-11,0.0,0.0,4.180363178253174,4.180363178253174,2.1672980785369873,2.1672980785369873,0.9157364964485168,0.0,0.0,0.0,0.0,0.2884507477283478,0.13486400246620178,0.012752155773341656,0.9037892818450928,0.5555722117424011,0.07311581075191498,2.1448755264282227,2.170102834701538,2.1672980785369873,2.1291627883911133,2.1566483974456787,0.13447193801403046,0.05068691447377205,1.0,2.260944366455078,2.1658267974853516,2.1372416019439697,0.0,0.0,0.0,0.0,0.0,0.0,0.0,,,,,,,,,,,,,,,,,0.00025
52,17320,train,0.03021741472184658,0.10976703464984894,0.11257918179035187,0.0,0.006500147748738527,0.006500147748738527,0.0,3.5092415809631348,9.999999747378752e-05,0.029999999329447746,0.029999999329447746,0.029999999329447746,0.0010000000474974513,0.0010000000474974513,0.056244369596242905,0.010479927062988281,0.0,0.0,0.0,0.0,-1.7113018035888672,-1.7113018035888672,1.0,-1.7113018035888672,0.0,-4.41147518157959,2.3081095218658447,1.0,0.056244369596242905,1.0,0.0,0.0,0.056244369596242905,0.0,0.0,0.010479927062988281,0.0,0.2895200848579407,0.11440225690603256,0.07663330435752869,0.8088065981864929,0.5543760657310486,0.0,0.0,0.0,0.0,0.0,0.0,0.0,0.0,1.0,0.0,0.07808366417884827,0.31011900305747986,0.3486294746398926,0.02302107773721218,0.0,0.11257918179035187,0.10976703464984894,0.10976703464984894,0.19913898408412933,0.14149537682533264,-1.5897487493088391e-10,0.0,0.0,4.056731224060059,4.056731224060059,2.2615063190460205,2.2615063190460205,0.853573203086853,0.0,0.0,0.0,0.0,0.2895200848579407,0.13905280828475952,0.010660434141755104,0.9072198867797852,0.5543760657310486,0.08261336386203766,2.246919631958008,2.26407790184021,2.2615063190460205,2.2973740100860596,2.3081095218658447,0.14137867093086243,0.05212739109992981,1.0,2.3078341484069824,2.274407148361206,2.2926383018493652,0.0,0.0,0.0,0.0,0.0,0.0,0.0,,,,,,,,,,,,,,,,,0.00025
52,17340,train,0.030881013721227646,0.11130621284246445,0.11472362279891968,0.0,0.006657703779637814,0.006657703779637814,0.0,3.5072290897369385,9.999999747378752e-05,0.029999999329447746,0.029999999329447746,0.029999999329447746,0.0010000000474974513,0.0010000000474974513,0.055721722543239594,0.010342031717300415,0.0,0.0,0.0,0.0,-1.7331074476242065,-1.7331074476242065,1.0,-1.7331074476242065,0.0,-4.451737880706787,2.2662434577941895,1.0,0.055721722543239594,1.0,0.0,0.0,0.055721722543239594,0.0,0.0,0.010342031717300415,0.0,0.31034204363822937,0.11445990204811096,0.07384638488292694,0.7627105712890625,0.571328341960907,0.0,0.0,0.0,0.0,0.0,0.0,0.0,0.0,1.0,0.0,0.08600480109453201,0.3156508505344391,0.3507789671421051,0.023086855188012123,0.0,0.11472362279891968,0.11130621284246445,0.11130621284246445,0.20952728390693665,0.151891827583313,-7.405988045050549e-10,0.0,0.0,4.086184501647949,4.086184501647949,2.2748303413391113,2.2748303413391113,0.9160815477371216,0.0,0.0,0.0,0.0,0.31034204363822937,0.14115343987941742,0.012799348682165146,0.9297803044319153,0.571328341960907,0.09800858050584793,2.2458174228668213,2.278831720352173,2.2748303413391113,2.2538678646087646,2.2662434577941895,0.14535443484783173,0.052621737122535706,1.0,2.2652225494384766,2.2923903465270996,2.240889549255371,0.0,0.0,0.0,0.0,0.0,0.0,0.0,,,,,,,,,,,,,,,,,0.00025
52,17360,train,0.021287325769662857,0.10146681219339371,0.10429048538208008,0.0,0.006455152295529842,0.006455152295529842,0.0,3.4895179271698,9.999999747378752e-05,0.029999999329447746,0.029999999329447746,0.029999999329447746,0.0010000000474974513,0.0010000000474974513,0.05852118879556656,0.00979626178741455,0.0,0.0,0.0,0.0,-1.6941418647766113,-1.6941418647766113,1.0,-1.6941418647766113,0.0,-4.387362003326416,2.3808610439300537,1.0,0.05852118879556656,1.0,0.0,0.0,0.05852118879556656,0.0,0.0,0.00979626178741455,0.0,0.2902037501335144,0.10381636023521423,0.06653951108455658,0.7373626232147217,0.5592464804649353,0.0,0.0,0.0,0.0,0.0,0.0,0.0,0.0,1.0,0.0,0.08260523527860641,0.31881362199783325,0.357985258102417,0.02357945591211319,0.0,0.10429048538208008,0.10146681219339371,0.10146681219339371,0.1922522932291031,0.11710385978221893,-5.6467757553191333e-11,0.0,0.0,4.022308349609375,4.022308826446533,2.332878351211548,2.332878351211548,0.8255455493927002,0.0,0.0,0.0,0.0,0.2902037501335144,0.13189002871513367,0.004130871035158634,0.9182784557342529,0.5592464804649353,0.06850490719079971,2.300147294998169,2.3425114154815674,2.332878351211548,2.368760824203491,2.3808610439300537,0.14400312304496765,0.05481366813182831,1.0,2.2360520362854004,2.2856767177581787,2.300525426864624,0.0,0.0,0.0,0.0,0.0,0.0,0.0,,,,,,,,,,,,,,,,,0.00025
52,17368,train_epoch,0.03018602501868666,0.1099525301042431,0.11266139767573265,0.0,0.006562871512717116,0.006562871512717116,0.0,3.5137218658081784,9.999999747378752e-05,0.029999999329447746,0.029999999329447746,0.029999999329447746,0.0010000000474974513,0.0010000000474974513,0.05794093859365244,0.011186765874931198,0.0,0.0,0.0,0.0,-1.7152695477365734,-1.7152695477365734,1.0,-1.7152695477365734,0.0,-4.423049531297056,2.301071107744457,1.0,0.05794093859365244,1.0,0.0,0.0,0.05794093859365244,0.0,0.0,0.011186765874931198,0.0,0.29894611462504567,0.10754968834940545,0.07556754602732772,0.7463944811307027,0.5655142013541239,0.0,0.0,0.0,0.0,0.0,0.0,0.0,0.0,1.0,0.0,0.08457289633904388,0.31082439279841806,0.3525028293896578,0.022886520011830117,0.0,0.11266139767573265,0.1099525301042431,0.1099525301042431,0.20580165556626406,0.14930707588791847,1.3360390112258301e-12,0.0,0.0,4.114278915399563,4.114278922537844,2.287875049128504,2.287875049128504,0.9028324554423373,0.0,0.0,0.0,0.0,0.2989461115020478,0.13388981092386618,0.010111105018351116,0.9150947596498592,0.5655142013541239,0.08002089124596762,2.265799774381215,2.2932607178202646,2.287875049128504,2.2800610329576596,2.301071107744457,0.1463251683615639,0.05373354713449221,1.0,2.2473121967144354,2.2453969752717162,2.2460062560920946,0.0,0.0,0.0,0.0,0.0,0.0,0.0,,,,,,,,,,,,,,,,,0.00025
52,17368,val,,,,,,,,,,,,,,,,,,,,,,,,,,,,,,,,,,,,,,,,,,,,,,,,,,,,,,,,,,,,,,,,,,,,,,,,,,,,,,,,,,,,,,,,,,,,,,,,,,,16.161534154737318,677.3650045996313,26.026236850525112,11.193155237146327,15.415263674280665,24.339069681294113,10.78543641545751,16.122808426350087,25.96810446882352,11.164371988794825,17.5995253872227,28.745616017071946,12.173036996308747,16.161534154737318,26.026236850525112,11.193155237146327,0.00025
53,17380,train,0.03660262003540993,0.11620967090129852,0.11893283575773239,0.0,0.006087814923375845,0.006087814923375845,0.0,3.5143370628356934,9.999999747378752e-05,0.029999999329447746,0.029999999329447746,0.029999999329447746,0.0010000000474974513,0.0010000000474974513,0.05547703802585602,0.015056461095809937,0.0,0.0,0.0,0.0,-1.7333035469055176,-1.7333035469055176,1.0,-1.7333035469055176,0.0,-4.47034215927124,2.283153772354126,1.0,0.05547703802585602,1.0,0.0,0.0,0.05547703802585602,0.0,0.0,0.015056461095809937,0.0,0.3150564730167389,0.10818040370941162,0.08032624423503876,0.7125027179718018,0.5785675048828125,0.0,0.0,0.0,0.0,0.0,0.0,0.0,0.0,1.0,0.0,0.0844074934720993,0.29760903120040894,0.3471424877643585,0.022699955850839615,0.0,0.11893283575773239,0.11620967090129852,0.11620967090129852,0.21913842856884003,0.1741277128458023,2.1162717411815635e-10,0.0,0.0,4.196717262268066,4.196717262268066,2.2696359157562256,2.2696359157562256,0.98370361328125,0.0,0.0,0.0,0.0,0.3150564730167389,0.1367659866809845,0.011453274637460709,0.9331291317939758,0.5785675048828125,0.09958640486001968,2.2459323406219482,2.2738537788391113,2.2696359157562256,2.2788825035095215,2.283153772354126,0.1424095630645752,0.05171949788928032,1.0,2.278313159942627,2.2103192806243896,2.220137596130371,0.0,0.0,0.0,0.0,0.0,0.0,0.0,,,,,,,,,,,,,,,,,0.00025
53,17400,train,0.04197167977690697,0.12110616266727448,0.12270279228687286,0.0,0.006009439006447792,0.006009439006447792,0.0,3.526601552963257,9.999999747378752e-05,0.029999999329447746,0.029999999329447746,0.029999999329447746,0.0010000000474974513,0.0010000000474974513,0.062088511884212494,0.017229139804840088,0.0,0.0,0.0,0.0,-1.738121747970581,-1.738121747970581,1.0,-1.738121747970581,0.0,-4.483639240264893,2.2053842544555664,1.0,0.062088511884212494,1.0,0.0,0.0,0.062088511884212494,0.0,0.0,0.017229139804840088,0.0,0.31722915172576904,0.11236927658319473,0.06438619643449783,0.7439293265342712,0.5778254866600037,0.0,0.0,0.0,0.0,0.0,0.0,0.0,0.0,1.0,0.0,0.07554817199707031,0.29195713996887207,0.334065318107605,0.02217928320169449,0.0,0.12270279228687286,0.12110616266727448,0.12110616266727448,0.219732403755188,0.18275970220565796,4.903623618268682e-10,0.0,0.0,4.24830961227417,4.24830961227417,2.1703739166259766,2.1703739166259766,0.9893521666526794,0.0,0.0,0.0,0.0,0.31722915172576904,0.13956226408481598,0.00842868909239769,0.9277260899543762,0.5778254866600037,0.10114890336990356,2.1679904460906982,2.1710991859436035,2.1703739166259766,2.2067971229553223,2.2053842544555664,0.1387060582637787,0.04962697997689247,1.0,2.2653701305389404,2.1561715602874756,2.234076976776123,0.0,0.0,0.0,0.0,0.0,0.0,0.0,,,,,,,,,,,,,,,,,0.00025
53,17420,train,0.03517499566078186,0.11423817276954651,0.11650398373603821,0.0,0.006061045918613672,0.006061045918613672,0.0,3.514558792114258,9.999999747378752e-05,0.029999999329447746,0.029999999329447746,0.029999999329447746,0.0010000000474974513,0.0010000000474974513,0.05497686192393303,0.0070028603076934814,0.0,0.0,0.0,0.0,-1.7159873247146606,-1.7159873247146606,1.0,-1.7159873247146606,0.0,-4.432467460632324,2.334749221801758,1.0,0.05497686192393303,1.0,0.0,0.0,0.05497686192393303,0.0,0.0,0.0070028603076934814,0.0,0.2929971218109131,0.10170295834541321,0.09016214311122894,0.7677516341209412,0.5606839656829834,0.0,0.0,0.0,0.0,0.0,0.0,0.0,0.0,1.0,0.0,0.0818311795592308,0.3044930398464203,0.3531402051448822,0.02274801954627037,0.0,0.11650398373603821,0.11423817276954651,0.11423817276954651,0.19445888698101044,0.14107109606266022,2.8435899468437498e-11,0.0,0.0,4.117172718048096,4.117172718048096,2.2946600914001465,2.2946600914001465,0.8542029857635498,0.0,0.0,0.0,0.0,0.2929971516132355,0.133998841047287,0.012927085161209106,0.9237631559371948,0.5606839656829834,0.07899816334247589,2.2717580795288086,2.300581216812134,2.2946600914001465,2.3142905235290527,2.334749221801758,0.14162704348564148,0.052202336490154266,1.0,2.3168296813964844,2.286431312561035,2.2912087440490723,0.0,0.0,0.0,0.0,0.0,0.0,0.0,,,,,,,,,,,,,,,,,0.00025
53,17440,train,0.031629398465156555,0.11104990541934967,0.11425361782312393,0.0,0.006556145381182432,0.006556145381182432,0.0,3.5096123218536377,9.999999747378752e-05,0.029999999329447746,0.029999999329447746,0.029999999329447746,0.0010000000474974513,0.0010000000474974513,0.0592992827296257,0.021284639835357666,0.0,0.0,0.0,0.0,-1.7149909734725952,-1.7149909734725952,1.0,-1.7149909734725952,0.0,-4.413335800170898,2.22511625289917,1.0,0.0592992827296257,1.0,0.0,0.0,0.0592992827296257,0.0,0.0,0.021284639835357666,0.0,0.2787153720855713,0.11147497594356537,0.06668336689472198,0.7727807760238647,0.5432752370834351,0.0,0.0,0.0,0.0,0.0,0.0,0.0,0.0,1.0,0.0,0.09345170855522156,0.31934309005737305,0.34982481598854065,0.023133495822548866,0.0,0.11425361782312393,0.11104990541934967,0.11104990541934967,0.21854114532470703,0.17051704227924347,8.986248550835185e-11,0.0,0.0,4.053731918334961,4.053731918334961,2.264838933944702,2.264838933944702,0.9420852065086365,0.0,0.0,0.0,0.0,0.2787153720855713,0.13788700103759766,0.011226708069443703,0.9055498242378235,0.5432752370834351,0.06927083432674408,2.25740909576416,2.2672712802886963,2.264838933944702,2.190526008605957,2.22511625289917,0.1517203450202942,0.055649977177381516,1.0,2.219913959503174,2.244760513305664,2.2423505783081055,0.0,0.0,0.0,0.0,0.0,0.0,0.0,,,,,,,,,,,,,,,,,0.00025
53,17460,train,0.03209271654486656,0.11221969127655029,0.1151779294013977,0.0,0.006138154771178961,0.006138154771178961,0.0,3.584054708480835,9.999999747378752e-05,0.029999999329447746,0.029999999329447746,0.029999999329447746,0.0010000000474974513,0.0010000000474974513,0.0638224184513092,0.0019458234310150146,0.0,0.0,0.0,0.0,-1.7295145988464355,-1.7295145988464355,1.0,-1.7295145988464355,0.0,-4.44691276550293,2.2721662521362305,1.0,0.0638224184513092,1.0,0.0,0.0,0.0638224184513092,0.0,0.0,0.0019458234310150146,0.0,0.29805418848991394,0.10102972388267517,0.07111698389053345,0.7205967903137207,0.5700019598007202,0.0,0.0,0.0,0.0,0.0,0.0,0.0,0.0,1.0,0.0,0.0912272110581398,0.3131319582462311,0.3507128357887268,0.02129608578979969,0.0,0.1151779294013977,0.11221969127655029,0.11221969127655029,0.23184722661972046,0.19051635265350342,5.147370862879086e-10,0.0,0.0,4.130002498626709,4.130002021789551,2.268028736114502,2.268028736114502,1.0207910537719727,0.0,0.0,0.0,0.0,0.29805418848991394,0.12627673149108887,0.0067858328111469746,0.9052659273147583,0.5700019598007202,0.06542586535215378,2.2401669025421143,2.274174213409424,2.268028736114502,2.2316322326660156,2.2721662521362305,0.15197789669036865,0.05427267402410507,1.0,2.0983803272247314,2.098862409591675,2.0959105491638184,0.0,0.0,0.0,0.0,0.0,0.0,0.0,,,,,,,,,,,,,,,,,0.00025
53,17480,train,0.030923819169402122,0.11241821944713593,0.11526423692703247,0.0,0.00647925678640604,0.00647925678640604,0.0,3.5884995460510254,9.999999747378752e-05,0.029999999329447746,0.029999999329447746,0.029999999329447746,0.0010000000474974513,0.0010000000474974513,0.05838846415281296,0.0267697274684906,0.0,0.0,0.0,0.0,-1.7530938386917114,-1.7530938386917114,1.0,-1.7530938386917114,0.0,-4.491508960723877,2.203305721282959,1.0,0.05838846415281296,1.0,0.0,0.0,0.05838846415281296,0.0,0.0,0.0267697274684906,0.0,0.32676973938941956,0.10520828515291214,0.08050694316625595,0.7275604009628296,0.59052973985672,0.0,0.0,0.0,0.0,0.0,0.0,0.0,0.0,1.0,0.0,0.07911606132984161,0.3023401200771332,0.3356122374534607,0.020997049286961555,0.0,0.11526423692703247,0.11241821944713593,0.11241821944713593,0.21989068388938904,0.18563313782215118,-3.89797603916886e-11,0.0,0.0,4.2181477546691895,4.2181477546691895,2.182116746902466,2.182116746902466,0.9836372137069702,0.0,0.0,0.0,0.0,0.32676973938941956,0.13263648748397827,0.013919300399720669,0.903952419757843,0.59052973985672,0.0992647111415863,2.1748692989349365,2.183288097381592,2.182116746902466,2.1780335903167725,2.203305721282959,0.14302323758602142,0.05123896896839142,1.0,2.2452712059020996,2.1371498107910156,2.1834306716918945,0.0,0.0,0.0,0.0,0.0,0.0,0.0,,,,,,,,,,,,,,,,,0.00025
53,17500,train,0.02550640143454075,0.1077142283320427,0.10984428226947784,0.0,0.006713004317134619,0.006713004317134619,0.0,3.5424346923828125,9.999999747378752e-05,0.029999999329447746,0.029999999329447746,0.029999999329447746,0.0010000000474974513,0.0010000000474974513,0.05957724153995514,0.031051158905029297,0.0,0.0,0.0,0.0,-1.74704909324646,-1.74704909324646,1.0,-1.74704909324646,0.0,-4.4732160568237305,2.229233980178833,1.0,0.05957724153995514,1.0,0.0,0.0,0.05957724153995514,0.0,0.0,0.031051158905029297,0.0,0.33105117082595825,0.12466740608215332,0.08490410447120667,0.7996540069580078,0.5833514332771301,0.0,0.0,0.0,0.0,0.0,0.0,0.0,0.0,1.0,0.0,0.08069602400064468,0.31120771169662476,0.3410307466983795,0.02212250791490078,0.0,0.10984428226947784,0.1077142283320427,0.1077142283320427,0.21721678972244263,0.1636548936367035,-3.553818350710003e-10,0.0,0.0,4.140136241912842,4.140136241912842,2.2237823009490967,2.2237823009490967,0.9570456147193909,0.0,0.0,0.0,0.0,0.33105117082595825,0.1484353095293045,0.014242549426853657,0.9362224340438843,0.5833514332771301,0.1287224292755127,2.2111732959747314,2.2256999015808105,2.2237823009490967,2.2235803604125977,2.229233980178833,0.14238376915454865,0.05187159404158592,1.0,2.1954505443573,2.2495462894439697,2.1950430870056152,0.0,0.0,0.0,0.0,0.0,0.0,0.0,,,,,,,,,,,,,,,,,0.00025
53,17520,train,0.026935353875160217,0.1078111082315445,0.11025481671094894,0.0,0.005893038585782051,0.005893038585782051,0.0,3.520036220550537,9.999999747378752e-05,0.029999999329447746,0.029999999329447746,0.029999999329447746,0.0010000000474974513,0.0010000000474974513,0.05967210978269577,0.01206478476524353,0.0,0.0,0.0,0.0,-1.7254542112350464,-1.7254542112350464,1.0,-1.7254542112350464,0.0,-4.4293036460876465,2.2938387393951416,1.0,0.05967210978269577,1.0,0.0,0.0,0.05967210978269577,0.0,0.0,0.01206478476524353,0.0,0.2879352271556854,0.1088903397321701,0.06705504655838013,0.8167166709899902,0.5565022826194763,0.0,0.0,0.0,0.0,0.0,0.0,0.0,0.0,1.0,0.0,0.08702775835990906,0.3100201487541199,0.35022789239883423,0.022789044305682182,0.0,0.11025481671094894,0.1078111082315445,0.1078111082315445,0.19433118402957916,0.13236103951931,-5.990832829816384e-11,0.0,0.0,4.091922760009766,4.091922760009766,2.279716730117798,2.279716730117798,0.8560618758201599,0.0,0.0,0.0,0.0,0.2879352271556854,0.1327243596315384,0.0059041352942585945,0.931048572063446,0.5565022826194763,0.06939338892698288,2.260734796524048,2.283357620239258,2.279716730117798,2.2644383907318115,2.2938387393951416,0.14168302714824677,0.05348170921206474,1.0,2.194749355316162,2.1732337474823,2.211483955383301,0.0,0.0,0.0,0.0,0.0,0.0,0.0,,,,,,,,,,,,,,,,,0.00025
53,17540,train,0.029345301911234856,0.10961485654115677,0.1122569665312767,0.0,0.0069120898842811584,0.0069120898842811584,0.0,3.553327798843384,9.999999747378752e-05,0.029999999329447746,0.029999999329447746,0.029999999329447746,0.0010000000474974513,0.0010000000474974513,0.05880258232355118,0.004633277654647827,0.0,0.0,0.0,0.0,-1.7224513292312622,-1.7224513292312622,1.0,-1.7224513292312622,0.0,-4.427624702453613,2.2957804203033447,1.0,0.05880258232355118,1.0,0.0,0.0,0.05880258232355118,0.0,0.0,0.004633277654647827,0.0,0.29536673426628113,0.10497123003005981,0.0719636008143425,0.7735098600387573,0.564511775970459,0.0,0.0,0.0,0.0,0.0,0.0,0.0,0.0,1.0,0.0,0.08745574951171875,0.31733012199401855,0.3501895070075989,0.021870188415050507,0.0,0.1122569665312767,0.10961485654115677,0.10961485654115677,0.21483874320983887,0.16557756066322327,2.442925306489485e-10,0.0,0.0,4.136485576629639,4.136485576629639,2.27797794342041,2.27797794342041,0.9519264698028564,0.0,0.0,0.0,0.0,0.29536673426628113,0.131155326962471,0.005856925621628761,0.8967996835708618,0.564511775970459,0.06989890336990356,2.2837612628936768,2.2739996910095215,2.27797794342041,2.2744381427764893,2.2957804203033447,0.15125878155231476,0.053843554109334946,1.0,2.194331407546997,2.2823169231414795,2.237126350402832,0.0,0.0,0.0,0.0,0.0,0.0,0.0,,,,,,,,,,,,,,,,,0.00025
53,17560,train,0.022845517843961716,0.10395173728466034,0.1060297042131424,0.0,0.006288494914770126,0.006288494914770126,0.0,3.5042171478271484,9.999999747378752e-05,0.029999999329447746,0.029999999329447746,0.029999999329447746,0.0010000000474974513,0.0010000000474974513,0.05910170078277588,0.0015465617179870605,0.0,0.0,0.0,0.0,-1.7151981592178345,-1.7151981592178345,1.0,-1.7151981592178345,0.0,-4.432188510894775,2.3301146030426025,1.0,0.05910170078277588,1.0,0.0,0.0,0.05910170078277588,0.0,0.0,0.0015465617179870605,0.0,0.301546573638916,0.10137408971786499,0.06880298256874084,0.7282010912895203,0.5714645385742188,0.0,0.0,0.0,0.0,0.0,0.0,0.0,0.0,1.0,0.0,0.09372537583112717,0.3133102357387543,0.36216971278190613,0.023329241201281548,0.0,0.1060297042131424,0.10395173728466034,0.10395173728466034,0.20600034296512604,0.13964764773845673,6.49618067671831e-11,0.0,0.0,4.1091694831848145,4.1091694831848145,2.366539239883423,2.366539239883423,0.9026100039482117,0.0,0.0,0.0,0.0,0.301546573638916,0.12950381636619568,0.012540750205516815,0.9195630550384521,0.5714645385742188,0.07590380311012268,2.3476734161376953,2.370990514755249,2.366539239883423,2.329342842102051,2.3301146030426025,0.1469060778617859,0.05521287024021149,1.0,2.2845122814178467,2.2526659965515137,2.257009267807007,0.0,0.0,0.0,0.0,0.0,0.0,0.0,,,,,,,,,,,,,,,,,0.00025
53,17580,train,0.030618801712989807,0.11066065728664398,0.11311420798301697,0.0,0.0066485279239714146,0.0066485279239714146,0.0,3.507164478302002,9.999999747378752e-05,0.029999999329447746,0.029999999329447746,0.029999999329447746,0.0010000000474974513,0.0010000000474974513,0.05441877990961075,0.004914611577987671,0.0,0.0,0.0,0.0,-1.7212368249893188,-1.7212368249893188,1.0,-1.7212368249893188,0.0,-4.427905082702637,2.2513346672058105,1.0,0.05441877990961075,1.0,0.0,0.0,0.05441877990961075,0.0,0.0,0.004914611577987671,0.0,0.2950854003429413,0.10679807513952255,0.0795799195766449,0.791857898235321,0.5643191337585449,0.0,0.0,0.0,0.0,0.0,0.0,0.0,0.0,1.0,0.0,0.08438292890787125,0.31521904468536377,0.3482471704483032,0.02301778458058834,0.0,0.11311420798301697,0.11066065728664398,0.11066065728664398,0.21248981356620789,0.15847641229629517,-2.3009451288746874e-10,0.0,0.0,4.0694966316223145,4.0694966316223145,2.2554659843444824,2.2554659843444824,0.9165292382240295,0.0,0.0,0.0,0.0,0.2950854003429413,0.13224107027053833,0.008906272239983082,0.9358924627304077,0.5643191337585449,0.07518383115530014,2.2461416721343994,2.256516456604004,2.2554659843444824,2.247175455093384,2.2513346672058105,0.1468060463666916,0.05292200297117233,1.0,2.2173655033111572,2.2570595741271973,2.310882329940796,0.0,0.0,0.0,0.0,0.0,0.0,0.0,,,,,,,,,,,,,,,,,0.00025
53,17600,train,0.035109102725982666,0.11545954644680023,0.11843559145927429,0.0,0.006657901685684919,0.006657901685684919,0.0,3.57064151763916,9.999999747378752e-05,0.029999999329447746,0.029999999329447746,0.029999999329447746,0.0010000000474974513,0.0010000000474974513,0.055530231446027756,0.0054274797439575195,0.0,0.0,0.0,0.0,-1.744255542755127,-1.744255542755127,1.0,-1.744255542755127,0.0,-4.47110652923584,2.2114944458007812,1.0,0.055530231446027756,1.0,0.0,0.0,0.055530231446027756,0.0,0.0,0.0054274797439575195,0.0,0.3054274916648865,0.10931362956762314,0.06874851882457733,0.7521222829818726,0.5723692178726196,0.0,0.0,0.0,0.0,0.0,0.0,0.0,0.0,1.0,0.0,0.07802002131938934,0.30581948161125183,0.34061938524246216,0.02145223692059517,0.0,0.11843559145927429,0.11545954644680023,0.11545954644680023,0.2294512689113617,0.1894974708557129,-1.1042866621124858e-10,0.0,0.0,4.152673721313477,4.152673721313477,2.1945013999938965,2.1945013999938965,1.0063867568969727,0.0,0.0,0.0,0.0,0.3054274916648865,0.13253943622112274,0.010840903967618942,0.88460773229599,0.5723692178726196,0.07915135473012924,2.1849350929260254,2.192319393157959,2.1945013999938965,2.1791133880615234,2.2114944458007812,0.14865490794181824,0.051589395850896835,1.0,2.1513938903808594,2.2001283168792725,2.1847705841064453,0.0,0.0,0.0,0.0,0.0,0.0,0.0,,,,,,,,,,,,,,,,,0.00025
53,17620,train,0.03922943398356438,0.1168479323387146,0.11950470507144928,0.0,0.006758836563676596,0.006758836563676596,0.0,3.5725338459014893,9.999999747378752e-05,0.029999999329447746,0.029999999329447746,0.029999999329447746,0.0010000000474974513,0.0010000000474974513,0.05911571905016899,0.0053993165493011475,0.0,0.0,0.0,0.0,-1.702399492263794,-1.702399492263794,1.0,-1.702399492263794,0.0,-4.415494441986084,2.2923943996429443,1.0,0.05911571905016899,1.0,0.0,0.0,0.05911571905016899,0.0,0.0,0.0053993165493011475,0.0,0.3053993284702301,0.10386769473552704,0.0685945376753807,0.8025218844413757,0.5733482837677002,0.0,0.0,0.0,0.0,0.0,0.0,0.0,0.0,1.0,0.0,0.08652239292860031,0.3170522451400757,0.35314974188804626,0.021650373935699463,0.0,0.11950470507144928,0.1168479323387146,0.1168479323387146,0.22400696575641632,0.17606252431869507,-3.652683017163483e-11,0.0,0.0,4.2274885177612305,4.2274885177612305,2.274616003036499,2.274616003036499,1.0087529420852661,0.0,0.0,0.0,0.0,0.3053993284702301,0.13248932361602783,0.004873169586062431,0.9302215576171875,0.5733482837677002,0.08232230693101883,2.2538814544677734,2.2803750038146973,2.274616003036499,2.267116069793701,2.2923943996429443,0.15387284755706787,0.05314544215798378,1.0,2.23051118850708,2.194553852081299,2.1926515102386475,0.0,0.0,0.0,0.0,0.0,0.0,0.0,,,,,,,,,,,,,,,,,0.00025
53,17640,train,0.0273393914103508,0.10692394524812698,0.10912921279668808,0.0,0.00669426005333662,0.00669426005333662,0.0,3.524674654006958,9.999999747378752e-05,0.029999999329447746,0.029999999329447746,0.029999999329447746,0.0010000000474974513,0.0010000000474974513,0.05989588052034378,0.023501873016357422,0.0,0.0,0.0,0.0,-1.7007849216461182,-1.7007849216461182,1.0,-1.7007849216461182,0.0,-4.39357852935791,2.2123794555664062,1.0,0.05989588052034378,1.0,0.0,0.0,0.05989588052034378,0.0,0.0,0.023501873016357422,0.0,0.27649813890457153,0.1198415756225586,0.05499706789851189,0.7081443667411804,0.5374146699905396,0.0,0.0,0.0,0.0,0.0,0.0,0.0,0.0,1.0,0.0,0.09033327549695969,0.31882691383361816,0.3526519238948822,0.02283715084195137,0.0,0.10912921279668808,0.10692394524812698,0.10692394524812698,0.21013996005058289,0.17880168557167053,3.7279193620953777e-10,0.0,0.0,4.118739128112793,4.118739128112793,2.2673120498657227,2.2673120498657227,0.9211471676826477,0.0,0.0,0.0,0.0,0.27649813890457153,0.14188499748706818,0.007106218487024307,0.9361091256141663,0.5374146699905396,0.07201287150382996,2.2342450618743896,2.275230646133423,2.2673120498657227,2.1741721630096436,2.2123794555664062,0.15030823647975922,0.05593058839440346,1.0,2.129304885864258,2.1366169452667236,2.166541814804077,0.0,0.0,0.0,0.0,0.0,0.0,0.0,,,,,,,,,,,,,,,,,0.00025
53,17660,train,0.03287610411643982,0.11260784417390823,0.11436669528484344,0.0,0.006602796725928783,0.006602796725928783,0.0,3.5070831775665283,9.999999747378752e-05,0.029999999329447746,0.029999999329447746,0.029999999329447746,0.0010000000474974513,0.0010000000474974513,0.060369204729795456,0.020802348852157593,0.0,0.0,0.0,0.0,-1.7205841541290283,-1.7205841541290283,1.0,-1.7205841541290283,0.0,-4.434545993804932,2.334199905395508,1.0,0.060369204729795456,1.0,0.0,0.0,0.060369204729795456,0.0,0.0,0.020802348852157593,0.0,0.32080236077308655,0.11204301565885544,0.055715423077344894,0.7768851518630981,0.5822324752807617,0.0,0.0,0.0,0.0,0.0,0.0,0.0,0.0,1.0,0.0,0.0828523188829422,0.30136141180992126,0.352521687746048,0.02323635295033455,0.0,0.11436669528484344,0.11260784417390823,0.11260784417390823,0.202944815158844,0.13237327337265015,4.488704546945499e-11,0.0,0.0,4.011992454528809,4.011992454528809,2.313213348388672,2.313213348388672,0.8695247173309326,0.0,0.0,0.0,0.0,0.32080236077308655,0.13814343512058258,0.0070221382193267345,0.9422067403793335,0.5822324752807617,0.10182292014360428,2.2794578075408936,2.3220951557159424,2.313213348388672,2.325921058654785,2.334199905395508,0.1402035653591156,0.052085816860198975,1.0,2.208836078643799,2.236504554748535,2.2672383785247803,0.0,0.0,0.0,0.0,0.0,0.0,0.0,,,,,,,,,,,,,,,,,0.00025
53,17680,train,0.03149726614356041,0.11089997738599777,0.11400781571865082,0.0,0.006791152060031891,0.006791152060031891,0.0,3.516303539276123,9.999999747378752e-05,0.029999999329447746,0.029999999329447746,0.029999999329447746,0.0010000000474974513,0.0010000000474974513,0.058432064950466156,0.0011368989944458008,0.0,0.0,0.0,0.0,-1.713653326034546,-1.713653326034546,1.0,-1.713653326034546,0.0,-4.405276298522949,2.257523536682129,1.0,0.058432064950466156,1.0,0.0,0.0,0.058432064950466156,0.0,0.0,0.0011368989944458008,0.0,0.29886311292648315,0.12796799838542938,0.07327728718519211,0.7858402729034424,0.5528376698493958,0.0,0.0,0.0,0.0,0.0,0.0,0.0,0.0,1.0,0.0,0.08960846811532974,0.3261208236217499,0.349199503660202,0.022922759875655174,0.0,0.11400781571865082,0.11089997738599777,0.11089997738599777,0.21103866398334503,0.15568946301937103,-7.881486262240056e-13,0.0,0.0,4.118997573852539,4.118997573852539,2.2596120834350586,2.2596120834350586,0.933167576789856,0.0,0.0,0.0,0.0,0.29886311292648315,0.15257316827774048,0.009872885420918465,0.9379295110702515,0.5528376698493958,0.10686275362968445,2.244051218032837,2.259448289871216,2.2596120834350586,2.231935501098633,2.257523536682129,0.15036217868328094,0.054876722395420074,1.0,2.1960768699645996,2.2628884315490723,2.221330404281616,0.0,0.0,0.0,0.0,0.0,0.0,0.0,,,,,,,,,,,,,,,,,0.00025
53,17700,train,0.02889949083328247,0.10781345516443253,0.11100445687770844,0.0,0.006785938050597906,0.006785938050597906,0.0,3.542006254196167,9.999999747378752e-05,0.029999999329447746,0.029999999329447746,0.029999999329447746,0.0010000000474974513,0.0010000000474974513,0.05815005302429199,0.0059982240200042725,0.0,0.0,0.0,0.0,-1.6956130266189575,-1.6956130266189575,1.0,-1.6956130266189575,0.0,-4.387387752532959,2.3506879806518555,1.0,0.05815005302429199,1.0,0.0,0.0,0.05815005302429199,0.0,0.0,0.0059982240200042725,0.0,0.3059982657432556,0.11728772521018982,0.0830065906047821,0.7626008987426758,0.5678449273109436,0.0,0.0,0.0,0.0,0.0,0.0,0.0,0.0,1.0,0.0,0.08470146358013153,0.31869620084762573,0.36189547181129456,0.02246970683336258,0.0,0.11100445687770844,0.10781345516443253,0.10781345516443253,0.20245769619941711,0.14475426077842712,4.658595176287861e-10,0.0,0.0,4.0805864334106445,4.0805864334106445,2.3330118656158447,2.3330118656158447,0.8754575848579407,0.0,0.0,0.0,0.0,0.3059982359409332,0.14100272953510284,0.012117389589548111,0.9664453268051147,0.5678449273109436,0.09561888128519058,2.3063161373138428,2.338500738143921,2.3330118656158447,2.3162145614624023,2.3506879806518555,0.15447215735912323,0.05542190745472908,1.0,2.249772548675537,2.226902484893799,2.1741042137145996,0.0,0.0,0.0,0.0,0.0,0.0,0.0,,,,,,,,,,,,,,,,,0.00025
53,17702,train_epoch,0.030213738585303643,0.10989085274809848,0.11256724406412975,0.0,0.006563578329389234,0.006563578329389234,0.0,3.528224412552611,9.999999747378752e-05,0.029999999329447746,0.029999999329447746,0.029999999329447746,0.0010000000474974513,0.0010000000474974513,0.05811699638198949,0.011333491809353858,0.0,0.0,0.0,0.0,-1.7134957588361408,-1.7134957588361408,1.0,-1.7134957588361408,0.0,-4.41947202197092,2.303708507629212,1.0,0.05811699638198949,1.0,0.0,0.0,0.05811699638198949,0.0,0.0,0.011333491809353858,0.0,0.29957370558184776,0.10881379534473676,0.0766649175502226,0.7571398028713501,0.5651423568854075,0.0,0.0,0.0,0.0,0.0,0.0,0.0,0.0,1.0,0.0,0.08384919222332761,0.31116340947365334,0.35290210912684483,0.02261387531695787,0.0,0.11256724406412975,0.10989085274809848,0.10989085274809848,0.20695433908415412,0.15086686617867676,2.0235184081180602e-11,0.0,0.0,4.112424407176629,4.112424408604285,2.2910205525552443,2.2910205525552443,0.9074915460126842,0.0,0.0,0.0,0.0,0.2995737012988793,0.13533216726012573,0.01009078502716374,0.9202121794223785,0.5651423568854075,0.08237963891448732,2.2681703082101787,2.2963784754633187,2.2910205525552443,2.282500576830196,2.303708507629212,0.14656545667948123,0.0535550126973205,1.0,2.244841739803017,2.2434541615183483,2.2432739434841866,0.0,0.0,0.0,0.0,0.0,0.0,0.0,,,,,,,,,,,,,,,,,0.00025
53,17702,val,,,,,,,,,,,,,,,,,,,,,,,,,,,,,,,,,,,,,,,,,,,,,,,,,,,,,,,,,,,,,,,,,,,,,,,,,,,,,,,,,,,,,,,,,,,,,,,,,,,16.249896483378368,676.01344395543,26.00025853631902,12.679399365777368,15.496157238075325,24.2563420822079,12.551570943883947,16.17590532646523,25.939082824581053,12.451798499167502,17.603861667014456,28.717833363680224,13.23140779271856,16.249896483378368,26.00025853631902,12.679399365777368,0.00025
54,17720,train,0.02814016304910183,0.10775795578956604,0.11053973436355591,0.0,0.006549442652612925,0.006549442652612925,0.0,3.5307040214538574,9.999999747378752e-05,0.029999999329447746,0.029999999329447746,0.029999999329447746,0.0010000000474974513,0.0010000000474974513,0.05750588700175285,0.015350103378295898,0.0,0.0,0.0,0.0,-1.7058024406433105,-1.7058024406433105,1.0,-1.7058024406433105,0.0,-4.411679744720459,2.3810415267944336,1.0,0.05750588700175285,1.0,0.0,0.0,0.05750588700175285,0.0,0.0,0.015350103378295898,0.0,0.31535011529922485,0.11159133166074753,0.08207495510578156,0.7945463061332703,0.578486442565918,0.0,0.0,0.0,0.0,0.0,0.0,0.0,0.0,1.0,0.0,0.07788587361574173,0.30861181020736694,0.3561057448387146,0.022492708638310432,0.0,0.11053973436355591,0.10775795578956604,0.10775795578956604,0.19404198229312897,0.12451551109552383,-2.2934405763397336e-10,0.0,0.0,4.075017929077148,4.075017929077148,2.315078020095825,2.315078020095825,0.8410362601280212,0.0,0.0,0.0,0.0,0.31535011529922485,0.13699570298194885,0.014948047697544098,0.9402884840965271,0.578486442565918,0.0975949838757515,2.2808690071105957,2.3242733478546143,2.315078020095825,2.3705735206604004,2.3810415267944336,0.14261940121650696,0.051725052297115326,1.0,2.2205653190612793,2.276209592819214,2.2899088859558105,0.0,0.0,0.0,0.0,0.0,0.0,0.0,,,,,,,,,,,,,,,,,0.00025
54,17740,train,0.020613044500350952,0.1008547842502594,0.10338365286588669,0.0,0.0062856292352080345,0.0062856292352080345,0.0,3.5141561031341553,9.999999747378752e-05,0.029999999329447746,0.029999999329447746,0.029999999329447746,0.0010000000474974513,0.0010000000474974513,0.05588436871767044,0.015111446380615234,0.0,0.0,0.0,0.0,-1.6921576261520386,-1.6921576261520386,1.0,-1.6921576261520386,0.0,-4.371540069580078,2.3613624572753906,1.0,0.05588436871767044,1.0,0.0,0.0,0.05588436871767044,0.0,0.0,0.015111446380615234,0.0,0.28488853573799133,0.11078044027090073,0.07459843158721924,0.7174261808395386,0.5518636107444763,0.0,0.0,0.0,0.0,0.0,0.0,0.0,0.0,1.0,0.0,0.08753048628568649,0.3143823444843292,0.3641798198223114,0.023093396797776222,0.0,0.10338365286588669,0.1008547842502594,0.1008547842502594,0.17570281028747559,0.11117596924304962,-5.19767950901695e-10,0.0,0.0,4.1136040687561035,4.1136040687561035,2.366973638534546,2.366973638534546,0.7792560458183289,0.0,0.0,0.0,0.0,0.2848885655403137,0.13482216000556946,0.0033112468663603067,0.9015650153160095,0.5518636107444763,0.07113970816135406,2.3253061771392822,2.3769872188568115,2.366973638534546,2.332606315612793,2.3613624572753906,0.1427140086889267,0.05586135759949684,1.0,2.35203218460083,2.225266456604004,2.2262799739837646,0.0,0.0,0.0,0.0,0.0,0.0,0.0,,,,,,,,,,,,,,,,,0.00025
54,17760,train,0.026052506640553474,0.10595700144767761,0.10859089344739914,0.0,0.006434754468500614,0.006434754468500614,0.0,3.535310983657837,9.999999747378752e-05,0.029999999329447746,0.029999999329447746,0.029999999329447746,0.0010000000474974513,0.0010000000474974513,0.05683276057243347,0.016930192708969116,0.0,0.0,0.0,0.0,-1.7040501832962036,-1.7040501832962036,1.0,-1.7040501832962036,0.0,-4.389256954193115,2.2898268699645996,1.0,0.05683276057243347,1.0,0.0,0.0,0.05683276057243347,0.0,0.0,0.016930192708969116,0.0,0.28306978940963745,0.12016058713197708,0.07314527034759521,0.7917447090148926,0.5431172847747803,0.0,0.0,0.0,0.0,0.0,0.0,0.0,0.0,1.0,0.0,0.0807487815618515,0.31594330072402954,0.3508871793746948,0.022436799481511116,0.0,0.10859089344739914,0.10595700144767761,0.10595700144767761,0.19495514035224915,0.1439344733953476,3.993455843787075e-10,0.0,0.0,4.116480827331543,4.116480827331543,2.273683786392212,2.273683786392212,0.8600701093673706,0.0,0.0,0.0,0.0,0.28306981921195984,0.1447400152683258,0.009410597383975983,0.8994935154914856,0.5431172847747803,0.08347120881080627,2.2522199153900146,2.278029441833496,2.273683786392212,2.2549855709075928,2.2898268699645996,0.14572246372699738,0.053538594394922256,1.0,2.2814345359802246,2.223231554031372,2.285430908203125,0.0,0.0,0.0,0.0,0.0,0.0,0.0,,,,,,,,,,,,,,,,,0.00025
54,17780,train,0.03002081997692585,0.10842934250831604,0.1119941845536232,0.0,0.007421930320560932,0.007421930320560932,0.0,3.513021230697632,9.999999747378752e-05,0.029999999329447746,0.029999999329447746,0.029999999329447746,0.0010000000474974513,0.0010000000474974513,0.057405270636081696,0.0002518594264984131,0.0,0.0,0.0,0.0,-1.6906495094299316,-1.6906495094299316,1.0,-1.6906495094299316,0.0,-4.373204231262207,2.2804207801818848,1.0,0.057405270636081696,1.0,0.0,0.0,0.057405270636081696,0.0,0.0,0.0002518594264984131,0.0,0.30025190114974976,0.1127210184931755,0.06071201711893082,0.7700926661491394,0.5639994740486145,0.0,0.0,0.0,0.0,0.0,0.0,0.0,0.0,1.0,0.0,0.07926730066537857,0.32494911551475525,0.35145318508148193,0.022945184260606766,0.0,0.1119941845536232,0.10842934250831604,0.10842934250831604,0.2119637429714203,0.15674267709255219,-6.475622815749205e-10,0.0,0.0,4.163965702056885,4.163966178894043,2.251922369003296,2.251922369003296,0.945835292339325,0.0,0.0,0.0,0.0,0.30025187134742737,0.13846778869628906,0.005701072048395872,0.9667531251907349,0.5639994740486145,0.08431372791528702,2.2497148513793945,2.252636671066284,2.251922369003296,2.2455430030822754,2.2804207801818848,0.15683941543102264,0.053822390735149384,1.0,2.4028406143188477,2.3310370445251465,2.301060676574707,0.0,0.0,0.0,0.0,0.0,0.0,0.0,,,,,,,,,,,,,,,,,0.00025
54,17800,train,0.026375245302915573,0.10695832222700119,0.10931906849145889,0.0,0.006384942680597305,0.006384942680597305,0.0,3.527017593383789,9.999999747378752e-05,0.029999999329447746,0.029999999329447746,0.029999999329447746,0.0010000000474974513,0.0010000000474974513,0.059227440506219864,0.003950595855712891,0.0,0.0,0.0,0.0,-1.7175719738006592,-1.7175719738006592,1.0,-1.7175719738006592,0.0,-4.416853427886963,2.258364677429199,1.0,0.059227440506219864,1.0,0.0,0.0,0.059227440506219864,0.0,0.0,0.003950595855712891,0.0,0.30395063757896423,0.11462584882974625,0.08935632556676865,0.7599486112594604,0.5657396912574768,0.0,0.0,0.0,0.0,0.0,0.0,0.0,0.0,1.0,0.0,0.08214954286813736,0.3109676241874695,0.34978187084198,0.022451147437095642,0.0,0.10931906849145889,0.10695832222700119,0.10695832222700119,0.21877872943878174,0.1783534735441208,-3.4808875226666203e-10,0.0,0.0,4.231235504150391,4.231235504150391,2.255523443222046,2.255523443222046,0.9893838763237,0.0,0.0,0.0,0.0,0.30395060777664185,0.1408693641424179,0.01239782478660345,0.950497031211853,0.5657396912574768,0.09054841101169586,2.24475359916687,2.260118246078491,2.255523443222046,2.230942964553833,2.258364677429199,0.14849095046520233,0.05317302048206329,1.0,2.308453321456909,2.2638063430786133,2.2675795555114746,0.0,0.0,0.0,0.0,0.0,0.0,0.0,,,,,,,,,,,,,,,,,0.00025
54,17820,train,0.013335141353309155,0.09286294132471085,0.09548121690750122,0.0,0.00584606546908617,0.00584606546908617,0.0,3.478588104248047,9.999999747378752e-05,0.029999999329447746,0.029999999329447746,0.029999999329447746,0.0010000000474974513,0.0010000000474974513,0.05429863557219505,0.012913405895233154,0.0,0.0,0.0,0.0,-1.65357506275177,-1.65357506275177,1.0,-1.65357506275177,0.0,-4.296175479888916,2.4666993618011475,1.0,0.05429863557219505,1.0,0.0,0.0,0.05429863557219505,0.0,0.0,0.012913405895233154,0.0,0.2870866060256958,0.10791132599115372,0.08759524673223495,0.7461134791374207,0.5511474013328552,0.0,0.0,0.0,0.0,0.0,0.0,0.0,0.0,1.0,0.0,0.0871662124991417,0.3090716600418091,0.38132020831108093,0.024312244728207588,0.0,0.09548121690750122,0.09286294132471085,0.09286294132471085,0.16215096414089203,0.0793919712305069,4.141597481632786e-11,0.0,0.0,3.9693682193756104,3.9693686962127686,2.473139762878418,2.473139762878418,0.6905395984649658,0.0,0.0,0.0,0.0,0.2870866060256958,0.1386556625366211,0.00623747194185853,0.9323540925979614,0.5511474013328552,0.07653186470270157,2.4473981857299805,2.4840588569641113,2.473139762878418,2.4218266010284424,2.4666993618011475,0.1506906896829605,0.059024374932050705,1.0,2.412400484085083,2.3623604774475098,2.3408312797546387,0.0,0.0,0.0,0.0,0.0,0.0,0.0,,,,,,,,,,,,,,,,,0.00025
54,17840,train,0.022445624694228172,0.10257213562726974,0.10472428798675537,0.0,0.006286962423473597,0.006286962423473597,0.0,3.5217676162719727,9.999999747378752e-05,0.029999999329447746,0.029999999329447746,0.029999999329447746,0.0010000000474974513,0.0010000000474974513,0.05497799068689346,0.018318384885787964,0.0,0.0,0.0,0.0,-1.6947575807571411,-1.6947575807571411,1.0,-1.6947575807571411,0.0,-4.381792068481445,2.3937294483184814,1.0,0.05497799068689346,1.0,0.0,0.0,0.05497799068689346,0.0,0.0,0.018318384885787964,0.0,0.281681627035141,0.10391975939273834,0.08996777981519699,0.7410739660263062,0.5535303950309753,0.0,0.0,0.0,0.0,0.0,0.0,0.0,0.0,1.0,0.0,0.0896356925368309,0.31791213154792786,0.3667823076248169,0.023086579516530037,0.0,0.10472428798675537,0.10257213562726974,0.10257213562726974,0.1858372688293457,0.11486928910017014,2.2139039212998313e-10,0.0,0.0,4.033383846282959,4.033384323120117,2.394014358520508,2.394014358520508,0.8025525212287903,0.0,0.0,0.0,0.0,0.281681627035141,0.12801793217658997,0.017888570204377174,0.9294809103012085,0.5535303950309753,0.06021752953529358,2.357741355895996,2.404176950454712,2.394014358520508,2.366547107696533,2.3937294483184814,0.1465166062116623,0.05552539974451065,1.0,2.2370078563690186,2.229489326477051,2.2220511436462402,0.0,0.0,0.0,0.0,0.0,0.0,0.0,,,,,,,,,,,,,,,,,0.00025
54,17860,train,0.021757787093520164,0.10030549019575119,0.10298686474561691,0.0,0.006729080807417631,0.006729080807417631,0.0,3.5035104751586914,9.999999747378752e-05,0.029999999329447746,0.029999999329447746,0.029999999329447746,0.0010000000474974513,0.0010000000474974513,0.05467867851257324,0.004227399826049805,0.0,0.0,0.0,0.0,-1.6626033782958984,-1.6626033782958984,1.0,-1.6626033782958984,0.0,-4.313780307769775,2.465169906616211,1.0,0.05467867851257324,1.0,0.0,0.0,0.05467867851257324,0.0,0.0,0.004227399826049805,0.0,0.29577261209487915,0.09863416850566864,0.10545068979263306,0.7938474416732788,0.5681203603744507,0.0,0.0,0.0,0.0,0.0,0.0,0.0,0.0,1.0,0.0,0.08793975412845612,0.31505581736564636,0.37948042154312134,0.023754963651299477,0.0,0.10298686474561691,0.10030549019575119,0.10030549019575119,0.19202476739883423,0.11342883855104446,3.548998317448593e-10,0.0,0.0,4.028238296508789,4.028238296508789,2.4687352180480957,2.4687352180480957,0.8261010050773621,0.0,0.0,0.0,0.0,0.29577261209487915,0.1268765777349472,0.017806807532906532,0.907270073890686,0.5681203603744507,0.0690104216337204,2.4138948917388916,2.4857304096221924,2.4687352180480957,2.415686845779419,2.465169906616211,0.15154974162578583,0.0574813187122345,1.0,2.271831512451172,2.2957589626312256,2.264676094055176,0.0,0.0,0.0,0.0,0.0,0.0,0.0,,,,,,,,,,,,,,,,,0.00025
54,17880,train,0.025819644331932068,0.10666141659021378,0.10863944888114929,0.0,0.00621386431157589,0.00621386431157589,0.0,3.526357412338257,9.999999747378752e-05,0.029999999329447746,0.029999999329447746,0.029999999329447746,0.0010000000474974513,0.0010000000474974513,0.05752994865179062,0.015845179557800293,0.0,0.0,0.0,0.0,-1.7197014093399048,-1.7197014093399048,1.0,-1.7197014093399048,0.0,-4.435145854949951,2.256927728652954,1.0,0.05752994865179062,1.0,0.0,0.0,0.05752994865179062,0.0,0.0,0.015845179557800293,0.0,0.28415486216545105,0.10252147167921066,0.06517268717288971,0.7506963610649109,0.5534735918045044,0.0,0.0,0.0,0.0,0.0,0.0,0.0,0.0,1.0,0.0,0.08062790334224701,0.3069888651371002,0.35155361890792847,0.02255326136946678,0.0,0.10863944888114929,0.10666141659021378,0.10666141659021378,0.1970440149307251,0.14679975807666779,9.377815191058403e-10,0.0,0.0,4.097411632537842,4.097411632537842,2.2820675373077393,2.2820675373077393,0.861326277256012,0.0,0.0,0.0,0.0,0.28415483236312866,0.13216498494148254,0.005358233582228422,0.9300650358200073,0.5534735918045044,0.06862745434045792,2.2518417835235596,2.2885944843292236,2.2820675373077393,2.2247886657714844,2.256927728652954,0.14294864237308502,0.053809914737939835,1.0,2.2254528999328613,2.224853038787842,2.242060422897339,0.0,0.0,0.0,0.0,0.0,0.0,0.0,,,,,,,,,,,,,,,,,0.00025
54,17900,train,0.024302734062075615,0.10600189119577408,0.10817679762840271,0.0,0.006432416383177042,0.006432416383177042,0.0,3.5503127574920654,9.999999747378752e-05,0.029999999329447746,0.029999999329447746,0.029999999329447746,0.0010000000474974513,0.0010000000474974513,0.05864005535840988,0.016071587800979614,0.0,0.0,0.0,0.0,-1.7326204776763916,-1.7326204776763916,1.0,-1.7326204776763916,0.0,-4.441531181335449,2.305037021636963,1.0,0.05864005535840988,1.0,0.0,0.0,0.05864005535840988,0.0,0.0,0.016071587800979614,0.0,0.31607159972190857,0.10271309316158295,0.10025379061698914,0.750361442565918,0.5851354598999023,0.0,0.0,0.0,0.0,0.0,0.0,0.0,0.0,1.0,0.0,0.08015701174736023,0.30979156494140625,0.34689009189605713,0.02190946228802204,0.0,0.10817679762840271,0.10600189119577408,0.10600189119577408,0.2157469391822815,0.1665204018354416,2.496045869992969e-10,0.0,0.0,4.061087608337402,4.061087608337402,2.2549710273742676,2.2549710273742676,0.9241788387298584,0.0,0.0,0.0,0.0,0.31607159972190857,0.12849107384681702,0.02190403826534748,0.924838125705719,0.5851354598999023,0.08947610855102539,2.2398476600646973,2.257814645767212,2.2549710273742676,2.2909083366394043,2.305037021636963,0.14406412839889526,0.05170059949159622,1.0,2.2051737308502197,2.1934518814086914,2.2068333625793457,0.0,0.0,0.0,0.0,0.0,0.0,0.0,,,,,,,,,,,,,,,,,0.00025
54,17920,train,0.029112771153450012,0.11119809746742249,0.11442730575799942,0.0,0.006418759934604168,0.006418759934604168,0.0,3.597285509109497,9.999999747378752e-05,0.029999999329447746,0.029999999329447746,0.029999999329447746,0.0010000000474974513,0.0010000000474974513,0.06048562750220299,0.0038329362869262695,0.0,0.0,0.0,0.0,-1.7597899436950684,-1.7597899436950684,1.0,-1.7597899436950684,0.0,-4.493215084075928,2.200310230255127,1.0,0.06048562750220299,1.0,0.0,0.0,0.06048562750220299,0.0,0.0,0.0038329362869262695,0.0,0.2961670756340027,0.09814834594726562,0.10157197713851929,0.7193654775619507,0.5697442889213562,0.0,0.0,0.0,0.0,0.0,0.0,0.0,0.0,1.0,0.0,0.07834870368242264,0.31452545523643494,0.33221155405044556,0.020682010799646378,0.0,0.11442730575799942,0.11119809746742249,0.11119809746742249,0.2279086709022522,0.18843841552734375,-4.101057271554964e-10,0.0,0.0,4.203694820404053,4.203694820404053,2.155402898788452,2.155402898788452,1.0190738439559937,0.0,0.0,0.0,0.0,0.2961670756340027,0.12453855574131012,0.011976509355008602,0.9076385498046875,0.5697442889213562,0.06397059559822083,2.1668848991394043,2.1494295597076416,2.155402898788452,2.1974129676818848,2.200310230255127,0.1458471715450287,0.050490617752075195,1.0,2.244746208190918,2.2240753173828125,2.1665353775024414,0.0,0.0,0.0,0.0,0.0,0.0,0.0,,,,,,,,,,,,,,,,,0.00025
54,17940,train,0.02941216342151165,0.10557197034358978,0.1091066375374794,0.0,0.006855670362710953,0.006855670362710953,0.0,3.5136878490448,9.999999747378752e-05,0.029999999329447746,0.029999999329447746,0.029999999329447746,0.0010000000474974513,0.0010000000474974513,0.05632491409778595,0.02290019392967224,0.0,0.0,0.0,0.0,-1.6436234712600708,-1.6436234712600708,1.0,-1.6436234712600708,0.0,-4.272523403167725,2.364656925201416,1.0,0.05632491409778595,1.0,0.0,0.0,0.05632491409778595,0.0,0.0,0.02290019392967224,0.0,0.2770998477935791,0.11601212620735168,0.05772107094526291,0.8422327041625977,0.5389224290847778,0.0,0.0,0.0,0.0,0.0,0.0,0.0,0.0,1.0,0.0,0.0836355909705162,0.32421526312828064,0.36777931451797485,0.023251961916685104,0.0,0.1091066375374794,0.10557197034358978,0.10557197034358978,0.197690948843956,0.13050894439220428,-1.0480027956560889e-10,0.0,0.0,4.025108337402344,4.025108337402344,2.358243703842163,2.358243703842163,0.8540292978286743,0.0,0.0,0.0,0.0,0.2770998179912567,0.14190244674682617,0.005899026989936829,0.9307957887649536,0.5389224290847778,0.07352941483259201,2.325536012649536,2.3707332611083984,2.358243703842163,2.306825876235962,2.364656925201416,0.15463583171367645,0.056976038962602615,1.0,2.2758002281188965,2.3122634887695312,2.36079740524292,0.0,0.0,0.0,0.0,0.0,0.0,0.0,,,,,,,,,,,,,,,,,0.00025
54,17960,train,0.03403785452246666,0.11429012566804886,0.11825545877218246,0.0,0.006614385172724724,0.006614385172724724,0.0,3.5559909343719482,9.999999747378752e-05,0.029999999329447746,0.029999999329447746,0.029999999329447746,0.0010000000474974513,0.0010000000474974513,0.05492609366774559,0.005323350429534912,0.0,0.0,0.0,0.0,-1.7419605255126953,-1.7419605255126953,1.0,-1.7419605255126953,0.0,-4.482552528381348,2.1360840797424316,1.0,0.05492609366774559,1.0,0.0,0.0,0.05492609366774559,0.0,0.0,0.005323350429534912,0.0,0.29467669129371643,0.11034839600324631,0.07210104912519455,0.7477745413780212,0.5586597323417664,0.0,0.0,0.0,0.0,0.0,0.0,0.0,0.0,1.0,0.0,0.07062682509422302,0.30320167541503906,0.33068203926086426,0.02160966955125332,0.0,0.11825545877218246,0.11429012566804886,0.11429012566804886,0.2163602113723755,0.1846577674150467,3.370258794266334e-10,0.0,0.0,4.1307854652404785,4.1307854652404785,2.129323959350586,2.129323959350586,0.9393691420555115,0.0,0.0,0.0,0.0,0.29467666149139404,0.13913288712501526,0.008943019434809685,0.9343076348304749,0.5586597323417664,0.08131127804517746,2.1207172870635986,2.129775285720825,2.129323959350586,2.1091151237487793,2.1360840797424316,0.14308147132396698,0.05105907842516899,1.0,2.2944416999816895,2.2815730571746826,2.268399715423584,0.0,0.0,0.0,0.0,0.0,0.0,0.0,,,,,,,,,,,,,,,,,0.00025
54,17980,train,0.01922343671321869,0.09921469539403915,0.10119455307722092,0.0,0.006208599545061588,0.006208599545061588,0.0,3.535416841506958,9.999999747378752e-05,0.029999999329447746,0.029999999329447746,0.029999999329447746,0.0010000000474974513,0.0010000000474974513,0.05102083086967468,0.01068049669265747,0.0,0.0,0.0,0.0,-1.680527925491333,-1.680527925491333,1.0,-1.680527925491333,0.0,-4.355283260345459,2.370130777359009,1.0,0.05102083086967468,1.0,0.0,0.0,0.05102083086967468,0.0,0.0,0.01068049669265747,0.0,0.3106805086135864,0.13955482840538025,0.06969329714775085,0.8378259539604187,0.5561686754226685,0.0,0.0,0.0,0.0,0.0,0.0,0.0,0.0,1.0,0.0,0.08237959444522858,0.3095472753047943,0.3625907301902771,0.022564245387911797,0.0,0.10119455307722092,0.09921469539403915,0.09921469539403915,0.16877955198287964,0.10303662717342377,-1.9450953347988076e-10,0.0,0.0,4.0132246017456055,4.0132246017456055,2.3469715118408203,2.3469715118408203,0.7208091020584106,0.0,0.0,0.0,0.0,0.3106805086135864,0.16204476356506348,0.008166133426129818,0.9710861444473267,0.5561686754226685,0.12671568989753723,2.3062119483947754,2.356175422668457,2.3469715118408203,2.340184211730957,2.370130777359009,0.14115935564041138,0.05521110072731972,1.0,2.3203277587890625,2.3303723335266113,2.3511757850646973,0.0,0.0,0.0,0.0,0.0,0.0,0.0,,,,,,,,,,,,,,,,,0.00025
54,18000,train,0.018366897478699684,0.09948543459177017,0.10203438252210617,0.0,0.006016443949192762,0.006016443949192762,0.0,3.529067039489746,9.999999747378752e-05,0.029999999329447746,0.029999999329447746,0.029999999329447746,0.0010000000474974513,0.0010000000474974513,0.05191008746623993,0.012414902448654175,0.0,0.0,0.0,0.0,-1.702052354812622,-1.702052354812622,1.0,-1.702052354812622,0.0,-4.388132095336914,2.3263254165649414,1.0,0.05191008746623993,1.0,0.0,0.0,0.05191008746623993,0.0,0.0,0.012414902448654175,0.0,0.31241491436958313,0.12383545935153961,0.078156016767025,0.8051261305809021,0.5693852305412292,0.0,0.0,0.0,0.0,0.0,0.0,0.0,0.0,1.0,0.0,0.0914849191904068,0.31345224380493164,0.3635731041431427,0.02279753051698208,0.0,0.10203438252210617,0.09948543459177017,0.09948543459177017,0.1902092844247818,0.12859220802783966,1.3137337051549736e-10,0.0,0.0,4.047175407409668,4.047175407409668,2.3638932704925537,2.3638932704925537,0.8258258700370789,0.0,0.0,0.0,0.0,0.31241491436958313,0.14680162072181702,0.006125010550022125,0.9285378456115723,0.5693852305412292,0.11044730991125107,2.3388822078704834,2.3706133365631104,2.3638932704925537,2.276759624481201,2.3263254165649414,0.15156163275241852,0.057098664343357086,1.0,2.224721670150757,2.264101505279541,2.2592625617980957,0.0,0.0,0.0,0.0,0.0,0.0,0.0,,,,,,,,,,,,,,,,,0.00025
54,18020,train,0.03463197499513626,0.1142105832695961,0.11653852462768555,0.0,0.0065321773290634155,0.0065321773290634155,0.0,3.5775418281555176,9.999999747378752e-05,0.029999999329447746,0.029999999329447746,0.029999999329447746,0.0010000000474974513,0.0010000000474974513,0.05957578122615814,0.008117258548736572,0.0,0.0,0.0,0.0,-1.7251286506652832,-1.7251286506652832,1.0,-1.7251286506652832,0.0,-4.452376365661621,2.2482552528381348,1.0,0.05957578122615814,1.0,0.0,0.0,0.05957578122615814,0.0,0.0,0.008117258548736572,0.0,0.2918827533721924,0.11183895915746689,0.08363780379295349,0.8419212102890015,0.5574307441711426,0.0,0.0,0.0,0.0,0.0,0.0,0.0,0.0,1.0,0.0,0.08022137731313705,0.30791401863098145,0.3466896712779999,0.021345237269997597,0.0,0.11653852462768555,0.1142105832695961,0.1142105832695961,0.21972233057022095,0.16553032398223877,-2.013711974946375e-10,0.0,0.0,4.1791253089904785,4.1791253089904785,2.2544243335723877,2.2544243335723877,0.9795920252799988,0.0,0.0,0.0,0.0,0.2918827533721924,0.13773316144943237,0.017251230776309967,0.9562579989433289,0.5574307441711426,0.07968750596046448,2.2372710704803467,2.2568976879119873,2.2544243335723877,2.235609531402588,2.2482552528381348,0.14647367596626282,0.05225367844104767,1.0,2.192277669906616,2.277850866317749,2.271132469177246,0.0,0.0,0.0,0.0,0.0,0.0,0.0,,,,,,,,,,,,,,,,,0.00025
54,18036,train_epoch,0.02995424677511889,0.10964959030022878,0.11234372124789718,0.0,0.006534874656733996,0.006534874656733996,0.0,3.5415174654144015,9.999999747378752e-05,0.029999999329447746,0.029999999329447746,0.029999999329447746,0.0010000000474974513,0.0010000000474974513,0.05761967319437487,0.011187558491786797,0.0,0.0,0.0,0.0,-1.7130515950168679,-1.7130515950168679,1.0,-1.7130515950168679,0.0,-4.418802591141112,2.3004376524222825,1.0,0.05761967319437487,1.0,0.0,0.0,0.05761967319437487,0.0,0.0,0.011187558491786797,0.0,0.29950499472146974,0.10910157207957284,0.07647129765036934,0.7596292806242755,0.5649263119983102,0.0,0.0,0.0,0.0,0.0,0.0,0.0,0.0,1.0,0.0,0.08302898896846943,0.31172756975639365,0.3523564796426339,0.02227642310192128,0.0,0.11234372124789718,0.10964959030022878,0.10964959030022878,0.20728659272907737,0.15259734730788332,-7.90649345027072e-13,0.0,0.0,4.115490090347336,4.115490083209055,2.288490563095687,2.288490563095687,0.9100770932471681,0.0,0.0,0.0,0.0,0.29950499026004423,0.13568931869314815,0.00997695583476501,0.9232629890927297,0.5649263119983102,0.08317281373826686,2.2663712722812583,2.293747759864716,2.288490563095687,2.280187691043237,2.3004376524222825,0.14665314662242365,0.053393551555579295,1.0,2.242891637151113,2.241112920338522,2.2414767763571826,0.0,0.0,0.0,0.0,0.0,0.0,0.0,,,,,,,,,,,,,,,,,0.00025
54,18036,val,,,,,,,,,,,,,,,,,,,,,,,,,,,,,,,,,,,,,,,,,,,,,,,,,,,,,,,,,,,,,,,,,,,,,,,,,,,,,,,,,,,,,,,,,,,,,,,,,,,16.169858348262203,674.9005193624411,25.978847537226148,11.757291407198519,15.405335890280234,24.22681617267656,11.673396961109058,16.11937598494796,25.934614558673374,11.537821052310703,17.605130449071662,28.75548795685072,12.570684003400373,16.169858348262203,25.978847537226148,11.757291407198519,0.00025
55,18040,train,0.03824147954583168,0.1161239892244339,0.119698166847229,0.0,0.007568804547190666,0.007568804547190666,0.0,3.570578098297119,9.999999747378752e-05,0.029999999329447746,0.029999999329447746,0.029999999329447746,0.0010000000474974513,0.0010000000474974513,0.057456523180007935,0.007590681314468384,0.0,0.0,0.0,0.0,-1.707855224609375,-1.707855224609375,1.0,-1.707855224609375,0.0,-4.407966613769531,2.2903101444244385,1.0,0.057456523180007935,1.0,0.0,0.0,0.057456523180007935,0.0,0.0,0.007590681314468384,0.0,0.30759069323539734,0.10823464393615723,0.09720663726329803,0.7159380912780762,0.5734530091285706,0.0,0.0,0.0,0.0,0.0,0.0,0.0,0.0,1.0,0.0,0.08154866844415665,0.32012954354286194,0.3504425287246704,0.02163192816078663,0.0,0.119698166847229,0.1161239892244339,0.1161239892244339,0.22930733859539032,0.1729797124862671,-2.3014019856493206e-10,0.0,0.0,4.094132900238037,4.094132900238037,2.2603940963745117,2.2603940963745117,1.002210021018982,0.0,0.0,0.0,0.0,0.30759069323539734,0.1344914734363556,0.014943343587219715,0.9253151416778564,0.5734530091285706,0.0861213281750679,2.2425684928894043,2.2639641761779785,2.2603940963745117,2.2588143348693848,2.2903101444244385,0.15454141795635223,0.0534333810210228,1.0,2.189790725708008,2.265958309173584,2.2438433170318604,0.0,0.0,0.0,0.0,0.0,0.0,0.0,,,,,,,,,,,,,,,,,0.00025
55,18060,train,0.024421675130724907,0.1049465760588646,0.10665177553892136,0.0,0.0063925739377737045,0.0063925739377737045,0.0,3.526066541671753,9.999999747378752e-05,0.029999999329447746,0.029999999329447746,0.029999999329447746,0.0010000000474974513,0.0010000000474974513,0.056861426681280136,0.0044699013233184814,0.0,0.0,0.0,0.0,-1.7076828479766846,-1.7076828479766846,1.0,-1.7076828479766846,0.0,-4.411472797393799,2.303729772567749,1.0,0.056861426681280136,1.0,0.0,0.0,0.056861426681280136,0.0,0.0,0.0044699013233184814,0.0,0.2955301105976105,0.1024715006351471,0.09840907156467438,0.7334801554679871,0.5627136826515198,0.0,0.0,0.0,0.0,0.0,0.0,0.0,0.0,1.0,0.0,0.08357640355825424,0.31579160690307617,0.35463467240333557,0.02262525074183941,0.0,0.10665177553892136,0.1049465760588646,0.1049465760588646,0.20334306359291077,0.14980469644069672,3.828189432120155e-10,0.0,0.0,4.072745323181152,4.072745323181152,2.3054072856903076,2.3054072856903076,0.8835014700889587,0.0,0.0,0.0,0.0,0.2955301105976105,0.1347653865814209,0.012891138903796673,0.9258722066879272,0.5627136826515198,0.07968750596046448,2.27866530418396,2.3110549449920654,2.3054072856903076,2.3031787872314453,2.303729772567749,0.14172807335853577,0.05319434404373169,1.0,2.2834115028381348,2.239332437515259,2.289638042449951,0.0,0.0,0.0,0.0,0.0,0.0,0.0,,,,,,,,,,,,,,,,,0.00025
55,18080,train,0.026164615526795387,0.10731234401464462,0.1101912185549736,0.0,0.006819669157266617,0.006819669157266617,0.0,3.5327837467193604,9.999999747378752e-05,0.029999999329447746,0.029999999329447746,0.029999999329447746,0.0010000000474974513,0.0010000000474974513,0.04993271455168724,0.007984459400177002,0.0,0.0,0.0,0.0,-1.7300293445587158,-1.7300293445587158,1.0,-1.7300293445587158,0.0,-4.443285942077637,2.2296698093414307,1.0,0.04993271455168724,1.0,0.0,0.0,0.04993271455168724,0.0,0.0,0.007984459400177002,0.0,0.29201555252075195,0.11708230525255203,0.07181958854198456,0.7752494812011719,0.5541437268257141,0.0,0.0,0.0,0.0,0.0,0.0,0.0,0.0,1.0,0.0,0.06980673968791962,0.30434009432792664,0.34219565987586975,0.02234908565878868,0.0,0.1101912185549736,0.10731234401464462,0.10731234401464462,0.1933990716934204,0.1444118320941925,-1.4370565848409456e-10,0.0,0.0,4.164031505584717,4.164031505584717,2.201632261276245,2.201632261276245,0.8541322946548462,0.0,0.0,0.0,0.0,0.29201555252075195,0.14147897064685822,0.010618041269481182,0.9377338886260986,0.5541437268257141,0.08353248238563538,2.179556131362915,2.205594778060913,2.201632261276245,2.1910336017608643,2.2296698093414307,0.14164219796657562,0.05137218162417412,1.0,2.3828980922698975,2.3348655700683594,2.30580997467041,0.0,0.0,0.0,0.0,0.0,0.0,0.0,,,,,,,,,,,,,,,,,0.00025
55,18100,train,0.03616080433130264,0.11458715051412582,0.11746327579021454,0.0,0.00708095682784915,0.00708095682784915,0.0,3.535555601119995,9.999999747378752e-05,0.029999999329447746,0.029999999329447746,0.029999999329447746,0.0010000000474974513,0.0010000000474974513,0.0558607317507267,0.013237148523330688,0.0,0.0,0.0,0.0,-1.7092347145080566,-1.7092347145080566,1.0,-1.7092347145080566,0.0,-4.423868656158447,2.2671287059783936,1.0,0.0558607317507267,1.0,0.0,0.0,0.0558607317507267,0.0,0.0,0.013237148523330688,0.0,0.31323716044425964,0.10726048052310944,0.07345413416624069,0.7681862115859985,0.5796875357627869,0.0,0.0,0.0,0.0,0.0,0.0,0.0,0.0,1.0,0.0,0.08089646697044373,0.3151099681854248,0.3496108055114746,0.022400276735424995,0.0,0.11746327579021454,0.11458715051412582,0.11458715051412582,0.21268580853939056,0.16068866848945618,-2.982104840842936e-10,0.0,0.0,4.140087127685547,4.140087127685547,2.2681922912597656,2.2681922912597656,0.9408854246139526,0.0,0.0,0.0,0.0,0.31323716044425964,0.13296028971672058,0.013030015863478184,0.9485065340995789,0.5796875357627869,0.09270834177732468,2.242558479309082,2.274176836013794,2.2681922912597656,2.2540929317474365,2.2671287059783936,0.1478341817855835,0.052603576332330704,1.0,2.3281493186950684,2.247734308242798,2.2322463989257812,0.0,0.0,0.0,0.0,0.0,0.0,0.0,,,,,,,,,,,,,,,,,0.00025
55,18120,train,0.028683604672551155,0.11037430912256241,0.11280343681573868,0.0,0.006132945884019136,0.006132945884019136,0.0,3.52608585357666,9.999999747378752e-05,0.029999999329447746,0.029999999329447746,0.029999999329447746,0.0010000000474974513,0.0010000000474974513,0.05951245129108429,0.029125452041625977,0.0,0.0,0.0,0.0,-1.7479438781738281,-1.7479438781738281,1.0,-1.7479438781738281,0.0,-4.479098320007324,2.2948362827301025,1.0,0.05951245129108429,1.0,0.0,0.0,0.05951245129108429,0.0,0.0,0.029125452041625977,0.0,0.32912546396255493,0.10755760222673416,0.07026751339435577,0.7684239149093628,0.590307891368866,0.0,0.0,0.0,0.0,0.0,0.0,0.0,0.0,1.0,0.0,0.08508844673633575,0.29814890027046204,0.3496001362800598,0.022644832730293274,0.0,0.11280343681573868,0.11037430912256241,0.11037430912256241,0.19801175594329834,0.13702315092086792,1.5077566972721002e-10,0.0,0.0,4.052804946899414,4.052804946899414,2.2955493927001953,2.2955493927001953,0.855889618396759,0.0,0.0,0.0,0.0,0.32912546396255493,0.13652966916561127,0.008123417384922504,0.9196276664733887,0.590307891368866,0.11014093458652496,2.275102138519287,2.3002231121063232,2.2955493927001953,2.287912130355835,2.2948362827301025,0.14104828238487244,0.052426889538764954,1.0,2.238039493560791,2.192992925643921,2.1505985260009766,0.0,0.0,0.0,0.0,0.0,0.0,0.0,,,,,,,,,,,,,,,,,0.00025
55,18140,train,0.027356358245015144,0.10471071302890778,0.1080499216914177,0.0,0.006585481110960245,0.006585481110960245,0.0,3.51308536529541,9.999999747378752e-05,0.029999999329447746,0.029999999329447746,0.029999999329447746,0.0010000000474974513,0.0010000000474974513,0.05295640975236893,0.01021769642829895,0.0,0.0,0.0,0.0,-1.6596063375473022,-1.6596063375473022,1.0,-1.6596063375473022,0.0,-4.336403846740723,2.3022496700286865,1.0,0.05295640975236893,1.0,0.0,0.0,0.05295640975236893,0.0,0.0,0.01021769642829895,0.0,0.28978231549263,0.10881467163562775,0.05638466402888298,0.7111225128173828,0.5530542731285095,0.0,0.0,0.0,0.0,0.0,0.0,0.0,0.0,1.0,0.0,0.09057746827602386,0.3260140120983124,0.3656465709209442,0.023223701864480972,0.0,0.1080499216914177,0.10471071302890778,0.10471071302890778,0.20772679150104523,0.15570098161697388,1.6048797013556992e-10,0.0,0.0,4.125354766845703,4.125354766845703,2.3384487628936768,2.3384487628936768,0.9158248901367188,0.0,0.0,0.0,0.0,0.28978231549263,0.13952285051345825,0.003925294615328312,0.9283098578453064,0.5530542731285095,0.07780331373214722,2.3278539180755615,2.341383218765259,2.3384487628936768,2.270946502685547,2.3022496700286865,0.15928827226161957,0.05767259746789932,1.0,2.21679949760437,2.253871440887451,2.3221747875213623,0.0,0.0,0.0,0.0,0.0,0.0,0.0,,,,,,,,,,,,,,,,,0.00025
55,18160,train,0.019187822937965393,0.10078557580709457,0.1036515012383461,0.0,0.006133250892162323,0.006133250892162323,0.0,3.5143420696258545,9.999999747378752e-05,0.029999999329447746,0.029999999329447746,0.029999999329447746,0.0010000000474974513,0.0010000000474974513,0.05994900315999985,0.010964542627334595,0.0,0.0,0.0,0.0,-1.7155733108520508,-1.7155733108520508,1.0,-1.7155733108520508,0.0,-4.412177562713623,2.37182879447937,1.0,0.05994900315999985,1.0,0.0,0.0,0.05994900315999985,0.0,0.0,0.010964542627334595,0.0,0.31096455454826355,0.1163802444934845,0.08031001687049866,0.7924613952636719,0.5734456777572632,0.0,0.0,0.0,0.0,0.0,0.0,0.0,0.0,1.0,0.0,0.09620872884988785,0.31534120440483093,0.36703673005104065,0.02329602837562561,0.0,0.1036515012383461,0.10078557580709457,0.10078557580709457,0.20020560920238495,0.12443862855434418,-7.078578834196492e-10,0.0,0.0,4.094470500946045,4.094470500946045,2.406991481781006,2.406991481781006,0.8801143765449524,0.0,0.0,0.0,0.0,0.31096455454826355,0.14006304740905762,0.012720277532935143,0.9114233255386353,0.5734456777572632,0.1016237810254097,2.379417896270752,2.4118220806121826,2.406991481781006,2.354285478591919,2.37182879447937,0.15028314292430878,0.05630993843078613,1.0,2.2590525150299072,2.23222017288208,2.2250189781188965,0.0,0.0,0.0,0.0,0.0,0.0,0.0,,,,,,,,,,,,,,,,,0.00025
55,18180,train,0.029836637899279594,0.11004476994276047,0.11292001605033875,0.0,0.0066222636960446835,0.0066222636960446835,0.0,3.5165328979492188,9.999999747378752e-05,0.029999999329447746,0.029999999329447746,0.029999999329447746,0.0010000000474974513,0.0010000000474974513,0.05364960432052612,0.01382938027381897,0.0,0.0,0.0,0.0,-1.7234989404678345,-1.7234989404678345,1.0,-1.7234989404678345,0.0,-4.435627460479736,2.264817237854004,1.0,0.05364960432052612,1.0,0.0,0.0,0.05364960432052612,0.0,0.0,0.01382938027381897,0.0,0.2861706614494324,0.0979650616645813,0.07833154499530792,0.7591015100479126,0.5542704463005066,0.0,0.0,0.0,0.0,0.0,0.0,0.0,0.0,1.0,0.0,0.07841750979423523,0.31602349877357483,0.3399334251880646,0.022612448781728745,0.0,0.11292001605033875,0.11004476994276047,0.11004476994276047,0.20378494262695312,0.1553715616464615,3.033140127950418e-10,0.0,0.0,4.225268840789795,4.225268840789795,2.213881731033325,2.213881731033325,0.9179192185401917,0.0,0.0,0.0,0.0,0.28617063164711,0.13281022012233734,0.009813684970140457,0.9307873845100403,0.5542704463005066,0.06740196794271469,2.21112322807312,2.2149181365966797,2.213881731033325,2.263062000274658,2.264817237854004,0.1411115676164627,0.051200397312641144,1.0,2.3755693435668945,2.3237035274505615,2.304586172103882,0.0,0.0,0.0,0.0,0.0,0.0,0.0,,,,,,,,,,,,,,,,,0.00025
55,18200,train,0.024275584146380424,0.10463161021471024,0.10633525252342224,0.0,0.006144721992313862,0.006144721992313862,0.0,3.502821445465088,9.999999747378752e-05,0.029999999329447746,0.029999999329447746,0.029999999329447746,0.0010000000474974513,0.0010000000474974513,0.055673643946647644,0.0083579421043396,0.0,0.0,0.0,0.0,-1.7036956548690796,-1.7036956548690796,1.0,-1.7036956548690796,0.0,-4.3990068435668945,2.286768674850464,1.0,0.055673643946647644,1.0,0.0,0.0,0.055673643946647644,0.0,0.0,0.0083579421043396,0.0,0.30835795402526855,0.10843230783939362,0.09700638055801392,0.7723684310913086,0.5721792578697205,0.0,0.0,0.0,0.0,0.0,0.0,0.0,0.0,1.0,0.0,0.08141129463911057,0.3046706020832062,0.3577846884727478,0.02336289919912815,0.0,0.10633525252342224,0.10463161021471024,0.10463161021471024,0.18802855908870697,0.125460684299469,-9.291050567794557e-11,0.0,0.0,4.072044372558594,4.072044372558594,2.3270480632781982,2.3270480632781982,0.8142893314361572,0.0,0.0,0.0,0.0,0.30835795402526855,0.13760244846343994,0.011600510217249393,0.931145429611206,0.5721792578697205,0.08952206373214722,2.3004631996154785,2.336925506591797,2.3270480632781982,2.264359474182129,2.286768674850464,0.14497937262058258,0.05569714307785034,1.0,2.391737461090088,2.3338613510131836,2.307610511779785,0.0,0.0,0.0,0.0,0.0,0.0,0.0,,,,,,,,,,,,,,,,,0.00025
55,18220,train,0.029470670968294144,0.10976894199848175,0.11300163716077805,0.0,0.006967132445424795,0.006967132445424795,0.0,3.5581085681915283,9.999999747378752e-05,0.029999999329447746,0.029999999329447746,0.029999999329447746,0.0010000000474974513,0.0010000000474974513,0.05854112282395363,0.015092045068740845,0.0,0.0,0.0,0.0,-1.7256176471710205,-1.7256176471710205,1.0,-1.7256176471710205,0.0,-4.432185649871826,2.2603015899658203,1.0,0.05854112282395363,1.0,0.0,0.0,0.05854112282395363,0.0,0.0,0.015092045068740845,0.0,0.3150920867919922,0.1118355318903923,0.09020667523145676,0.7680317759513855,0.5793230533599854,0.0,0.0,0.0,0.0,0.0,0.0,0.0,0.0,1.0,0.0,0.08345658332109451,0.3141946792602539,0.34872713685035706,0.021920418366789818,0.0,0.11300163716077805,0.10976894199848175,0.10976894199848175,0.21530766785144806,0.16464950144290924,-9.89861526079494e-10,0.0,0.0,4.1056342124938965,4.1056342124938965,2.261226177215576,2.261226177215576,0.9521254897117615,0.0,0.0,0.0,0.0,0.3150920569896698,0.1361856311559677,0.00809057243168354,0.9199773073196411,0.5793230533599854,0.0992647111415863,2.2404048442840576,2.2647294998168945,2.261226177215576,2.2527031898498535,2.2603015899658203,0.14721828699111938,0.052770402282476425,1.0,2.122159957885742,2.188971757888794,2.2245492935180664,0.0,0.0,0.0,0.0,0.0,0.0,0.0,,,,,,,,,,,,,,,,,0.00025
55,18240,train,0.029535381123423576,0.11060754954814911,0.11308939009904861,0.0,0.006614466197788715,0.006614466197788715,0.0,3.5536293983459473,9.999999747378752e-05,0.029999999329447746,0.029999999329447746,0.029999999329447746,0.0010000000474974513,0.0010000000474974513,0.05276159197092056,0.0073573291301727295,0.0,0.0,0.0,0.0,-1.7383993864059448,-1.7383993864059448,1.0,-1.7383993864059448,0.0,-4.472231388092041,2.24345064163208,1.0,0.05276159197092056,1.0,0.0,0.0,0.05276159197092056,0.0,0.0,0.0073573291301727295,0.0,0.3073573410511017,0.11410225927829742,0.0821983814239502,0.79840487241745,0.5722808837890625,0.0,0.0,0.0,0.0,0.0,0.0,0.0,0.0,1.0,0.0,0.07539543509483337,0.30992573499679565,0.34228113293647766,0.021847985684871674,0.0,0.11308939009904861,0.11060754954814911,0.11060754954814911,0.20383220911026,0.1565634161233902,2.023897022196408e-10,0.0,0.0,4.170042037963867,4.170042037963867,2.217529058456421,2.217529058456421,0.9009230732917786,0.0,0.0,0.0,0.0,0.3073573410511017,0.13541390001773834,0.00994920451194048,0.9234663844108582,0.5722808837890625,0.08391544967889786,2.202573537826538,2.219980478286743,2.217529058456421,2.2177538871765137,2.24345064163208,0.14130538702011108,0.051066696643829346,1.0,2.388920307159424,2.26356840133667,2.267141342163086,0.0,0.0,0.0,0.0,0.0,0.0,0.0,,,,,,,,,,,,,,,,,0.00025
55,18260,train,0.03239310160279274,0.1112382560968399,0.11413378268480301,0.0,0.006538859102874994,0.006538859102874994,0.0,3.5185296535491943,9.999999747378752e-05,0.029999999329447746,0.029999999329447746,0.029999999329447746,0.0010000000474974513,0.0010000000474974513,0.05631384998559952,0.0015939176082611084,0.0,0.0,0.0,0.0,-1.704630732536316,-1.704630732536316,1.0,-1.704630732536316,0.0,-4.415315628051758,2.23732852935791,1.0,0.05631384998559952,1.0,0.0,0.0,0.05631384998559952,0.0,0.0,0.0015939176082611084,0.0,0.30159395933151245,0.12021572887897491,0.06339722871780396,0.7551366686820984,0.5602078437805176,0.0,0.0,0.0,0.0,0.0,0.0,0.0,0.0,1.0,0.0,0.07625024765729904,0.3154461085796356,0.3421224057674408,0.02272213250398636,0.0,0.11413378268480301,0.1112382560968399,0.1112382560968399,0.20077358186244965,0.1544983685016632,1.1365522412098983e-10,0.0,0.0,4.125814914703369,4.125814914703369,2.207848072052002,2.207848072052002,0.8895636200904846,0.0,0.0,0.0,0.0,0.30159392952919006,0.146132230758667,0.008615685626864433,0.9101317524909973,0.5602078437805176,0.1017463281750679,2.1910760402679443,2.211480140686035,2.207848072052002,2.2275075912475586,2.23732852935791,0.1450481116771698,0.05158219859004021,1.0,2.344719648361206,2.311643123626709,2.360106945037842,0.0,0.0,0.0,0.0,0.0,0.0,0.0,,,,,,,,,,,,,,,,,0.00025
55,18280,train,0.025661762803792953,0.1073218286037445,0.10969065129756927,0.0,0.006346212700009346,0.006346212700009346,0.0,3.537024974822998,9.999999747378752e-05,0.029999999329447746,0.029999999329447746,0.029999999329447746,0.0010000000474974513,0.0010000000474974513,0.05809401720762253,0.011368244886398315,0.0,0.0,0.0,0.0,-1.7368625402450562,-1.7368625402450562,1.0,-1.7368625402450562,0.0,-4.449387073516846,2.2773585319519043,1.0,0.05809401720762253,1.0,0.0,0.0,0.05809401720762253,0.0,0.0,0.011368244886398315,0.0,0.28863176703453064,0.1083773672580719,0.06683530658483505,0.7219682931900024,0.5586804151535034,0.0,0.0,0.0,0.0,0.0,0.0,0.0,0.0,1.0,0.0,0.08171730488538742,0.3095496594905853,0.34514790773391724,0.022366566583514214,0.0,0.10969065129756927,0.1073218286037445,0.1073218286037445,0.2127978801727295,0.16000519692897797,-5.36163891062813e-10,0.0,0.0,4.107895374298096,4.107895374298096,2.26501727104187,2.26501727104187,0.9327296018600464,0.0,0.0,0.0,0.0,0.28863176703453064,0.13004468381404877,0.004275907762348652,0.9445488452911377,0.5586804151535034,0.06570159643888474,2.2443573474884033,2.266448736190796,2.26501727104187,2.2633419036865234,2.2773585319519043,0.14432737231254578,0.05258416011929512,1.0,2.152007579803467,2.190467357635498,2.158430576324463,0.0,0.0,0.0,0.0,0.0,0.0,0.0,,,,,,,,,,,,,,,,,0.00025
55,18300,train,0.030793093144893646,0.10971749573945999,0.11211434006690979,0.0,0.0071218605153262615,0.0071218605153262615,0.0,3.548699140548706,9.999999747378752e-05,0.029999999329447746,0.029999999329447746,0.029999999329447746,0.0010000000474974513,0.0010000000474974513,0.05750895291566849,0.022995978593826294,0.0,0.0,0.0,0.0,-1.6999385356903076,-1.6999385356903076,1.0,-1.6999385356903076,0.0,-4.392738342285156,2.34680438041687,1.0,0.05750895291566849,1.0,0.0,0.0,0.05750895291566849,0.0,0.0,0.022995978593826294,0.0,0.32299602031707764,0.12044095247983932,0.07950040698051453,0.764680027961731,0.5761027336120605,0.0,0.0,0.0,0.0,0.0,0.0,0.0,0.0,1.0,0.0,0.08313530683517456,0.3131311535835266,0.35714012384414673,0.022257626056671143,0.0,0.11211434006690979,0.10971749573945999,0.10971749573945999,0.20386388897895813,0.1430930644273758,8.303600862458183e-11,0.0,0.0,4.112464904785156,4.112464904785156,2.3161325454711914,2.3161325454711914,0.8939153552055359,0.0,0.0,0.0,0.0,0.32299599051475525,0.14938177168369293,0.0072255562990903854,0.9301541447639465,0.5761027336120605,0.1254289299249649,2.2985680103302,2.321479558944702,2.3161325454711914,2.323164939880371,2.34680438041687,0.14465366303920746,0.053073327988386154,1.0,2.3299174308776855,2.238525390625,2.2971653938293457,0.0,0.0,0.0,0.0,0.0,0.0,0.0,,,,,,,,,,,,,,,,,0.00025
55,18320,train,0.029129065573215485,0.10730143636465073,0.11012866348028183,0.0,0.006633351091295481,0.006633351091295481,0.0,3.5327959060668945,9.999999747378752e-05,0.029999999329447746,0.029999999329447746,0.029999999329447746,0.0010000000474974513,0.0010000000474974513,0.053108371794223785,0.013238787651062012,0.0,0.0,0.0,0.0,-1.6802787780761719,-1.6802787780761719,1.0,-1.6802787780761719,0.0,-4.3695478439331055,2.297541856765747,1.0,0.053108371794223785,1.0,0.0,0.0,0.053108371794223785,0.0,0.0,0.013238787651062012,0.0,0.28676122426986694,0.11503323167562485,0.06651864945888519,0.7562392950057983,0.5485911965370178,0.0,0.0,0.0,0.0,0.0,0.0,0.0,0.0,1.0,0.0,0.0750061497092247,0.31674984097480774,0.35068005323410034,0.022552290931344032,0.0,0.11012866348028183,0.10730143636465073,0.10730143636465073,0.19613556563854218,0.13847634196281433,3.8630893622881857e-11,0.0,0.0,4.0420002937316895,4.0420002937316895,2.2610397338867188,2.2610397338867188,0.8424943089485168,0.0,0.0,0.0,0.0,0.28676122426986694,0.1423373520374298,0.00433692242950201,0.922671377658844,0.5485911965370178,0.08135723322629929,2.2490921020507812,2.2638845443725586,2.2610397338867188,2.253474473953247,2.297541856765747,0.15086856484413147,0.05366966873407364,1.0,2.336430549621582,2.330404758453369,2.356409788131714,0.0,0.0,0.0,0.0,0.0,0.0,0.0,,,,,,,,,,,,,,,,,0.00025
55,18340,train,0.03674137592315674,0.11572782695293427,0.11890748143196106,0.0,0.006711083929985762,0.006711083929985762,0.0,3.5628747940063477,9.999999747378752e-05,0.029999999329447746,0.029999999329447746,0.029999999329447746,0.0010000000474974513,0.0010000000474974513,0.057300321757793427,0.003151446580886841,0.0,0.0,0.0,0.0,-1.7231003046035767,-1.7231003046035767,1.0,-1.7231003046035767,0.0,-4.4325127601623535,2.279343843460083,1.0,0.057300321757793427,1.0,0.0,0.0,0.057300321757793427,0.0,0.0,0.003151446580886841,0.0,0.2968485653400421,0.10494167357683182,0.0637817531824112,0.7206763029098511,0.5672065615653992,0.0,0.0,0.0,0.0,0.0,0.0,0.0,0.0,1.0,0.0,0.07267629355192184,0.3093950152397156,0.340573251247406,0.021603118628263474,0.0,0.11890748143196106,0.11572782695293427,0.11572782695293427,0.22325724363327026,0.17892324924468994,2.4043800284090366e-10,0.0,0.0,4.139991760253906,4.139991760253906,2.208765983581543,2.208765983581543,0.9861703515052795,0.0,0.0,0.0,0.0,0.2968485653400421,0.12963224947452545,0.0044572195038199425,0.8975580334663391,0.5672065615653992,0.07221201062202454,2.1991353034973145,2.2082808017730713,2.208765983581543,2.2656335830688477,2.279343843460083,0.1465071588754654,0.05015787482261658,1.0,2.2392773628234863,2.166609764099121,2.2151503562927246,0.0,0.0,0.0,0.0,0.0,0.0,0.0,,,,,,,,,,,,,,,,,0.00025
55,18360,train,0.03201143443584442,0.11105111986398697,0.11418917775154114,0.0,0.006570503581315279,0.006570503581315279,0.0,3.559551477432251,9.999999747378752e-05,0.029999999329447746,0.029999999329447746,0.029999999329447746,0.0010000000474974513,0.0010000000474974513,0.05672197788953781,0.008650898933410645,0.0,0.0,0.0,0.0,-1.7082661390304565,-1.7082661390304565,1.0,-1.7082661390304565,0.0,-4.409134387969971,2.2974603176116943,1.0,0.05672197788953781,1.0,0.0,0.0,0.05672197788953781,0.0,0.0,0.008650898933410645,0.0,0.308650940656662,0.11214810609817505,0.09556542336940765,0.7538818120956421,0.5705879330635071,0.0,0.0,0.0,0.0,0.0,0.0,0.0,0.0,1.0,0.0,0.08435825258493423,0.3197980523109436,0.35393643379211426,0.02197032980620861,0.0,0.11418917775154114,0.11105111986398697,0.11105111986398697,0.22523541748523712,0.17317739129066467,3.473440979284703e-10,0.0,0.0,4.102854251861572,4.102854251861572,2.2814366817474365,2.2814366817474365,0.9813697338104248,0.0,0.0,0.0,0.0,0.3086509108543396,0.14000767469406128,0.003239721292629838,0.9415732622146606,0.5705879330635071,0.09364277869462967,2.2639498710632324,2.287965774536133,2.2814366817474365,2.2788445949554443,2.2974603176116943,0.15323852002620697,0.05314642935991287,1.0,2.1640663146972656,2.238105297088623,2.181683301925659,0.0,0.0,0.0,0.0,0.0,0.0,0.0,,,,,,,,,,,,,,,,,0.00025
55,18370,train_epoch,0.03008514163391051,0.10961119547307849,0.11232857850051212,0.0,0.006571317978292525,0.006571317978292525,0.0,3.533421763402973,9.999999747378752e-05,0.029999999329447746,0.029999999329447746,0.029999999329447746,0.0010000000474974513,0.0010000000474974513,0.05712091070627738,0.010707449145659714,0.0,0.0,0.0,0.0,-1.7101680318752448,-1.7101680318752448,1.0,-1.7101680318752448,0.0,-4.413616258941011,2.3031434691594748,1.0,0.05712091070627738,1.0,0.0,0.0,0.05712091070627738,0.0,0.0,0.010707449145659714,0.0,0.29886646649080834,0.1094004221840533,0.07725697522704116,0.7664540977535134,0.5643040139875012,0.0,0.0,0.0,0.0,0.0,0.0,0.0,0.0,1.0,0.0,0.08325447824722279,0.3131663625290294,0.35263840042188493,0.022544031962752342,0.0,0.11232857850051212,0.10961119547307849,0.10961119547307849,0.20797068179546002,0.1530067668391202,-2.1169291591794728e-11,0.0,0.0,4.11390654127041,4.1139065455533785,2.2909862095724325,2.2909862095724325,0.912981312610432,0.0,0.0,0.0,0.0,0.29886646122632626,0.13590023434626128,0.009958326841305808,0.9267096837123711,0.5643040139875012,0.08304916401421596,2.268514319808183,2.2961896208232035,2.2909862095724325,2.2829891564603337,2.3031434691594748,0.1474807765223309,0.05349070324512299,1.0,2.2391932981456826,2.2394784838853483,2.2400385726711707,0.0,0.0,0.0,0.0,0.0,0.0,0.0,,,,,,,,,,,,,,,,,0.00025
55,18370,val,,,,,,,,,,,,,,,,,,,,,,,,,,,,,,,,,,,,,,,,,,,,,,,,,,,,,,,,,,,,,,,,,,,,,,,,,,,,,,,,,,,,,,,,,,,,,,,,,,,16.30963301014256,677.8469555141689,26.035494147685558,12.348326090219858,15.646779799246573,24.354929699765396,12.448501277614284,16.23859336784294,25.960907135052818,12.167439112792144,17.557065602895374,28.684020356190715,12.701019411688453,16.30963301014256,26.035494147685558,12.348326090219858,0.00025
56,18380,train,0.023664452135562897,0.10416616499423981,0.10603541880846024,0.0,0.00607495428994298,0.00607495428994298,0.0,3.5125958919525146,9.999999747378752e-05,0.029999999329447746,0.029999999329447746,0.029999999329447746,0.0010000000474974513,0.0010000000474974513,0.05690726637840271,0.008592009544372559,0.0,0.0,0.0,0.0,-1.7051301002502441,-1.7051301002502441,1.0,-1.7051301002502441,0.0,-4.389743328094482,2.3022871017456055,1.0,0.05690726637840271,1.0,0.0,0.0,0.05690726637840271,0.0,0.0,0.008592009544372559,0.0,0.2914080023765564,0.11586378514766693,0.06752227246761322,0.7337328195571899,0.5566152334213257,0.0,0.0,0.0,0.0,0.0,0.0,0.0,0.0,1.0,0.0,0.08556217700242996,0.3172188699245453,0.3517998456954956,0.023028124123811722,0.0,0.10603541880846024,0.10416616499423981,0.10416616499423981,0.19679969549179077,0.14911943674087524,5.489537713287973e-10,0.0,0.0,4.1134185791015625,4.113419055938721,2.3008499145507812,2.3008499145507812,0.8675625324249268,0.0,0.0,0.0,0.0,0.2914080023765564,0.13686414062976837,0.012648645788431168,0.9055418968200684,0.5566152334213257,0.07660846412181854,2.2889394760131836,2.301823377609253,2.3008499145507812,2.2837796211242676,2.3022871017456055,0.1460399180650711,0.054235223680734634,1.0,2.196438789367676,2.203305721282959,2.2101590633392334,0.0,0.0,0.0,0.0,0.0,0.0,0.0,,,,,,,,,,,,,,,,,0.00025
56,18400,train,0.03377360478043556,0.11122238636016846,0.11425168067216873,0.0,0.007195648271590471,0.007195648271590471,0.0,3.498255729675293,9.999999747378752e-05,0.029999999329447746,0.029999999329447746,0.029999999329447746,0.0010000000474974513,0.0010000000474974513,0.05651730298995972,0.010063022375106812,0.0,0.0,0.0,0.0,-1.68218994140625,-1.68218994140625,1.0,-1.68218994140625,0.0,-4.352834224700928,2.3484888076782227,1.0,0.05651730298995972,1.0,0.0,0.0,0.05651730298995972,0.0,0.0,0.010063022375106812,0.0,0.31006303429603577,0.10736950486898422,0.08551013469696045,0.7849091291427612,0.5733053684234619,0.0,0.0,0.0,0.0,0.0,0.0,0.0,0.0,1.0,0.0,0.08671523630619049,0.3241836130619049,0.3632069528102875,0.02353879250586033,0.0,0.11425168067216873,0.11122238636016846,0.11122238636016846,0.21092577278614044,0.15559735894203186,-8.508450888289332e-11,0.0,0.0,4.203340530395508,4.203340530395508,2.340057849884033,2.340057849884033,0.9514589309692383,0.0,0.0,0.0,0.0,0.31006303429603577,0.13892503082752228,0.003485447494313121,0.9281847476959229,0.5733053684234619,0.099080890417099,2.301772117614746,2.3542556762695312,2.340057849884033,2.3194797039031982,2.3484888076782227,0.15019571781158447,0.05403711646795273,1.0,2.270657539367676,2.28228759765625,2.2871828079223633,0.0,0.0,0.0,0.0,0.0,0.0,0.0,,,,,,,,,,,,,,,,,0.00025
56,18420,train,0.027360444888472557,0.10851781815290451,0.11205246299505234,0.0,0.006409962195903063,0.006409962195903063,0.0,3.506697416305542,9.999999747378752e-05,0.029999999329447746,0.029999999329447746,0.029999999329447746,0.0010000000474974513,0.0010000000474974513,0.06246943771839142,0.0118294358253479,0.0,0.0,0.0,0.0,-1.7364188432693481,-1.7364188432693481,1.0,-1.7364188432693481,0.0,-4.457104206085205,2.330028533935547,1.0,0.06246943771839142,1.0,0.0,0.0,0.06246943771839142,0.0,0.0,0.0118294358253479,0.0,0.28817057609558105,0.09294948726892471,0.10474323481321335,0.7270171046257019,0.5652851462364197,0.0,0.0,0.0,0.0,0.0,0.0,0.0,0.0,1.0,0.0,0.08232986927032471,0.3103116750717163,0.3479490578174591,0.02295651286840439,0.0,0.11205246299505234,0.10851781815290451,0.10851781815290451,0.21329212188720703,0.15718938410282135,-3.474118770441237e-10,0.0,0.0,4.096608638763428,4.096608638763428,2.2768311500549316,2.2768311500549316,0.9332708120346069,0.0,0.0,0.0,0.0,0.28817057609558105,0.11976888030767441,0.0025722035206854343,0.8966584205627441,0.5652851462364197,0.055606622248888016,2.251885414123535,2.283416986465454,2.2768311500549316,2.3283321857452393,2.330028533935547,0.14518722891807556,0.05121549963951111,1.0,2.169123888015747,2.209973096847534,2.190211296081543,0.0,0.0,0.0,0.0,0.0,0.0,0.0,,,,,,,,,,,,,,,,,0.00025
56,18440,train,0.03322291746735573,0.11338125169277191,0.11599405109882355,0.0,0.0066648307256400585,0.0066648307256400585,0.0,3.5330917835235596,9.999999747378752e-05,0.029999999329447746,0.029999999329447746,0.029999999329447746,0.0010000000474974513,0.0010000000474974513,0.06258787214756012,0.008739650249481201,0.0,0.0,0.0,0.0,-1.733028769493103,-1.733028769493103,1.0,-1.733028769493103,0.0,-4.450312614440918,2.1931471824645996,1.0,0.06258787214756012,1.0,0.0,0.0,0.06258787214756012,0.0,0.0,0.008739650249481201,0.0,0.30873972177505493,0.11928792297840118,0.06712660193443298,0.7580633163452148,0.5674046277999878,0.0,0.0,0.0,0.0,0.0,0.0,0.0,0.0,1.0,0.0,0.08191072940826416,0.31646743416786194,0.34057584404945374,0.02226370945572853,0.0,0.11599405109882355,0.11338125169277191,0.11338125169277191,0.22804725170135498,0.18575753271579742,4.582991208756937e-10,0.0,0.0,4.131124973297119,4.131124973297119,2.212852954864502,2.212852954864502,1.0029205083847046,0.0,0.0,0.0,0.0,0.30873966217041016,0.14418266713619232,0.008029315620660782,0.9304078221321106,0.5674046277999878,0.0980239063501358,2.1991350650787354,2.215158462524414,2.212852954864502,2.1906821727752686,2.1931471824645996,0.14831089973449707,0.052276186645030975,1.0,2.163593053817749,2.236361503601074,2.2095847129821777,0.0,0.0,0.0,0.0,0.0,0.0,0.0,,,,,,,,,,,,,,,,,0.00025
56,18460,train,0.030591793358325958,0.10813169926404953,0.11020258069038391,0.0,0.006635027471929789,0.006635027471929789,0.0,3.4905130863189697,9.999999747378752e-05,0.029999999329447746,0.029999999329447746,0.029999999329447746,0.0010000000474974513,0.0010000000474974513,0.05898204445838928,0.007164031267166138,0.0,0.0,0.0,0.0,-1.6699113845825195,-1.6699113845825195,1.0,-1.6699113845825195,0.0,-4.338544845581055,2.4035658836364746,1.0,0.05898204445838928,1.0,0.0,0.0,0.05898204445838928,0.0,0.0,0.007164031267166138,0.0,0.2928359806537628,0.11596839129924774,0.08110610395669937,0.7669681906700134,0.5549795627593994,0.0,0.0,0.0,0.0,0.0,0.0,0.0,0.0,1.0,0.0,0.07971492409706116,0.3163757920265198,0.363383948802948,0.023664865642786026,0.0,0.11020258069038391,0.10813169926404953,0.10813169926404953,0.18135593831539154,0.11738435178995132,-3.483948685101268e-10,0.0,0.0,4.0026445388793945,4.0026445388793945,2.3763880729675293,2.3763880729675293,0.7734949588775635,0.0,0.0,0.0,0.0,0.2928359806537628,0.14110282063484192,0.010878556407988071,0.9261246919631958,0.5549795627593994,0.08336397260427475,2.3368823528289795,2.3887248039245605,2.3763880729675293,2.3684916496276855,2.4035658836364746,0.14603260159492493,0.05576935037970543,1.0,2.3290157318115234,2.3444583415985107,2.2758078575134277,0.0,0.0,0.0,0.0,0.0,0.0,0.0,,,,,,,,,,,,,,,,,0.00025
56,18480,train,0.034257274121046066,0.11412539333105087,0.11635306477546692,0.0,0.006856674328446388,0.006856674328446388,0.0,3.553434371948242,9.999999747378752e-05,0.029999999329447746,0.029999999329447746,0.029999999329447746,0.0010000000474974513,0.0010000000474974513,0.05757170915603638,0.008263319730758667,0.0,0.0,0.0,0.0,-1.7294269800186157,-1.7294269800186157,1.0,-1.7294269800186157,0.0,-4.447132587432861,2.219517946243286,1.0,0.05757170915603638,1.0,0.0,0.0,0.05757170915603638,0.0,0.0,0.008263319730758667,0.0,0.3082633316516876,0.1223173439502716,0.06222136318683624,0.8007302284240723,0.5667339563369751,0.0,0.0,0.0,0.0,0.0,0.0,0.0,0.0,1.0,0.0,0.08371329307556152,0.30968162417411804,0.3445027470588684,0.021867947652935982,0.0,0.11635306477546692,0.11412539333105087,0.11412539333105087,0.21821698546409607,0.17395225167274475,-5.182666518166457e-10,0.0,0.0,4.104325771331787,4.104325771331787,2.239234447479248,2.239234447479248,0.958905041217804,0.0,0.0,0.0,0.0,0.3082633316516876,0.1448146402835846,0.013928943313658237,0.9403972625732422,0.5667339563369751,0.09940257668495178,2.2210118770599365,2.241731643676758,2.239234447479248,2.188791036605835,2.219517946243286,0.14689652621746063,0.05330447107553482,1.0,2.093217611312866,2.193464517593384,2.1730031967163086,0.0,0.0,0.0,0.0,0.0,0.0,0.0,,,,,,,,,,,,,,,,,0.00025
56,18500,train,0.026629099622368813,0.10543710738420486,0.10810103267431259,0.0,0.006823000498116016,0.006823000498116016,0.0,3.5311312675476074,9.999999747378752e-05,0.029999999329447746,0.029999999329447746,0.029999999329447746,0.0010000000474974513,0.0010000000474974513,0.059906892478466034,0.01590186357498169,0.0,0.0,0.0,0.0,-1.684363842010498,-1.684363842010498,1.0,-1.684363842010498,0.0,-4.3596272468566895,2.3700146675109863,1.0,0.059906892478466034,1.0,0.0,0.0,0.059906892478466034,0.0,0.0,0.01590186357498169,0.0,0.2840981185436249,0.1080440804362297,0.06954744458198547,0.7556514143943787,0.5518878102302551,0.0,0.0,0.0,0.0,0.0,0.0,0.0,0.0,1.0,0.0,0.08414305001497269,0.3253292739391327,0.3579685688018799,0.022559281438589096,0.0,0.10810103267431259,0.10543710738420486,0.10543710738420486,0.20050062239170074,0.13814735412597656,-3.4676325699756205e-10,0.0,0.0,4.053753852844238,4.053753852844238,2.322418689727783,2.322418689727783,0.8774933815002441,0.0,0.0,0.0,0.0,0.28409814834594727,0.13508550822734833,0.00834532268345356,0.9344443678855896,0.5518878102302551,0.07481618225574493,2.2879157066345215,2.330253839492798,2.322418689727783,2.345414876937866,2.3700146675109863,0.14720973372459412,0.05415751785039902,1.0,2.128377676010132,2.214500904083252,2.3016133308410645,0.0,0.0,0.0,0.0,0.0,0.0,0.0,,,,,,,,,,,,,,,,,0.00025
56,18520,train,0.03473948314785957,0.11410389095544815,0.11650025844573975,0.0,0.006497532594949007,0.006497532594949007,0.0,3.5417184829711914,9.999999747378752e-05,0.029999999329447746,0.029999999329447746,0.029999999329447746,0.0010000000474974513,0.0010000000474974513,0.055189188569784164,0.012759536504745483,0.0,0.0,0.0,0.0,-1.721358299255371,-1.721358299255371,1.0,-1.721358299255371,0.0,-4.44622278213501,2.1997885704040527,1.0,0.055189188569784164,1.0,0.0,0.0,0.055189188569784164,0.0,0.0,0.012759536504745483,0.0,0.28724050521850586,0.10986479371786118,0.06690359115600586,0.7747319936752319,0.5569069981575012,0.0,0.0,0.0,0.0,0.0,0.0,0.0,0.0,1.0,0.0,0.08004111051559448,0.31332188844680786,0.3421746492385864,0.022067800164222717,0.0,0.11650025844573975,0.11410389095544815,0.11410389095544815,0.2283630669116974,0.19045554101467133,4.23854250308775e-11,0.0,0.0,4.084102153778076,4.084102153778076,2.2065069675445557,2.2065069675445557,0.9909073710441589,0.0,0.0,0.0,0.0,0.28724047541618347,0.13151849806308746,0.01153287198394537,0.9575367569923401,0.5569069981575012,0.07022058963775635,2.184403657913208,2.2097389698028564,2.2065069675445557,2.1847434043884277,2.1997885704040527,0.14619304239749908,0.05198176950216293,1.0,2.068784713745117,2.1380667686462402,2.143702745437622,0.0,0.0,0.0,0.0,0.0,0.0,0.0,,,,,,,,,,,,,,,,,0.00025
56,18540,train,0.03681560233235359,0.11387691646814346,0.11754651367664337,0.0,0.007050843443721533,0.007050843443721533,0.0,3.5421769618988037,9.999999747378752e-05,0.029999999329447746,0.029999999329447746,0.029999999329447746,0.0010000000474974513,0.0010000000474974513,0.05693088471889496,0.005846381187438965,0.0,0.0,0.0,0.0,-1.6866523027420044,-1.6866523027420044,1.0,-1.6866523027420044,0.0,-4.387793064117432,2.3494577407836914,1.0,0.05693088471889496,1.0,0.0,0.0,0.05693088471889496,0.0,0.0,0.005846381187438965,0.0,0.29415363073349,0.10514267534017563,0.07341643422842026,0.7890657782554626,0.5604238510131836,0.0,0.0,0.0,0.0,0.0,0.0,0.0,0.0,1.0,0.0,0.0832989439368248,0.31613045930862427,0.3610236942768097,0.02232898585498333,0.0,0.11754651367664337,0.11387691646814346,0.11387691646814346,0.22815552353858948,0.1672925502061844,2.471300941664367e-10,0.0,0.0,4.0783514976501465,4.0783514976501465,2.3358657360076904,2.3358657360076904,0.9837919473648071,0.0,0.0,0.0,0.0,0.29415363073349,0.136018767952919,0.002761509269475937,0.9281290173530579,0.5604238510131836,0.07668505609035492,2.297733783721924,2.346008539199829,2.3358657360076904,2.3371262550354004,2.3494577407836914,0.1549304723739624,0.05411799997091293,1.0,2.185680866241455,2.3042664527893066,2.2887001037597656,0.0,0.0,0.0,0.0,0.0,0.0,0.0,,,,,,,,,,,,,,,,,0.00025
56,18560,train,0.02554425597190857,0.10329414159059525,0.10601460933685303,0.0,0.006545265670865774,0.006545265670865774,0.0,3.514469623565674,9.999999747378752e-05,0.029999999329447746,0.029999999329447746,0.029999999329447746,0.0010000000474974513,0.0010000000474974513,0.05671478062868118,0.0065679848194122314,0.0,0.0,0.0,0.0,-1.6593983173370361,-1.6593983173370361,1.0,-1.6593983173370361,0.0,-4.312744140625,2.4368796348571777,1.0,0.05671478062868118,1.0,0.0,0.0,0.05671478062868118,0.0,0.0,0.0065679848194122314,0.0,0.3065680265426636,0.1194038838148117,0.08655934780836105,0.7898976802825928,0.564659595489502,0.0,0.0,0.0,0.0,0.0,0.0,0.0,0.0,1.0,0.0,0.08533549308776855,0.3162848651409149,0.3755248188972473,0.023084836080670357,0.0,0.10601460933685303,0.10329414159059525,0.10329414159059525,0.1920585036277771,0.11465566605329514,2.50263282319807e-10,0.0,0.0,4.057439804077148,4.057439804077148,2.4380578994750977,2.4380578994750977,0.8342849016189575,0.0,0.0,0.0,0.0,0.3065679967403412,0.14739803969860077,0.0032705317717045546,0.9488455653190613,0.564659595489502,0.11106005311012268,2.392080545425415,2.449603796005249,2.4380578994750977,2.402890682220459,2.4368796348571777,0.15105141699314117,0.055525265634059906,1.0,2.2389583587646484,2.2822844982147217,2.327092170715332,0.0,0.0,0.0,0.0,0.0,0.0,0.0,,,,,,,,,,,,,,,,,0.00025
56,18580,train,0.02427508682012558,0.10416924953460693,0.10672605782747269,0.0,0.0063347723335027695,0.0063347723335027695,0.0,3.519658088684082,9.999999747378752e-05,0.029999999329447746,0.029999999329447746,0.029999999329447746,0.0010000000474974513,0.0010000000474974513,0.05438525229692459,0.01592797040939331,0.0,0.0,0.0,0.0,-1.6975282430648804,-1.6975282430648804,1.0,-1.6975282430648804,0.0,-4.386748313903809,2.3662407398223877,1.0,0.05438525229692459,1.0,0.0,0.0,0.05438525229692459,0.0,0.0,0.01592797040939331,0.0,0.28407204151153564,0.10438966751098633,0.06734022498130798,0.7312968969345093,0.5538707375526428,0.0,0.0,0.0,0.0,0.0,0.0,0.0,0.0,1.0,0.0,0.08173248916864395,0.3125072717666626,0.3621765375137329,0.022856462746858597,0.0,0.10672605782747269,0.10416924953460693,0.10416924953460693,0.1956314593553543,0.13305547833442688,1.1891745921310815e-10,0.0,0.0,4.138725280761719,4.138725280761719,2.3416500091552734,2.3416500091552734,0.87034672498703,0.0,0.0,0.0,0.0,0.28407204151153564,0.13100028038024902,0.011468417942523956,0.9215367436408997,0.5538707375526428,0.06490502506494522,2.312962770462036,2.3474018573760986,2.3416500091552734,2.3408303260803223,2.3662407398223877,0.14896512031555176,0.054040998220443726,1.0,2.3557674884796143,2.2392139434814453,2.274050712585449,0.0,0.0,0.0,0.0,0.0,0.0,0.0,,,,,,,,,,,,,,,,,0.00025
56,18600,train,0.02469201758503914,0.10192657262086868,0.10464566946029663,0.0,0.006737465038895607,0.006737465038895607,0.0,3.521345376968384,9.999999747378752e-05,0.029999999329447746,0.029999999329447746,0.029999999329447746,0.0010000000474974513,0.0010000000474974513,0.060247015208005905,0.00323641300201416,0.0,0.0,0.0,0.0,-1.6463571786880493,-1.6463571786880493,1.0,-1.6463571786880493,0.0,-4.294714450836182,2.417496919631958,1.0,0.060247015208005905,1.0,0.0,0.0,0.060247015208005905,0.0,0.0,0.00323641300201416,0.0,0.2967635989189148,0.11831607669591904,0.07844420522451401,0.8002951145172119,0.5587754845619202,0.0,0.0,0.0,0.0,0.0,0.0,0.0,0.0,1.0,0.0,0.09698578715324402,0.327871710062027,0.3812675476074219,0.023198923096060753,0.0,0.10464566946029663,0.10192657262086868,0.10192657262086868,0.19685544073581696,0.12305587530136108,7.638729232484209e-11,0.0,0.0,4.0485944747924805,4.0485944747924805,2.466197967529297,2.466197967529297,0.8573322892189026,0.0,0.0,0.0,0.0,0.2967635989189148,0.1430143564939499,0.012249419465661049,0.9284015893936157,0.5587754845619202,0.09690564125776291,2.4237895011901855,2.4818575382232666,2.466197967529297,2.378762722015381,2.417496919631958,0.16036345064640045,0.06001903489232063,1.0,2.2524685859680176,2.245168447494507,2.2249417304992676,0.0,0.0,0.0,0.0,0.0,0.0,0.0,,,,,,,,,,,,,,,,,0.00025
56,18620,train,0.026180094107985497,0.10817641019821167,0.1098429337143898,0.0,0.0063647618517279625,0.0063647618517279625,0.0,3.5364301204681396,9.999999747378752e-05,0.029999999329447746,0.029999999329447746,0.029999999329447746,0.0010000000474974513,0.0010000000474974513,0.058744363486766815,0.021316111087799072,0.0,0.0,0.0,0.0,-1.743159294128418,-1.743159294128418,1.0,-1.743159294128418,0.0,-4.459235191345215,2.3135135173797607,1.0,0.058744363486766815,1.0,0.0,0.0,0.058744363486766815,0.0,0.0,0.021316111087799072,0.0,0.321316123008728,0.10429590940475464,0.06735232472419739,0.7633640766143799,0.586337685585022,0.0,0.0,0.0,0.0,0.0,0.0,0.0,0.0,1.0,0.0,0.08518628776073456,0.3092610538005829,0.35353532433509827,0.022455796599388123,0.0,0.1098429337143898,0.10817641019821167,0.10817641019821167,0.21615645289421082,0.16046474874019623,2.172039770265144e-10,0.0,0.0,4.160496234893799,4.160496234893799,2.3216536045074463,2.3216536045074463,0.9597901701927185,0.0,0.0,0.0,0.0,0.321316123008728,0.13262993097305298,0.009649747982621193,0.9252436757087708,0.586337685585022,0.09352022409439087,2.2939536571502686,2.3316400051116943,2.3216536045074463,2.3043720722198486,2.3135135173797607,0.14387942850589752,0.05351252853870392,1.0,2.1545777320861816,2.0984392166137695,2.0751285552978516,0.0,0.0,0.0,0.0,0.0,0.0,0.0,,,,,,,,,,,,,,,,,0.00025
56,18640,train,0.028956172987818718,0.10923757404088974,0.11236400157213211,0.0,0.007027437444776297,0.007027437444776297,0.0,3.5149483680725098,9.999999747378752e-05,0.029999999329447746,0.029999999329447746,0.029999999329447746,0.0010000000474974513,0.0010000000474974513,0.05887738987803459,0.004292935132980347,0.0,0.0,0.0,0.0,-1.7229950428009033,-1.7229950428009033,1.0,-1.7229950428009033,0.0,-4.417947769165039,2.339272975921631,1.0,0.05887738987803459,1.0,0.0,0.0,0.05887738987803459,0.0,0.0,0.004292935132980347,0.0,0.2957070767879486,0.09725086390972137,0.09187035262584686,0.7934325933456421,0.5703339576721191,0.0,0.0,0.0,0.0,0.0,0.0,0.0,0.0,1.0,0.0,0.08138801902532578,0.31945914030075073,0.3479945957660675,0.022778267040848732,0.0,0.11236400157213211,0.10923757404088974,0.10923757404088974,0.22284188866615295,0.16953539848327637,8.403658324773744e-11,0.0,0.0,4.052358150482178,4.052358627319336,2.26808762550354,2.26808762550354,0.9562690258026123,0.0,0.0,0.0,0.0,0.2957070767879486,0.12305302917957306,0.014521555975079536,0.9397303462028503,0.5703339576721191,0.06162684038281441,2.249901294708252,2.270836591720581,2.26808762550354,2.3120369911193848,2.339272975921631,0.15055324137210846,0.05170048773288727,1.0,2.215121269226074,2.2634265422821045,2.163005828857422,0.0,0.0,0.0,0.0,0.0,0.0,0.0,,,,,,,,,,,,,,,,,0.00025
56,18660,train,0.0369332954287529,0.11577627062797546,0.1186385229229927,0.0,0.0071344394236803055,0.0071344394236803055,0.0,3.507805824279785,9.999999747378752e-05,0.029999999329447746,0.029999999329447746,0.029999999329447746,0.0010000000474974513,0.0010000000474974513,0.06102454662322998,0.007409781217575073,0.0,0.0,0.0,0.0,-1.7200653553009033,-1.7200653553009033,1.0,-1.7200653553009033,0.0,-4.436852931976318,2.2577264308929443,1.0,0.06102454662322998,1.0,0.0,0.0,0.06102454662322998,0.0,0.0,0.007409781217575073,0.0,0.3074098527431488,0.10795243084430695,0.09260066598653793,0.7740148305892944,0.5706976652145386,0.0,0.0,0.0,0.0,0.0,0.0,0.0,0.0,1.0,0.0,0.07723572850227356,0.3133723735809326,0.3467777967453003,0.02290404587984085,0.0,0.1186385229229927,0.11577627062797546,0.11577627062797546,0.21478931605815887,0.17209704220294952,-3.514218915867673e-10,0.0,0.0,4.185007572174072,4.185007572174072,2.2467007637023926,2.2467007637023926,0.9536822438240051,0.0,0.0,0.0,0.0,0.30740979313850403,0.13895630836486816,0.01167034450918436,0.9389066696166992,0.5706976652145386,0.09443934261798859,2.224543809890747,2.2516064643859863,2.2467007637023926,2.2436113357543945,2.2577264308929443,0.14639540016651154,0.05197436362504959,1.0,2.2944905757904053,2.2148590087890625,2.219689130783081,0.0,0.0,0.0,0.0,0.0,0.0,0.0,,,,,,,,,,,,,,,,,0.00025
56,18680,train,0.03330253064632416,0.11494948714971542,0.117376409471035,0.0,0.0058131651021540165,0.0058131651021540165,0.0,3.5620975494384766,9.999999747378752e-05,0.029999999329447746,0.029999999329447746,0.029999999329447746,0.0010000000474974513,0.0010000000474974513,0.054826874285936356,0.012777596712112427,0.0,0.0,0.0,0.0,-1.762007474899292,-1.762007474899292,1.0,-1.762007474899292,0.0,-4.519665718078613,2.1531670093536377,1.0,0.054826874285936356,1.0,0.0,0.0,0.054826874285936356,0.0,0.0,0.012777596712112427,0.0,0.31277763843536377,0.12382514774799347,0.0689535140991211,0.8276948928833008,0.5705419778823853,0.0,0.0,0.0,0.0,0.0,0.0,0.0,0.0,1.0,0.0,0.07581721991300583,0.2970907688140869,0.33266374468803406,0.021285874769091606,0.0,0.117376409471035,0.11494948714971542,0.11494948714971542,0.2093297243118286,0.1776767075061798,-1.9416057650545326e-10,0.0,0.0,4.186031818389893,4.186031818389893,2.1556568145751953,2.1556568145751953,0.9286827445030212,0.0,0.0,0.0,0.0,0.3127776086330414,0.1462540626525879,0.010039499029517174,0.9483361840248108,0.5705419778823853,0.10958946496248245,2.1480300426483154,2.1548523902893066,2.1556568145751953,2.131197929382324,2.1531670093536377,0.13922904431819916,0.049693331122398376,1.0,2.205090045928955,2.233067512512207,2.2309699058532715,0.0,0.0,0.0,0.0,0.0,0.0,0.0,,,,,,,,,,,,,,,,,0.00025
56,18700,train,0.03164428472518921,0.10914101451635361,0.11243704706430435,0.0,0.007076307199895382,0.007076307199895382,0.0,3.535367012023926,9.999999747378752e-05,0.029999999329447746,0.029999999329447746,0.029999999329447746,0.0010000000474974513,0.0010000000474974513,0.059248730540275574,0.01979205012321472,0.0,0.0,0.0,0.0,-1.6771502494812012,-1.6771502494812012,1.0,-1.6771502494812012,0.0,-4.350417613983154,2.352522134780884,1.0,0.059248730540275574,1.0,0.0,0.0,0.059248730540275574,0.0,0.0,0.01979205012321472,0.0,0.28020796179771423,0.10321943461894989,0.08694635331630707,0.753154456615448,0.5511758327484131,0.0,0.0,0.0,0.0,0.0,0.0,0.0,0.0,1.0,0.0,0.08876527100801468,0.33108893036842346,0.3605640232563019,0.02249990589916706,0.0,0.11243704706430435,0.10914101451635361,0.10914101451635361,0.2202850878238678,0.15485890209674835,-1.5532797270623178e-10,0.0,0.0,4.1102705001831055,4.1102705001831055,2.343888521194458,2.343888521194458,0.965367317199707,0.0,0.0,0.0,0.0,0.28020796179771423,0.1294483095407486,0.0116705521941185,0.9509046673774719,0.5511758327484131,0.059390321373939514,2.331226348876953,2.346726655960083,2.343888521194458,2.3353872299194336,2.352522134780884,0.15258370339870453,0.055693354457616806,1.0,2.134061813354492,2.222846746444702,2.275759696960449,0.0,0.0,0.0,0.0,0.0,0.0,0.0,,,,,,,,,,,,,,,,,0.00025
56,18704,train_epoch,0.030019208666182563,0.10946383231325064,0.11216703090749815,0.0,0.006566632543216476,0.006566632543216476,0.0,3.5241590102989515,9.999999747378752e-05,0.029999999329447746,0.029999999329447746,0.029999999329447746,0.0010000000474974513,0.0010000000474974513,0.05693323471901303,0.011647875169794002,0.0,0.0,0.0,0.0,-1.7082671469557071,-1.7082671469557071,1.0,-1.7082671469557071,0.0,-4.4096183305728935,2.302899533403134,1.0,0.05693323471901303,1.0,0.0,0.0,0.05693323471901303,0.0,0.0,0.011647875169794002,0.0,0.2992086305232819,0.11000904186578568,0.07740719250576225,0.7686308861492637,0.5640930799310079,0.0,0.0,0.0,0.0,0.0,0.0,0.0,0.0,1.0,0.0,0.08212498263149204,0.3133325579459082,0.35266868823659636,0.022637462650542846,0.0,0.11216703090749815,0.10946383231325064,0.10946383231325064,0.20807967928355325,0.15387859822301095,-1.4514516334362e-12,0.0,0.0,4.114398727160014,4.114398724304702,2.2921309064248363,2.2921309064248363,0.9132733391430563,0.0,0.0,0.0,0.0,0.2992086254372568,0.13666192029496868,0.010221946146443743,0.929709941862586,0.5640930799310079,0.08441559474045288,2.2706739324295593,2.2967972783985253,2.2921309064248363,2.283778121371469,2.302899533403134,0.1476102465105628,0.05333625268704163,1.0,2.235921237283124,2.236482549570278,2.2366559241346256,0.0,0.0,0.0,0.0,0.0,0.0,0.0,,,,,,,,,,,,,,,,,0.00025
56,18704,val,,,,,,,,,,,,,,,,,,,,,,,,,,,,,,,,,,,,,,,,,,,,,,,,,,,,,,,,,,,,,,,,,,,,,,,,,,,,,,,,,,,,,,,,,,,,,,,,,,,16.275394448288925,674.9234834963137,25.979289510999212,12.61387012241123,15.621506570695757,24.296982090375508,12.771526933790327,16.281355063120525,25.953083456427755,12.536539060575468,17.586882402231026,28.697073196532717,13.136516467944995,16.275394448288925,25.979289510999212,12.61387012241123,0.00025
57,18720,train,0.030559873208403587,0.11027401685714722,0.11405730992555618,0.0,0.006605709902942181,0.006605709902942181,0.0,3.531550407409668,9.999999747378752e-05,0.029999999329447746,0.029999999329447746,0.029999999329447746,0.0010000000474974513,0.0010000000474974513,0.06307078897953033,0.004085570573806763,0.0,0.0,0.0,0.0,-1.719068169593811,-1.719068169593811,1.0,-1.719068169593811,0.0,-4.435510635375977,2.2874062061309814,1.0,0.06307078897953033,1.0,0.0,0.0,0.06307078897953033,0.0,0.0,0.004085570573806763,0.0,0.2959144413471222,0.1133466362953186,0.06750565767288208,0.8091160655021667,0.5602805018424988,0.0,0.0,0.0,0.0,0.0,0.0,0.0,0.0,1.0,0.0,0.08880797773599625,0.3180592358112335,0.35577094554901123,0.02259926125407219,0.0,0.11405730992555618,0.11027401685714722,0.11027401685714722,0.22461137175559998,0.16312478482723236,4.041011136823869e-10,0.0,0.0,4.166269779205322,4.166269779205322,2.3118014335632324,2.3118014335632324,1.0027469396591187,0.0,0.0,0.0,0.0,0.2959144413471222,0.13872531056404114,0.013584176078438759,0.9473013281822205,0.5602805018424988,0.08189338445663452,2.282870054244995,2.317639112472534,2.3118014335632324,2.277083158493042,2.2874062061309814,0.1520439237356186,0.05498799309134483,1.0,2.1701364517211914,2.1510303020477295,2.088090658187866,0.0,0.0,0.0,0.0,0.0,0.0,0.0,,,,,,,,,,,,,,,,,0.00025
57,18740,train,0.024182623252272606,0.10213557630777359,0.10498766601085663,0.0,0.0065828775987029076,0.0065828775987029076,0.0,3.5185983180999756,9.999999747378752e-05,0.029999999329447746,0.029999999329447746,0.029999999329447746,0.0010000000474974513,0.0010000000474974513,0.05610480159521103,0.027635008096694946,0.0,0.0,0.0,0.0,-1.6597262620925903,-1.6597262620925903,1.0,-1.6597262620925903,0.0,-4.3298492431640625,2.3757688999176025,1.0,0.05610480159521103,1.0,0.0,0.0,0.05610480159521103,0.0,0.0,0.027635008096694946,0.0,0.2723650336265564,0.10692489147186279,0.0831519216299057,0.754697322845459,0.5373169183731079,0.0,0.0,0.0,0.0,0.0,0.0,0.0,0.0,1.0,0.0,0.0890020877122879,0.3220164477825165,0.37440672516822815,0.023242322728037834,0.0,0.10498766601085663,0.10213557630777359,0.10213557630777359,0.18825575709342957,0.12382341176271439,4.145211118800063e-10,0.0,0.0,4.008204460144043,4.008204460144043,2.4226465225219727,2.4226465225219727,0.8166601061820984,0.0,0.0,0.0,0.0,0.272365003824234,0.13770942389965057,0.013527261093258858,0.9291945695877075,0.5373169183731079,0.06816789507865906,2.356776714324951,2.437391996383667,2.4226465225219727,2.337700605392456,2.3757688999176025,0.15600994229316711,0.05794084817171097,1.0,2.24017333984375,2.2857255935668945,2.264686346054077,0.0,0.0,0.0,0.0,0.0,0.0,0.0,,,,,,,,,,,,,,,,,0.00025
57,18760,train,0.03376493230462074,0.11293399333953857,0.11524172127246857,0.0,0.006676895543932915,0.006676895543932915,0.0,3.513098955154419,9.999999747378752e-05,0.029999999329447746,0.029999999329447746,0.029999999329447746,0.0010000000474974513,0.0010000000474974513,0.053838372230529785,0.005811601877212524,0.0,0.0,0.0,0.0,-1.7138111591339111,-1.7138111591339111,1.0,-1.7138111591339111,0.0,-4.423686981201172,2.292102575302124,1.0,0.053838372230529785,1.0,0.0,0.0,0.053838372230529785,0.0,0.0,0.005811601877212524,0.0,0.3058116137981415,0.11475496739149094,0.11240356415510178,0.7846450805664062,0.5680201053619385,0.0,0.0,0.0,0.0,0.0,0.0,0.0,0.0,1.0,0.0,0.07873741537332535,0.31213974952697754,0.3529256284236908,0.022891420871019363,0.0,0.11524172127246857,0.11293399333953857,0.11293399333953857,0.21430103480815887,0.15719950199127197,-2.8383112526952914e-10,0.0,0.0,4.081282615661621,4.081282615661621,2.290187358856201,2.290187358856201,0.9307307600975037,0.0,0.0,0.0,0.0,0.3058116137981415,0.14134295284748077,0.010746997781097889,0.9367848634719849,0.5680201053619385,0.09820772707462311,2.256796360015869,2.2968692779541016,2.290187358856201,2.2851994037628174,2.292102575302124,0.14713522791862488,0.052853260189294815,1.0,2.1611759662628174,2.261404037475586,2.255734443664551,0.0,0.0,0.0,0.0,0.0,0.0,0.0,,,,,,,,,,,,,,,,,0.00025
57,18780,train,0.03311524540185928,0.11090973764657974,0.11386523395776749,0.0,0.006345581728965044,0.006345581728965044,0.0,3.515636444091797,9.999999747378752e-05,0.029999999329447746,0.029999999329447746,0.029999999329447746,0.0010000000474974513,0.0010000000474974513,0.05413983017206192,1.8894672393798828e-05,0.0,0.0,0.0,0.0,-1.6860605478286743,-1.6860605478286743,1.0,-1.6860605478286743,0.0,-4.381011486053467,2.347764730453491,1.0,0.05413983017206192,1.0,0.0,0.0,0.05413983017206192,0.0,0.0,1.8894672393798828e-05,0.0,0.29998108744621277,0.1096055880188942,0.08433136343955994,0.7136280536651611,0.5663394927978516,0.0,0.0,0.0,0.0,0.0,0.0,0.0,0.0,1.0,0.0,0.08499696105718613,0.3150290250778198,0.3580959141254425,0.022914141416549683,0.0,0.11386523395776749,0.11090973764657974,0.11090973764657974,0.20370450615882874,0.13904179632663727,-2.9934713041690486e-10,0.0,0.0,4.13994026184082,4.13994026184082,2.327824115753174,2.327824115753174,0.9053898453712463,0.0,0.0,0.0,0.0,0.29998111724853516,0.13558699190616608,0.007048310246318579,0.9051686525344849,0.5663394927978516,0.08521752804517746,2.3031911849975586,2.332564115524292,2.327824115753174,2.3510327339172363,2.347764730453491,0.1520712673664093,0.05310248211026192,1.0,2.3761086463928223,2.3222551345825195,2.328536033630371,0.0,0.0,0.0,0.0,0.0,0.0,0.0,,,,,,,,,,,,,,,,,0.00025
57,18800,train,0.02980874478816986,0.10937302559614182,0.11241400986909866,0.0,0.006697617471218109,0.006697617471218109,0.0,3.568528652191162,9.999999747378752e-05,0.029999999329447746,0.029999999329447746,0.029999999329447746,0.0010000000474974513,0.0010000000474974513,0.058175113052129745,0.0023500919342041016,0.0,0.0,0.0,0.0,-1.7110899686813354,-1.7110899686813354,1.0,-1.7110899686813354,0.0,-4.407470226287842,2.3211891651153564,1.0,0.058175113052129745,1.0,0.0,0.0,0.058175113052129745,0.0,0.0,0.0023500919342041016,0.0,0.30235010385513306,0.10810843855142593,0.08933838456869125,0.7523185610771179,0.568230152130127,0.0,0.0,0.0,0.0,0.0,0.0,0.0,0.0,1.0,0.0,0.0898590087890625,0.3168787956237793,0.35688742995262146,0.021704234182834625,0.0,0.11241400986909866,0.10937302559614182,0.10937302559614182,0.22396214306354523,0.1716921180486679,7.313742944603518e-10,0.0,0.0,4.172651767730713,4.172651767730713,2.3176567554473877,2.3176567554473877,0.9955589771270752,0.0,0.0,0.0,0.0,0.30235010385513306,0.1357266753911972,0.00420030253008008,0.9034264087677002,0.568230152130127,0.08390012383460999,2.3030102252960205,2.320908308029175,2.3176567554473877,2.317721366882324,2.3211891651153564,0.1544037014245987,0.05418746545910835,1.0,2.154750347137451,2.1941564083099365,2.202786922454834,0.0,0.0,0.0,0.0,0.0,0.0,0.0,,,,,,,,,,,,,,,,,0.00025
57,18820,train,0.037231478840112686,0.1158590242266655,0.11936257034540176,0.0,0.006350652780383825,0.006350652780383825,0.0,3.586139678955078,9.999999747378752e-05,0.029999999329447746,0.029999999329447746,0.029999999329447746,0.0010000000474974513,0.0010000000474974513,0.05466718599200249,0.018573343753814697,0.0,0.0,0.0,0.0,-1.7187073230743408,-1.7187073230743408,1.0,-1.7187073230743408,0.0,-4.412136554718018,2.288012742996216,1.0,0.05466718599200249,1.0,0.0,0.0,0.05466718599200249,0.0,0.0,0.018573343753814697,0.0,0.31857332587242126,0.0967022255063057,0.10174678266048431,0.7819147109985352,0.5875311493873596,0.0,0.0,0.0,0.0,0.0,0.0,0.0,0.0,1.0,0.0,0.08048596978187561,0.3119615912437439,0.3446347713470459,0.02110826037824154,0.0,0.11936257034540176,0.1158590242266655,0.1158590242266655,0.2380771040916443,0.20317338407039642,-6.055367318680283e-11,0.0,0.0,4.238650798797607,4.238650798797607,2.2289912700653076,2.2289912700653076,1.0672279596328735,0.0,0.0,0.0,0.0,0.31857335567474365,0.12738929688930511,0.014845681376755238,0.9171750545501709,0.5875311493873596,0.08374693989753723,2.222761392593384,2.230731248855591,2.2289912700653076,2.2727041244506836,2.288012742996216,0.1516685038805008,0.05100105702877045,1.0,2.282289743423462,2.2174766063690186,2.2416114807128906,0.0,0.0,0.0,0.0,0.0,0.0,0.0,,,,,,,,,,,,,,,,,0.00025
57,18840,train,0.028270218521356583,0.10654012858867645,0.10924413055181503,0.0,0.0067937192507088184,0.0067937192507088184,0.0,3.540886163711548,9.999999747378752e-05,0.029999999329447746,0.029999999329447746,0.029999999329447746,0.0010000000474974513,0.0010000000474974513,0.054145801812410355,0.027348101139068604,0.0,0.0,0.0,0.0,-1.6793022155761719,-1.6793022155761719,1.0,-1.6793022155761719,0.0,-4.3501410484313965,2.2872512340545654,1.0,0.054145801812410355,1.0,0.0,0.0,0.054145801812410355,0.0,0.0,0.027348101139068604,0.0,0.27265191078186035,0.11086714267730713,0.06639987230300903,0.7680196762084961,0.5355260968208313,0.0,0.0,0.0,0.0,0.0,0.0,0.0,0.0,1.0,0.0,0.07988113164901733,0.3218372166156769,0.35438597202301025,0.02234177105128765,0.0,0.10924413055181503,0.10654012858867645,0.10654012858867645,0.20754732191562653,0.1668456792831421,3.267559556263677e-10,0.0,0.0,4.124958515167236,4.124958515167236,2.2710072994232178,2.2710072994232178,0.9116396307945251,0.0,0.0,0.0,0.0,0.27265191078186035,0.13973848521709442,0.0066927052102983,0.9297568202018738,0.5355260968208313,0.06798407435417175,2.243971586227417,2.2767789363861084,2.2710072994232178,2.2385833263397217,2.2872512340545654,0.15230445563793182,0.054657500237226486,1.0,2.4238924980163574,2.373682737350464,2.369223117828369,0.0,0.0,0.0,0.0,0.0,0.0,0.0,,,,,,,,,,,,,,,,,0.00025
57,18860,train,0.03087448701262474,0.11110341548919678,0.1136743426322937,0.0,0.006344107910990715,0.006344107910990715,0.0,3.563225269317627,9.999999747378752e-05,0.029999999329447746,0.029999999329447746,0.029999999329447746,0.0010000000474974513,0.0010000000474974513,0.057504452764987946,0.01907402276992798,0.0,0.0,0.0,0.0,-1.7264503240585327,-1.7264503240585327,1.0,-1.7264503240585327,0.0,-4.4517083168029785,2.2357993125915527,1.0,0.057504452764987946,1.0,0.0,0.0,0.057504452764987946,0.0,0.0,0.01907402276992798,0.0,0.31907403469085693,0.11974811553955078,0.07819341123104095,0.7777923941612244,0.5739971399307251,0.0,0.0,0.0,0.0,0.0,0.0,0.0,0.0,1.0,0.0,0.08377964049577713,0.3063541650772095,0.34949827194213867,0.021805722266435623,0.0,0.1136743426322937,0.11110341548919678,0.11110341548919678,0.21130530536174774,0.16198280453681946,-9.543613121998362e-11,0.0,0.0,4.135251045227051,4.135251045227051,2.283691883087158,2.283691883087158,0.9344435930252075,0.0,0.0,0.0,0.0,0.31907403469085693,0.14810478687286377,0.007747178431600332,0.9312297701835632,0.5739971399307251,0.11803003400564194,2.262197494506836,2.288145065307617,2.283691883087158,2.2204103469848633,2.2357993125915527,0.14982613921165466,0.05318080633878708,1.0,2.273815155029297,2.27742075920105,2.277799367904663,0.0,0.0,0.0,0.0,0.0,0.0,0.0,,,,,,,,,,,,,,,,,0.00025
57,18880,train,0.027424737811088562,0.11021620035171509,0.1126270517706871,0.0,0.0059519740752875805,0.0059519740752875805,0.0,3.5825111865997314,9.999999747378752e-05,0.029999999329447746,0.029999999329447746,0.029999999329447746,0.0010000000474974513,0.0010000000474974513,0.061070047318935394,0.02258896827697754,0.0,0.0,0.0,0.0,-1.7656224966049194,-1.7656224966049194,1.0,-1.7656224966049194,0.0,-4.500208854675293,2.224867582321167,1.0,0.061070047318935394,1.0,0.0,0.0,0.061070047318935394,0.0,0.0,0.02258896827697754,0.0,0.3225889801979065,0.10572396963834763,0.09397992491722107,0.765333354473114,0.5877441763877869,0.0,0.0,0.0,0.0,0.0,0.0,0.0,0.0,1.0,0.0,0.085760198533535,0.30574291944503784,0.34526747465133667,0.021295512095093727,0.0,0.1126270517706871,0.11021620035171509,0.11021620035171509,0.2217319756746292,0.17770148813724518,-3.232319412127538e-10,0.0,0.0,4.2248311042785645,4.2248311042785645,2.253452777862549,2.253452777862549,0.9970635175704956,0.0,0.0,0.0,0.0,0.3225889801979065,0.13257160782814026,0.01421338226646185,0.917247474193573,0.5877441763877869,0.09849878400564194,2.2390284538269043,2.256056785583496,2.253452777862549,2.209301471710205,2.224867582321167,0.1443219780921936,0.051705799996852875,1.0,2.1193196773529053,2.1394119262695312,2.1108179092407227,0.0,0.0,0.0,0.0,0.0,0.0,0.0,,,,,,,,,,,,,,,,,0.00025
57,18900,train,0.033546771854162216,0.11328157782554626,0.11651861667633057,0.0,0.00687522953376174,0.00687522953376174,0.0,3.5490987300872803,9.999999747378752e-05,0.029999999329447746,0.029999999329447746,0.029999999329447746,0.0010000000474974513,0.0010000000474974513,0.05625252425670624,0.0007539689540863037,0.0,0.0,0.0,0.0,-1.7276116609573364,-1.7276116609573364,1.0,-1.7276116609573364,0.0,-4.438694000244141,2.2239229679107666,1.0,0.05625252425670624,1.0,0.0,0.0,0.05625252425670624,0.0,0.0,0.0007539689540863037,0.0,0.29924604296684265,0.11063092947006226,0.09047932922840118,0.7771047353744507,0.564152181148529,0.0,0.0,0.0,0.0,0.0,0.0,0.0,0.0,1.0,0.0,0.08127755671739578,0.31213366985321045,0.3442245423793793,0.02205638587474823,0.0,0.11651861667633057,0.11328157782554626,0.11328157782554626,0.22897392511367798,0.18909157812595367,-4.0106179488574867e-10,0.0,0.0,4.1724934577941895,4.1724934577941895,2.2171387672424316,2.2171387672424316,1.0117772817611694,0.0,0.0,0.0,0.0,0.29924604296684265,0.1373891532421112,0.016538254916667938,0.9251152873039246,0.564152181148529,0.08282782137393951,2.2074081897735596,2.2184438705444336,2.2171387672424316,2.197378635406494,2.2239229679107666,0.15109974145889282,0.052455198019742966,1.0,2.1428074836730957,2.222813367843628,2.1886279582977295,0.0,0.0,0.0,0.0,0.0,0.0,0.0,,,,,,,,,,,,,,,,,0.00025
57,18920,train,0.02974541299045086,0.11121253669261932,0.11354795098304749,0.0,0.005951927974820137,0.005951927974820137,0.0,3.5415375232696533,9.999999747378752e-05,0.029999999329447746,0.029999999329447746,0.029999999329447746,0.0010000000474974513,0.0010000000474974513,0.06035763770341873,0.0030643045902252197,0.0,0.0,0.0,0.0,-1.7462142705917358,-1.7462142705917358,1.0,-1.7462142705917358,0.0,-4.473116874694824,2.2182023525238037,1.0,0.06035763770341873,1.0,0.0,0.0,0.06035763770341873,0.0,0.0,0.0030643045902252197,0.0,0.2969357371330261,0.10905732214450836,0.07743927836418152,0.7328392863273621,0.5634929537773132,0.0,0.0,0.0,0.0,0.0,0.0,0.0,0.0,1.0,0.0,0.07753250002861023,0.29885926842689514,0.3454909324645996,0.022084509953856468,0.0,0.11354795098304749,0.11121253669261932,0.11121253669261932,0.22759264707565308,0.1901237815618515,-1.0786249671213e-10,0.0,0.0,4.209630012512207,4.209630012512207,2.240827798843384,2.240827798843384,1.0193064212799072,0.0,0.0,0.0,0.0,0.29693570733070374,0.13491088151931763,0.009907788597047329,0.9464712738990784,0.5634929537773132,0.0781250074505806,2.2296619415283203,2.241830825805664,2.240827798843384,2.2235960960388184,2.2182023525238037,0.1449674814939499,0.05122363194823265,1.0,2.2209887504577637,2.1787595748901367,2.223843574523926,0.0,0.0,0.0,0.0,0.0,0.0,0.0,,,,,,,,,,,,,,,,,0.00025
57,18940,train,0.0351412408053875,0.11231382936239243,0.11702677607536316,0.0,0.006669295486062765,0.006669295486062765,0.0,3.5223941802978516,9.999999747378752e-05,0.029999999329447746,0.029999999329447746,0.029999999329447746,0.0010000000474974513,0.0010000000474974513,0.05839719623327255,0.027569323778152466,0.0,0.0,0.0,0.0,-1.6869370937347412,-1.6869370937347412,1.0,-1.6869370937347412,0.0,-4.3671722412109375,2.2630562782287598,1.0,0.05839719623327255,1.0,0.0,0.0,0.05839719623327255,0.0,0.0,0.027569323778152466,0.0,0.2724306881427765,0.11830019950866699,0.06710658967494965,0.8198265433311462,0.533704936504364,0.0,0.0,0.0,0.0,0.0,0.0,0.0,0.0,1.0,0.0,0.08921566605567932,0.32624292373657227,0.355182945728302,0.022865382954478264,0.0,0.11702677607536316,0.11231382936239243,0.11231382936239243,0.2316361367702484,0.18506719172000885,-3.774098811248905e-10,0.0,0.0,4.179615020751953,4.179615020751953,2.2868032455444336,2.2868032455444336,1.0287107229232788,0.0,0.0,0.0,0.0,0.2724306881427765,0.1426377296447754,0.009126395918428898,0.9305740594863892,0.533704936504364,0.07443321496248245,2.290323257446289,2.283273696899414,2.2868032455444336,2.2243287563323975,2.2630562782287598,0.1621081531047821,0.055115167051553726,1.0,2.241969108581543,2.2647922039031982,2.268749713897705,0.0,0.0,0.0,0.0,0.0,0.0,0.0,,,,,,,,,,,,,,,,,0.00025
57,18960,train,0.01950647309422493,0.10238523036241531,0.10401774197816849,0.0,0.005600562784820795,0.005600562784820795,0.0,3.49487566947937,9.999999747378752e-05,0.029999999329447746,0.029999999329447746,0.029999999329447746,0.0010000000474974513,0.0010000000474974513,0.05011935532093048,0.01635289192199707,0.0,0.0,0.0,0.0,-1.7377713918685913,-1.7377713918685913,1.0,-1.7377713918685913,0.0,-4.458251476287842,2.2739522457122803,1.0,0.05011935532093048,1.0,0.0,0.0,0.05011935532093048,0.0,0.0,0.01635289192199707,0.0,0.316352903842926,0.11835799366235733,0.09207229316234589,0.7971367239952087,0.5760371685028076,0.0,0.0,0.0,0.0,0.0,0.0,0.0,0.0,1.0,0.0,0.07243145257234573,0.29527172446250916,0.3436715602874756,0.02327236719429493,0.0,0.10401774197816849,0.10238523036241531,0.10238523036241531,0.181989848613739,0.12566731870174408,-3.5709712964404616e-11,0.0,0.0,4.030877590179443,4.030877590179443,2.2528316974639893,2.2528316974639893,0.7788093090057373,0.0,0.0,0.0,0.0,0.316352903842926,0.1431111842393875,0.01193736307322979,0.9298959374427795,0.5760371685028076,0.10762868076562881,2.2291760444641113,2.2580103874206543,2.2528316974639893,2.261650562286377,2.2739522457122803,0.1350347101688385,0.050453681498765945,1.0,2.162670850753784,2.222376823425293,2.2508153915405273,0.0,0.0,0.0,0.0,0.0,0.0,0.0,,,,,,,,,,,,,,,,,0.00025
57,18980,train,0.034848153591156006,0.11353360861539841,0.11613526195287704,0.0,0.00653251213952899,0.00653251213952899,0.0,3.4924635887145996,9.999999747378752e-05,0.029999999329447746,0.029999999329447746,0.029999999329447746,0.0010000000474974513,0.0010000000474974513,0.05263721942901611,0.010018497705459595,0.0,0.0,0.0,0.0,-1.7086732387542725,-1.7086732387542725,1.0,-1.7086732387542725,0.0,-4.424417972564697,2.3121774196624756,1.0,0.05263721942901611,1.0,0.0,0.0,0.05263721942901611,0.0,0.0,0.010018497705459595,0.0,0.31001850962638855,0.10239828377962112,0.09703920781612396,0.7714588642120361,0.5799686312675476,0.0,0.0,0.0,0.0,0.0,0.0,0.0,0.0,1.0,0.0,0.08368736505508423,0.30850788950920105,0.35341039299964905,0.02357368916273117,0.0,0.11613526195287704,0.11353360861539841,0.11353360861539841,0.20618446171283722,0.15321753919124603,1.5873514308539782e-11,0.0,0.0,4.115288734436035,4.115288734436035,2.302433490753174,2.302433490753174,0.9027432799339294,0.0,0.0,0.0,0.0,0.31001850962638855,0.12871745228767395,0.01003667525947094,0.9227558374404907,0.5799686312675476,0.08328738063573837,2.288853645324707,2.3038086891174316,2.302433490753174,2.301873207092285,2.3121774196624756,0.1467043161392212,0.05216072499752045,1.0,2.2282910346984863,2.2052855491638184,2.2510550022125244,0.0,0.0,0.0,0.0,0.0,0.0,0.0,,,,,,,,,,,,,,,,,0.00025
57,19000,train,0.02862866036593914,0.10763266682624817,0.10969644039869308,0.0,0.006502749398350716,0.006502749398350716,0.0,3.4934911727905273,9.999999747378752e-05,0.029999999329447746,0.029999999329447746,0.029999999329447746,0.0010000000474974513,0.0010000000474974513,0.05561817064881325,0.008511841297149658,0.0,0.0,0.0,0.0,-1.6925311088562012,-1.6925311088562012,1.0,-1.6925311088562012,0.0,-4.372026443481445,2.3454337120056152,1.0,0.05561817064881325,1.0,0.0,0.0,0.05561817064881325,0.0,0.0,0.008511841297149658,0.0,0.3085118532180786,0.11538474261760712,0.08188001811504364,0.7960280179977417,0.5707299709320068,0.0,0.0,0.0,0.0,0.0,0.0,0.0,0.0,1.0,0.0,0.08508861809968948,0.3169775605201721,0.36286845803260803,0.023720568045973778,0.0,0.10969644039869308,0.10763266682624817,0.10763266682624817,0.2022128701210022,0.15450246632099152,1.681975392298085e-11,0.0,0.0,4.077733516693115,4.077733516693115,2.3554635047912598,2.3554635047912598,0.8828284740447998,0.0,0.0,0.0,0.0,0.3085118532180786,0.14042916893959045,0.0062900688499212265,0.949615478515625,0.5707299709320068,0.09577206522226334,2.319915533065796,2.3639676570892334,2.3554635047912598,2.300267457962036,2.3454337120056152,0.14974342286586761,0.05531705543398857,1.0,2.1613452434539795,2.200294256210327,2.185288190841675,0.0,0.0,0.0,0.0,0.0,0.0,0.0,,,,,,,,,,,,,,,,,0.00025
57,19020,train,0.03234289586544037,0.11280237138271332,0.114961177110672,0.0,0.0065116677433252335,0.0065116677433252335,0.0,3.540855646133423,9.999999747378752e-05,0.029999999329447746,0.029999999329447746,0.029999999329447746,0.0010000000474974513,0.0010000000474974513,0.05580709129571915,0.01462465524673462,0.0,0.0,0.0,0.0,-1.7345263957977295,-1.7345263957977295,1.0,-1.7345263957977295,0.0,-4.467535972595215,2.2722907066345215,1.0,0.05580709129571915,1.0,0.0,0.0,0.05580709129571915,0.0,0.0,0.01462465524673462,0.0,0.3146246671676636,0.11685794591903687,0.08198437094688416,0.8209080696105957,0.5756531357765198,0.0,0.0,0.0,0.0,0.0,0.0,0.0,0.0,1.0,0.0,0.07263252139091492,0.3035939335823059,0.3400138318538666,0.022082993760704994,0.0,0.114961177110672,0.11280237138271332,0.11280237138271332,0.2212105542421341,0.17605288326740265,-1.4868829778524884e-10,0.0,0.0,4.1239013671875,4.1239013671875,2.226440191268921,2.226440191268921,0.9666245579719543,0.0,0.0,0.0,0.0,0.3146246671676636,0.1414770632982254,0.0069069345481693745,0.9346716403961182,0.5756531357765198,0.10675551742315292,2.2101616859436035,2.2281689643859863,2.226440191268921,2.266860008239746,2.2722907066345215,0.14179904758930206,0.05002371221780777,1.0,2.126164674758911,2.211148262023926,2.212571144104004,0.0,0.0,0.0,0.0,0.0,0.0,0.0,,,,,,,,,,,,,,,,,0.00025
57,19038,train_epoch,0.030063475247940976,0.10934647507296351,0.1120463841689561,0.0,0.006559893285331434,0.006559893285331434,0.0,3.5277712366538134,9.999999747378752e-05,0.029999999329447746,0.029999999329447746,0.029999999329447746,0.0010000000474974513,0.0010000000474974513,0.0566837145740579,0.010094381645767989,0.0,0.0,0.0,0.0,-1.7051438567881099,-1.7051438567881099,1.0,-1.7051438567881099,0.0,-4.403936139123882,2.307234769809746,1.0,0.0566837145740579,1.0,0.0,0.0,0.0566837145740579,0.0,0.0,0.010094381645767989,0.0,0.2994483946683164,0.11019312423057184,0.0774965705182738,0.7755599385963943,0.564158928430009,0.0,0.0,0.0,0.0,0.0,0.0,0.0,0.0,1.0,0.0,0.08177574382659918,0.31374462466396974,0.35322989791096326,0.022661587284755206,0.0,0.1120463841689561,0.10934647507296351,0.10934647507296351,0.20869190357402415,0.15449401510957472,-3.591579768161746e-11,0.0,0.0,4.118506652152467,4.1185066542939515,2.296916112214505,2.296916112214505,0.9171399420606876,0.0,0.0,0.0,0.0,0.2994483908314905,0.13706888842903925,0.009894777833857758,0.9307632414166799,0.564158928430009,0.08439183706964204,2.275231036597383,2.30149246761185,2.296916112214505,2.2886449362703427,2.307234769809746,0.14846065649372375,0.05336944405324088,1.0,2.2361299085046005,2.2361534155771405,2.2364980560576844,0.0,0.0,0.0,0.0,0.0,0.0,0.0,,,,,,,,,,,,,,,,,0.00025
57,19038,val,,,,,,,,,,,,,,,,,,,,,,,,,,,,,,,,,,,,,,,,,,,,,,,,,,,,,,,,,,,,,,,,,,,,,,,,,,,,,,,,,,,,,,,,,,,,,,,,,,,16.62670037123534,694.6634052723377,26.356467996913732,11.975686116261524,16.028869143477433,24.833261306282743,11.917148521354607,16.60718919994595,26.3296733165463,11.772938474878535,17.774823498081517,28.817373020484823,12.309660370285446,16.62670037123534,26.356467996913732,11.975686116261524,0.00025
58,19040,train,0.026424478739500046,0.10498587042093277,0.10748596489429474,0.0,0.006258474662899971,0.006258474662899971,0.0,3.491015911102295,9.999999747378752e-05,0.029999999329447746,0.029999999329447746,0.029999999329447746,0.0010000000474974513,0.0010000000474974513,0.05566137284040451,0.019146859645843506,0.0,0.0,0.0,0.0,-1.677837610244751,-1.677837610244751,1.0,-1.677837610244751,0.0,-4.348475456237793,2.354306221008301,1.0,0.05566137284040451,1.0,0.0,0.0,0.05566137284040451,0.0,0.0,0.019146859645843506,0.0,0.28085318207740784,0.11649960279464722,0.06557738035917282,0.862555205821991,0.543308675289154,0.0,0.0,0.0,0.0,0.0,0.0,0.0,0.0,1.0,0.0,0.08702774345874786,0.3272744119167328,0.3603226840496063,0.02373717911541462,0.0,0.10748596489429474,0.10498587042093277,0.10498587042093277,0.19242535531520844,0.129558727145195,2.4069368720347484e-10,0.0,0.0,4.081575870513916,4.081575870513916,2.3537607192993164,2.3537607192993164,0.8472126722335815,0.0,0.0,0.0,0.0,0.28085315227508545,0.14144563674926758,0.007744514383375645,0.9269831776618958,0.543308675289154,0.07354473322629929,2.316864013671875,2.3612546920776367,2.3537607192993164,2.3335835933685303,2.354306221008301,0.14810550212860107,0.05494853854179382,1.0,2.278905153274536,2.2927939891815186,2.2732884883880615,0.0,0.0,0.0,0.0,0.0,0.0,0.0,,,,,,,,,,,,,,,,,0.00025
58,19060,train,0.03156140446662903,0.11207423359155655,0.11504737287759781,0.0,0.006803121883422136,0.006803121883422136,0.0,3.5415360927581787,9.999999747378752e-05,0.029999999329447746,0.029999999329447746,0.029999999329447746,0.0010000000474974513,0.0010000000474974513,0.06091848760843277,0.02335795760154724,0.0,0.0,0.0,0.0,-1.7360804080963135,-1.7360804080963135,1.0,-1.7360804080963135,0.0,-4.450338840484619,2.2524702548980713,1.0,0.06091848760843277,1.0,0.0,0.0,0.06091848760843277,0.0,0.0,0.02335795760154724,0.0,0.3233579695224762,0.11720315366983414,0.07474324107170105,0.8228460550308228,0.5811624526977539,0.0,0.0,0.0,0.0,0.0,0.0,0.0,0.0,1.0,0.0,0.08340394496917725,0.3147194981575012,0.3501184284687042,0.022322608157992363,0.0,0.11504737287759781,0.11207423359155655,0.11207423359155655,0.23273064196109772,0.1814476102590561,6.930969131957454e-10,0.0,0.0,4.126453399658203,4.126453399658203,2.272735595703125,2.272735595703125,1.0193647146224976,0.0,0.0,0.0,0.0,0.3233579695224762,0.14366556704044342,0.00941123254597187,0.958997368812561,0.5811624526977539,0.11250000447034836,2.2590651512145996,2.2760536670684814,2.272735595703125,2.238407611846924,2.2524702548980713,0.1516159325838089,0.053234584629535675,1.0,2.039414644241333,2.139442205429077,2.084954261779785,0.0,0.0,0.0,0.0,0.0,0.0,0.0,,,,,,,,,,,,,,,,,0.00025
58,19080,train,0.020946089178323746,0.1016046404838562,0.10375993698835373,0.0,0.006084001623094082,0.006084001623094082,0.0,3.5023717880249023,9.999999747378752e-05,0.029999999329447746,0.029999999329447746,0.029999999329447746,0.0010000000474974513,0.0010000000474974513,0.05963929742574692,0.027467727661132812,0.0,0.0,0.0,0.0,-1.7005068063735962,-1.7005068063735962,1.0,-1.7005068063735962,0.0,-4.398332595825195,2.269493579864502,1.0,0.05963929742574692,1.0,0.0,0.0,0.05963929742574692,0.0,0.0,0.027467727661132812,0.0,0.2725323438644409,0.11284313350915909,0.06995631754398346,0.7782481908798218,0.5379296541213989,0.0,0.0,0.0,0.0,0.0,0.0,0.0,0.0,1.0,0.0,0.08207739889621735,0.3170052468776703,0.351671427488327,0.023191627115011215,0.0,0.10375993698835373,0.1016046404838562,0.1016046404838562,0.19968324899673462,0.1337837129831314,9.371971254612532e-11,0.0,0.0,4.069106101989746,4.069106101989746,2.289454698562622,2.289454698562622,0.8636848330497742,0.0,0.0,0.0,0.0,0.27253228425979614,0.13606949150562286,0.008632577024400234,0.9421693086624146,0.5379296541213989,0.06034007668495178,2.2785050868988037,2.2902517318725586,2.289454698562622,2.2503812313079834,2.269493579864502,0.1458595097064972,0.05461021512746811,1.0,2.275310516357422,2.3523426055908203,2.2934165000915527,0.0,0.0,0.0,0.0,0.0,0.0,0.0,,,,,,,,,,,,,,,,,0.00025
58,19100,train,0.03457529470324516,0.11385771632194519,0.11728288233280182,0.0,0.007222567219287157,0.007222567219287157,0.0,3.563978433609009,9.999999747378752e-05,0.029999999329447746,0.029999999329447746,0.029999999329447746,0.0010000000474974513,0.0010000000474974513,0.061003416776657104,0.012410372495651245,0.0,0.0,0.0,0.0,-1.72309148311615,-1.72309148311615,1.0,-1.72309148311615,0.0,-4.432126045227051,2.2539260387420654,1.0,0.061003416776657104,1.0,0.0,0.0,0.061003416776657104,0.0,0.0,0.012410372495651245,0.0,0.3124103844165802,0.10762599855661392,0.10325263440608978,0.7861902713775635,0.5759120583534241,0.0,0.0,0.0,0.0,0.0,0.0,0.0,0.0,1.0,0.0,0.07492174953222275,0.3162991404533386,0.34487444162368774,0.021644048392772675,0.0,0.11728288233280182,0.11385771632194519,0.11385771632194519,0.22471122443675995,0.17576512694358826,-3.422768735106274e-10,0.0,0.0,4.221756458282471,4.221756458282471,2.24088454246521,2.24088454246521,1.0062004327774048,0.0,0.0,0.0,0.0,0.3124103844165802,0.13740289211273193,0.005588806699961424,0.9074822664260864,0.5759120583534241,0.09355086088180542,2.2263762950897217,2.2443647384643555,2.24088454246521,2.2470455169677734,2.2539260387420654,0.14779306948184967,0.05128980800509453,1.0,2.3841490745544434,2.219789981842041,2.23655366897583,0.0,0.0,0.0,0.0,0.0,0.0,0.0,,,,,,,,,,,,,,,,,0.00025
58,19120,train,0.030150773003697395,0.10871833562850952,0.1111748069524765,0.0,0.006678554229438305,0.006678554229438305,0.0,3.5578083992004395,9.999999747378752e-05,0.029999999329447746,0.029999999329447746,0.029999999329447746,0.0010000000474974513,0.0010000000474974513,0.05807788670063019,0.00026926398277282715,0.0,0.0,0.0,0.0,-1.6902835369110107,-1.6902835369110107,1.0,-1.6902835369110107,0.0,-4.390261650085449,2.3599817752838135,1.0,0.05807788670063019,1.0,0.0,0.0,0.05807788670063019,0.0,0.0,0.00026926398277282715,0.0,0.3002692759037018,0.11154204607009888,0.05514957010746002,0.7690448760986328,0.5660853385925293,0.0,0.0,0.0,0.0,0.0,0.0,0.0,0.0,1.0,0.0,0.08480177074670792,0.32295963168144226,0.35824793577194214,0.022031601518392563,0.0,0.1111748069524765,0.10871833562850952,0.10871833562850952,0.21468570828437805,0.15352636575698853,2.8992058753729566e-10,0.0,0.0,4.058712482452393,4.058712482452393,2.3320438861846924,2.3320438861846924,0.9358611106872559,0.0,0.0,0.0,0.0,0.3002692759037018,0.13667799532413483,0.01023954153060913,0.9471354484558105,0.5660853385925293,0.08673407137393951,2.3005034923553467,2.3391005992889404,2.3320438861846924,2.339707374572754,2.3599817752838135,0.15069937705993652,0.053449105471372604,1.0,2.1168699264526367,2.1903445720672607,2.2253530025482178,0.0,0.0,0.0,0.0,0.0,0.0,0.0,,,,,,,,,,,,,,,,,0.00025
58,19140,train,0.025668736547231674,0.10384642332792282,0.10675060749053955,0.0,0.006365899462252855,0.006365899462252855,0.0,3.503544330596924,9.999999747378752e-05,0.029999999329447746,0.029999999329447746,0.029999999329447746,0.0010000000474974513,0.0010000000474974513,0.05256849154829979,0.00651019811630249,0.0,0.0,0.0,0.0,-1.6688036918640137,-1.6688036918640137,1.0,-1.6688036918640137,0.0,-4.3400068283081055,2.36460018157959,1.0,0.05256849154829979,1.0,0.0,0.0,0.05256849154829979,0.0,0.0,0.00651019811630249,0.0,0.30651021003723145,0.11431477963924408,0.09138453006744385,0.8023239374160767,0.5679934620857239,0.0,0.0,0.0,0.0,0.0,0.0,0.0,0.0,1.0,0.0,0.0918010026216507,0.3272935152053833,0.3681419789791107,0.023482192307710648,0.0,0.10675060749053955,0.10384642332792282,0.10384642332792282,0.20144689083099365,0.14012154936790466,1.2423857775889502e-10,0.0,0.0,4.052574157714844,4.052574157714844,2.396974563598633,2.396974563598633,0.870934009552002,0.0,0.0,0.0,0.0,0.30651021003723145,0.14157865941524506,0.012758046388626099,0.9557040333747864,0.5679934620857239,0.09662991017103195,2.3573524951934814,2.409315347671509,2.396974563598633,2.3469643592834473,2.36460018157959,0.15232831239700317,0.05626540631055832,1.0,2.3011627197265625,2.2741219997406006,2.1915040016174316,0.0,0.0,0.0,0.0,0.0,0.0,0.0,,,,,,,,,,,,,,,,,0.00025
58,19160,train,0.024979978799819946,0.10547041147947311,0.10768114030361176,0.0,0.006845738273113966,0.006845738273113966,0.0,3.492123603820801,9.999999747378752e-05,0.029999999329447746,0.029999999329447746,0.029999999329447746,0.0010000000474974513,0.0010000000474974513,0.0581575371325016,0.003917962312698364,0.0,0.0,0.0,0.0,-1.7107219696044922,-1.7107219696044922,1.0,-1.7107219696044922,0.0,-4.389232158660889,2.3366241455078125,1.0,0.0581575371325016,1.0,0.0,0.0,0.0581575371325016,0.0,0.0,0.003917962312698364,0.0,0.3039180040359497,0.10392981022596359,0.0779036357998848,0.8256036043167114,0.5749004483222961,0.0,0.0,0.0,0.0,0.0,0.0,0.0,0.0,1.0,0.0,0.08650944381952286,0.32116997241973877,0.3596310317516327,0.023605545982718468,0.0,0.10768114030361176,0.10547041147947311,0.10547041147947311,0.21274001896381378,0.15985314548015594,-1.6492765486653127e-10,0.0,0.0,4.094781875610352,4.094781875610352,2.3445427417755127,2.3445427417755127,0.9254012107849121,0.0,0.0,0.0,0.0,0.3039179742336273,0.12752099335193634,0.016019852831959724,0.9153923392295837,0.5749004483222961,0.07159926742315292,2.314112901687622,2.3517518043518066,2.3445427417755127,2.292921781539917,2.3366241455078125,0.1491365283727646,0.05470498278737068,1.0,2.218705177307129,2.2348155975341797,2.2228848934173584,0.0,0.0,0.0,0.0,0.0,0.0,0.0,,,,,,,,,,,,,,,,,0.00025
58,19180,train,0.030430031940340996,0.11019639670848846,0.11193424463272095,0.0,0.006175097078084946,0.006175097078084946,0.0,3.489201545715332,9.999999747378752e-05,0.029999999329447746,0.029999999329447746,0.029999999329447746,0.0010000000474974513,0.0010000000474974513,0.05599885433912277,0.01658773422241211,0.0,0.0,0.0,0.0,-1.7126662731170654,-1.7126662731170654,1.0,-1.7126662731170654,0.0,-4.435108661651611,2.358764886856079,1.0,0.05599885433912277,1.0,0.0,0.0,0.05599885433912277,0.0,0.0,0.01658773422241211,0.0,0.31658774614334106,0.11541692167520523,0.0997692346572876,0.7906811237335205,0.5760290026664734,0.0,0.0,0.0,0.0,0.0,0.0,0.0,0.0,1.0,0.0,0.07824151962995529,0.29417842626571655,0.356741726398468,0.023550910875201225,0.0,0.11193424463272095,0.11019639670848846,0.11019639670848846,0.1907740980386734,0.12565141916275024,-1.6823591131309712e-10,0.0,0.0,4.1092634201049805,4.1092634201049805,2.347083568572998,2.347083568572998,0.8373294472694397,0.0,0.0,0.0,0.0,0.31658774614334106,0.14286471903324127,0.014197123236954212,0.9367131590843201,0.5760290026664734,0.10643383115530014,2.312183380126953,2.353977680206299,2.347083568572998,2.3594305515289307,2.358764886856079,0.14134180545806885,0.05232628062367439,1.0,2.2275390625,2.207608699798584,2.251411199569702,0.0,0.0,0.0,0.0,0.0,0.0,0.0,,,,,,,,,,,,,,,,,0.00025
58,19200,train,0.023948220536112785,0.10483545064926147,0.10669240355491638,0.0,0.00642406614497304,0.00642406614497304,0.0,3.5080740451812744,9.999999747378752e-05,0.029999999329447746,0.029999999329447746,0.029999999329447746,0.0010000000474974513,0.0010000000474974513,0.05774441361427307,2.205371856689453e-06,0.0,0.0,0.0,0.0,-1.7137830257415771,-1.7137830257415771,1.0,-1.7137830257415771,0.0,-4.415912628173828,2.299255847930908,1.0,0.05774441361427307,1.0,0.0,0.0,0.05774441361427307,0.0,0.0,2.205371856689453e-06,0.0,0.2999977767467499,0.11327274143695831,0.06371363997459412,0.7775034308433533,0.5609780550003052,0.0,0.0,0.0,0.0,0.0,0.0,0.0,0.0,1.0,0.0,0.07723286747932434,0.30912166833877563,0.3567037284374237,0.02309601940214634,0.0,0.10669240355491638,0.10483545064926147,0.10483545064926147,0.19559402763843536,0.13728055357933044,-7.282835445820979e-11,0.0,0.0,4.088752746582031,4.0887532234191895,2.3284687995910645,2.3284687995910645,0.8544465899467468,0.0,0.0,0.0,0.0,0.29999780654907227,0.14218147099018097,0.0024485294707119465,0.9319775700569153,0.5609780550003052,0.08820465952157974,2.2911646366119385,2.3367271423339844,2.3284687995910645,2.2907721996307373,2.299255847930908,0.14298062026500702,0.05265378579497337,1.0,2.329596519470215,2.288393974304199,2.292091131210327,0.0,0.0,0.0,0.0,0.0,0.0,0.0,,,,,,,,,,,,,,,,,0.00025
58,19220,train,0.032386746257543564,0.10964921116828918,0.11214829981327057,0.0,0.007050924468785524,0.007050924468785524,0.0,3.4960412979125977,9.999999747378752e-05,0.029999999329447746,0.029999999329447746,0.029999999329447746,0.0010000000474974513,0.0010000000474974513,0.05187760293483734,0.005603045225143433,0.0,0.0,0.0,0.0,-1.6718456745147705,-1.6718456745147705,1.0,-1.6718456745147705,0.0,-4.363844394683838,2.342519760131836,1.0,0.05187760293483734,1.0,0.0,0.0,0.05187760293483734,0.0,0.0,0.005603045225143433,0.0,0.3056030571460724,0.10876211524009705,0.08494698256254196,0.7770802974700928,0.5723761320114136,0.0,0.0,0.0,0.0,0.0,0.0,0.0,0.0,1.0,0.0,0.0756852775812149,0.31555646657943726,0.35649967193603516,0.023590559139847755,0.0,0.11214829981327057,0.10964921116828918,0.10964921116828918,0.1966889202594757,0.13773420453071594,-2.238732532688914e-10,0.0,0.0,4.045593738555908,4.045593738555908,2.330524444580078,2.330524444580078,0.8478900194168091,0.0,0.0,0.0,0.0,0.3056030571460724,0.13429918885231018,0.007356013637036085,0.9185584187507629,0.5723761320114136,0.08362439274787903,2.2970926761627197,2.3387107849121094,2.330524444580078,2.305541753768921,2.342519760131836,0.147710382938385,0.053816162049770355,1.0,2.2754037380218506,2.204029083251953,2.2462823390960693,0.0,0.0,0.0,0.0,0.0,0.0,0.0,,,,,,,,,,,,,,,,,0.00025
58,19240,train,0.0263250432908535,0.10873182862997055,0.11025397479534149,0.0,0.006365306209772825,0.006365306209772825,0.0,3.533302068710327,9.999999747378752e-05,0.029999999329447746,0.029999999329447746,0.029999999329447746,0.0010000000474974513,0.0010000000474974513,0.05519433319568634,0.004624605178833008,0.0,0.0,0.0,0.0,-1.7510281801223755,-1.7510281801223755,1.0,-1.7510281801223755,0.0,-4.489017486572266,2.221792221069336,1.0,0.05519433319568634,1.0,0.0,0.0,0.05519433319568634,0.0,0.0,0.004624605178833008,0.0,0.30462461709976196,0.11436254531145096,0.06998776644468307,0.7734310030937195,0.5677297711372375,0.0,0.0,0.0,0.0,0.0,0.0,0.0,0.0,1.0,0.0,0.07774298638105392,0.3067440390586853,0.3419671952724457,0.02236970141530037,0.0,0.11025397479534149,0.10873182862997055,0.10873182862997055,0.20832084119319916,0.16524472832679749,5.322030594001603e-10,0.0,0.0,4.140765190124512,4.140765190124512,2.2368075847625732,2.2368075847625732,0.9170672297477722,0.0,0.0,0.0,0.0,0.30462461709976196,0.13887189328670502,0.0037355090025812387,0.9393672943115234,0.5677297711372375,0.0901501253247261,2.2096221446990967,2.2417821884155273,2.2368075847625732,2.207103729248047,2.221792221069336,0.14009691774845123,0.0509401373565197,1.0,2.1935839653015137,2.1383755207061768,2.143336772918701,0.0,0.0,0.0,0.0,0.0,0.0,0.0,,,,,,,,,,,,,,,,,0.00025
58,19260,train,0.021512186154723167,0.10188953578472137,0.10434743762016296,0.0,0.006597338244318962,0.006597338244318962,0.0,3.5168449878692627,9.999999747378752e-05,0.029999999329447746,0.029999999329447746,0.029999999329447746,0.0010000000474974513,0.0010000000474974513,0.05320867896080017,0.026370584964752197,0.0,0.0,0.0,0.0,-1.6979336738586426,-1.6979336738586426,1.0,-1.6979336738586426,0.0,-4.38046932220459,2.280198812484741,1.0,0.05320867896080017,1.0,0.0,0.0,0.05320867896080017,0.0,0.0,0.026370584964752197,0.0,0.27362942695617676,0.10650297999382019,0.06478724628686905,0.7639645338058472,0.544309675693512,0.0,0.0,0.0,0.0,0.0,0.0,0.0,0.0,1.0,0.0,0.07926679402589798,0.3223309814929962,0.35373902320861816,0.022899437695741653,0.0,0.10434743762016296,0.10188953578472137,0.10188953578472137,0.21081006526947021,0.16140718758106232,-3.2406941019580415e-10,0.0,0.0,4.0896196365356445,4.0896196365356445,2.2864186763763428,2.2864186763763428,0.9138687252998352,0.0,0.0,0.0,0.0,0.27362942695617676,0.12925086915493011,0.01170412264764309,0.9246674180030823,0.544309675693512,0.05543811619281769,2.259282350540161,2.292710304260254,2.2864186763763428,2.241121530532837,2.280198812484741,0.14925755560398102,0.05407340079545975,1.0,2.2095139026641846,2.2528181076049805,2.2177815437316895,0.0,0.0,0.0,0.0,0.0,0.0,0.0,,,,,,,,,,,,,,,,,0.00025
58,19280,train,0.02909376099705696,0.10981743037700653,0.11199947446584702,0.0,0.006443515419960022,0.006443515419960022,0.0,3.532924175262451,9.999999747378752e-05,0.029999999329447746,0.029999999329447746,0.029999999329447746,0.0010000000474974513,0.0010000000474974513,0.05704529210925102,0.010751664638519287,0.0,0.0,0.0,0.0,-1.7289658784866333,-1.7289658784866333,1.0,-1.7289658784866333,0.0,-4.448103904724121,2.2647812366485596,1.0,0.05704529210925102,1.0,0.0,0.0,0.05704529210925102,0.0,0.0,0.010751664638519287,0.0,0.31075167655944824,0.11279881745576859,0.09032358974218369,0.74627685546875,0.5738162994384766,0.0,0.0,0.0,0.0,0.0,0.0,0.0,0.0,1.0,0.0,0.07841663062572479,0.3134225010871887,0.3462907075881958,0.022346189245581627,0.0,0.11199947446584702,0.10981743037700653,0.10981743037700653,0.20784249901771545,0.1584346443414688,-5.670668795643152e-11,0.0,0.0,4.120423316955566,4.120423316955566,2.2677013874053955,2.2677013874053955,0.9116945266723633,0.0,0.0,0.0,0.0,0.31075167655944824,0.13788801431655884,0.006106197834014893,0.9351994395256042,0.5738162994384766,0.09303002804517746,2.244293212890625,2.270732879638672,2.2677013874053955,2.246288299560547,2.2647812366485596,0.14396587014198303,0.05128096416592598,1.0,2.16947603225708,2.22110652923584,2.228661060333252,0.0,0.0,0.0,0.0,0.0,0.0,0.0,,,,,,,,,,,,,,,,,0.00025
58,19300,train,0.03657644987106323,0.1122995987534523,0.11499214172363281,0.0,0.007325055543333292,0.007325055543333292,0.0,3.5396931171417236,9.999999747378752e-05,0.029999999329447746,0.029999999329447746,0.029999999329447746,0.0010000000474974513,0.0010000000474974513,0.05405299738049507,0.002854287624359131,0.0,0.0,0.0,0.0,-1.6558700799942017,-1.6558700799942017,1.0,-1.6558700799942017,0.0,-4.333359718322754,2.2963218688964844,1.0,0.05405299738049507,1.0,0.0,0.0,0.05405299738049507,0.0,0.0,0.002854287624359131,0.0,0.2971457242965698,0.11247052997350693,0.07535143196582794,0.7680303454399109,0.5588284730911255,0.0,0.0,0.0,0.0,0.0,0.0,0.0,0.0,1.0,0.0,0.08402810245752335,0.32877081632614136,0.36194777488708496,0.02255363203585148,0.0,0.11499214172363281,0.1122995987534523,0.1122995987534523,0.2113095074892044,0.15895846486091614,-1.9650603366727637e-10,0.0,0.0,4.152884483337402,4.152884483337402,2.3307790756225586,2.3307790756225586,0.9374573826789856,0.0,0.0,0.0,0.0,0.2971457242965698,0.141351580619812,0.006861437577754259,0.9262498617172241,0.5588284730911255,0.0850643441081047,2.295898199081421,2.3415703773498535,2.3307790756225586,2.257443428039551,2.2963218688964844,0.15303967893123627,0.054624345153570175,1.0,2.430814504623413,2.229567527770996,2.3063764572143555,0.0,0.0,0.0,0.0,0.0,0.0,0.0,,,,,,,,,,,,,,,,,0.00025
58,19320,train,0.0324239507317543,0.11176176369190216,0.11493407934904099,0.0,0.006473078392446041,0.006473078392446041,0.0,3.5506417751312256,9.999999747378752e-05,0.029999999329447746,0.029999999329447746,0.029999999329447746,0.0010000000474974513,0.0010000000474974513,0.0564006082713604,0.005669832229614258,0.0,0.0,0.0,0.0,-1.7155992984771729,-1.7155992984771729,1.0,-1.7155992984771729,0.0,-4.417369842529297,2.26613450050354,1.0,0.0564006082713604,1.0,0.0,0.0,0.0564006082713604,0.0,0.0,0.005669832229614258,0.0,0.2943302094936371,0.09953848272562027,0.09336286038160324,0.7839090824127197,0.5646148324012756,0.0,0.0,0.0,0.0,0.0,0.0,0.0,0.0,1.0,0.0,0.07588566094636917,0.3133094310760498,0.3440912663936615,0.022016219794750214,0.0,0.11493407934904099,0.11176176369190216,0.11176176369190216,0.23454774916172028,0.1906156986951828,-4.011023110872536e-11,0.0,0.0,4.181447982788086,4.181447982788086,2.228640556335449,2.228640556335449,1.0288505554199219,0.0,0.0,0.0,0.0,0.2943301796913147,0.12991748750209808,0.011230292730033398,0.9435442090034485,0.5646148324012756,0.06930147111415863,2.212606430053711,2.233748197555542,2.228640556335449,2.2558157444000244,2.26613450050354,0.14481250941753387,0.05039519816637039,1.0,2.314577102661133,2.2529938220977783,2.245145082473755,0.0,0.0,0.0,0.0,0.0,0.0,0.0,,,,,,,,,,,,,,,,,0.00025
58,19340,train,0.03406795114278793,0.11324836313724518,0.11594660580158234,0.0,0.006963307503610849,0.006963307503610849,0.0,3.535989999771118,9.999999747378752e-05,0.029999999329447746,0.029999999329447746,0.029999999329447746,0.0010000000474974513,0.0010000000474974513,0.054244264960289,0.029512614011764526,0.0,0.0,0.0,0.0,-1.7169331312179565,-1.7169331312179565,1.0,-1.7169331312179565,0.0,-4.423468112945557,2.2618706226348877,1.0,0.054244264960289,1.0,0.0,0.0,0.054244264960289,0.0,0.0,0.029512614011764526,0.0,0.3295126259326935,0.11536027491092682,0.10666852444410324,0.8004791140556335,0.5864372849464417,0.0,0.0,0.0,0.0,0.0,0.0,0.0,0.0,1.0,0.0,0.0791533812880516,0.31057268381118774,0.34788021445274353,0.02238505519926548,0.0,0.11594660580158234,0.11324836313724518,0.11324836313724518,0.21006961166858673,0.16397099196910858,-3.5966599143399947e-10,0.0,0.0,4.1427001953125,4.1427001953125,2.2563164234161377,2.2563164234161377,0.9357835650444031,0.0,0.0,0.0,0.0,0.3295126259326935,0.14263075590133667,0.01099925022572279,0.9555874466896057,0.5864372849464417,0.11807598918676376,2.240025520324707,2.2601418495178223,2.2563164234161377,2.2430198192596436,2.2618706226348877,0.14877411723136902,0.052138540893793106,1.0,2.270759105682373,2.1942145824432373,2.2416634559631348,0.0,0.0,0.0,0.0,0.0,0.0,0.0,,,,,,,,,,,,,,,,,0.00025
58,19360,train,0.0325472392141819,0.11100668460130692,0.11377125978469849,0.0,0.0068343146704137325,0.0068343146704137325,0.0,3.5400071144104004,9.999999747378752e-05,0.029999999329447746,0.029999999329447746,0.029999999329447746,0.0010000000474974513,0.0010000000474974513,0.053441885858774185,0.005517452955245972,0.0,0.0,0.0,0.0,-1.6971946954727173,-1.6971946954727173,1.0,-1.6971946954727173,0.0,-4.38196325302124,2.363396167755127,1.0,0.053441885858774185,1.0,0.0,0.0,0.053441885858774185,0.0,0.0,0.005517452955245972,0.0,0.294482558965683,0.10304263979196548,0.07664255052804947,0.7783960103988647,0.5659375190734863,0.0,0.0,0.0,0.0,0.0,0.0,0.0,0.0,1.0,0.0,0.07895911484956741,0.31352952122688293,0.3567686378955841,0.02230237051844597,0.0,0.11377125978469849,0.11100668460130692,0.11100668460130692,0.21003690361976624,0.15395130217075348,4.916151166711735e-11,0.0,0.0,4.124220848083496,4.124220848083496,2.324920654296875,2.324920654296875,0.9241319894790649,0.0,0.0,0.0,0.0,0.294482558965683,0.12875470519065857,0.010836761444807053,0.9717308878898621,0.5659375190734863,0.06917892396450043,2.3029448986053467,2.3277955055236816,2.324920654296875,2.349133253097534,2.363396167755127,0.14687535166740417,0.0515989325940609,1.0,2.2616796493530273,2.242098569869995,2.2456564903259277,0.0,0.0,0.0,0.0,0.0,0.0,0.0,,,,,,,,,,,,,,,,,0.00025
58,19372,train_epoch,0.030138282515220122,0.10932793200551393,0.11197903000576767,0.0,0.006568565691436479,0.006568565691436479,0.0,3.5246514495975245,9.999999747378752e-05,0.029999999329447746,0.029999999329447746,0.029999999329447746,0.0010000000474974513,0.0010000000474974513,0.056463934693061664,0.010851571124470877,0.0,0.0,0.0,0.0,-1.7033715929813729,-1.7033715929813729,1.0,-1.7033715929813729,0.0,-4.400178922150663,2.3065952198234148,1.0,0.056463934693061664,1.0,0.0,0.0,0.056463934693061664,0.0,0.0,0.010851571124470877,0.0,0.2985571097292586,0.10999344601602612,0.07548261956941939,0.7826955957327061,0.5634357010176082,0.0,0.0,0.0,0.0,0.0,0.0,0.0,0.0,1.0,0.0,0.08011006914123804,0.31433677298580104,0.3529539733768223,0.022719835968476213,0.0,0.11197903000576767,0.10932793200551393,0.10932793200551393,0.20946415968819293,0.15574834266019438,-1.077866244440601e-11,0.0,0.0,4.119739514625001,4.119739511055861,2.29569259874835,2.29569259874835,0.9206684619009852,0.0,0.0,0.0,0.0,0.29855710482169057,0.13683048102580858,0.00928307758521534,0.9372943370285148,0.5634357010176082,0.08280365308467856,2.2729417178445233,2.300489649087369,2.29569259874835,2.2876720050137913,2.3065952198234148,0.1478003598972709,0.052932379678070185,1.0,2.2350858303601155,2.2346014384024158,2.2349386079582625,0.0,0.0,0.0,0.0,0.0,0.0,0.0,,,,,,,,,,,,,,,,,0.00025
